0 ~Duplo Arm  3L with Locking Ring Quarter
0 Name: s\21996s02.dat
0 Author: Philippe Hurbain [Philo]
0 !LDRAW_ORG Unofficial_Subpart 
0 !LICENSE Redistributable under CCAL version 2.0 : see CAreadme.txt

0 BFC CERTIFY CCW

0 !HISTORY 2020-12-12 {LEGO/Unity Microgame} Original part shape
0 !HISTORY 2021-01-31 [Philo] File preparation for LDraw Parts Tracker

1 16 21 0 0 0 -1 0 0 0 19 -19 0 0 48\2-4aring.dat
1 16 21 0 0 0 -1 0 0 0 19 -19 0 0 48\2-4edge.dat
1 16 21 0 0 0 -1.2 0 0 0 19 -19 0 0 48\2-4cyli.dat
1 16 0 0 0 1 0 0 0 1 0 0 0 1 s\21996s01.dat
1 16 0 0 0 1 0 0 0 0.96593 -0.25882 0 0.25882 0.96593 s\21996s01.dat
1 16 0 0 0 1 0 0 0 0.86603 -0.5 0 0.5 0.86603 s\21996s01.dat
1 16 0 0 0 1 0 0 0 0.70711 -0.70711 0 0.70711 0.70711 s\21996s01.dat
1 16 0 0 0 1 0 0 0 0.5 -0.86603 0 0.86603 0.5 s\21996s01.dat
1 16 0 0 0 1 0 0 0 0.25882 -0.96593 0 0.96593 0.25882 s\21996s01.dat
1 16 0 0 0 1 0 0 0 0 -1 0 1 0 s\21996s01.dat
1 16 0 0 0 1 0 0 0 0.25882 0.96593 0 -0.96593 0.25882 s\21996s01.dat
1 16 0 0 0 1 0 0 0 0.5 0.86603 0 -0.86603 0.5 s\21996s01.dat
1 16 0 0 0 1 0 0 0 0.70711 0.70711 0 -0.70711 0.70711 s\21996s01.dat
1 16 0 0 0 1 0 0 0 0.86603 0.5 0 -0.5 0.86603 s\21996s01.dat
1 16 0 0 0 1 0 0 0 0.96593 0.25882 0 -0.25882 0.96593 s\21996s01.dat
1 16 40 0 120 0 -13.5 0 0 0 19 -19 0 0 1-8cylo.dat
0 BFC INVERTNEXT
1 16 40 0 120 0 -13.5 0 0 0 15.2 -15.2 0 0 1-4cylo.dat
1 16 40 0 120 0 -1 0 0 0 3.8 -3.8 0 0 3-8ring4.dat
1 16 22.5 0 120 0 17.5 0 19 0 0 0 0 19 1-8cylo.dat
1 16 25 0 34 0 -5.2 0 0 0 5 -5 0 0 1-4cylo.dat
1 16 25 0 34 0 -1 0 0 0 5 -5 0 0 1-4chrd.dat
1 16 25 0 46 0 15 0 0 0 5 -5 -1 0 1-8con1.dat
1 16 25 0 46 0 1 0 0 0 10 -10 0 0 1-16edge.dat
1 16 40 0 45 0 1 0 0 0 5 -5 0 0 1-8edge.dat
1 16 40 0 45 0 -1 0 0 0 5 -5 0 0 1-8chrd.dat
1 16 25 0 46 0 -5.2 0 3.82683 0 9.2388 -9.2388 0 3.82683 1-16cyli.dat
1 16 19.8 0 46 0 -1 0 3.82683 0 9.2388 -9.2388 0 3.82683 1-16edge.dat
2 24 25 19 51.5597 40 19 57.8387
4 16 40 3.5355 41.4645 25 7.071 38.929 25 19 51.5597 40 19 57.8387
1 16 17.8 17.04583 35.8527 -2 0 0 0.00115 -1 0.00115 0.001 0 13.639 rect.dat
4 16 25 19 51.5597 25 7.071 38.929 19.8 7.071 38.929 15.8 19 51.5597
3 16 15.8 17.0464 49.4912 15.8 19 51.5597 19.8 7.071 38.929
1 16 22.4 5 35.77248 -2.6 0 0 0 -1 0 0 0 1.77245 rect3.dat
2 24 19.8 7.071 38.929 19.8 17.0464 49.4912
2 24 40 3.5355 41.4645 40 19 57.8387
5 24 25 7.071 38.929 40 3.5355 41.4645 40 1.9135 40.3805 40 19 57.8387
5 24 19.8 7.071 38.929 25 7.071 38.929 25 3.8268 36.7612 25 19 51.5597
5 24 25 3.8268 36.7612 25 7.071 38.929 19.8 7.071 38.929 40 3.5355 41.4645
5 24 25 19 51.5597 25 7.071 38.929 19.8 7.071 38.929 40 3.5355 41.4645
2 24 25 3.8268 36.7612 25 5 37.5449
4 16 25 0 36 25 0 29 25 5 34 25 5 37.5449
4 16 19.8 0 29 19.8 -0.0003 27.9992 19.8 17.0441 22.2132 19.8 5 37.545
3 16 19.8 17.0441 22.2132 19.8 17.0464 49.4912 19.8 5 37.545
1 16 15.8 0 0 0 -1 0 0 0 28 -28 0 0 48\1-4edge.dat
1 16 15.8 0 0 0 -1 0 28 0 0 0 0 28 48\7-48edge.dat
1 16 15.8 0 0 0 1 0 0 0 28 -28 0 0 48\1-4chrd.dat
1 16 15.8 0 0 0 1 0 28 0 0 0 0 28 48\7-48chrd.dat
1 16 19.8 0 0 0 -4 0 0 0 28 -28 0 0 48\1-4cyli.dat
1 16 19.8 0 0 0 -4 0 28 0 0 0 0 28 48\7-48cyli.dat
1 16 19.8 0 0 0 -1 0 0 0 28 28 0 0 48\5-48edge.dat
4 16 15.8 28 0 15.8 17.5541 -7.2713 15.8 13.4349 13.4349 15.8 17.0464 22.2152
3 16 15.8 0 -28 15.8 0 -19 15.8 13.4349 -13.4349
3 16 15.8 0 -28 15.8 13.4349 -13.4349 15.8 28 0
3 16 15.8 28 0 15.8 13.4349 -13.4349 15.8 17.5541 -7.2713
4 16 15.8 17.0464 22.2152 15.8 13.4349 13.4349 15.8 0 19 15.8 17.0464 49.4912
2 24 40 19 57.8387 40 19 120
2 24 31 19 58 31 19 120
2 24 25 19 56 31 19 58
2 24 22.5 12 63.4375 22.5 12 105.6061
4 16 40 19 120 40 19 57.8387 31 19 58 31 19 120
1 16 20.4 19 53.77985 0 0 -4.6 0 -1 0 -2.22015 0 0 rect3.dat
2 24 22.5 12 63.4375 31 19 58
4 16 22.5 12 105.6061 31 19 120 31 19 58 22.5 12 63.4375
4 16 31 19 120 29.2443 17.5541 112.7287 22.5 17.5541 112.7287 22.5 19 120
3 16 24.2424 13.4349 106.5651 22.5 12 105.6061 22.5 13.4349 106.5651
4 16 29.2443 17.5541 112.7287 24.2424 13.4349 106.5651 22.5 13.4349 106.5651 22.5 17.5541 112.7287
2 24 31 19 120 29.2443 17.5541 112.7287
2 24 24.2424 13.4349 106.5651 22.5 12 105.6061
2 24 29.2443 17.5541 112.7287 24.2424 13.4349 106.5651
2 24 22.5 12 105.6061 22.5 13.4349 106.5651
2 24 22.5 13.4349 106.5651 22.5 17.5541 112.7287
2 24 22.5 17.5541 112.7287 22.5 19 120
4 16 22.5 17.5541 112.7287 22.5 13.4349 106.5651 22.5 12 105.6061 22.5 19 120
4 16 22.5 19 120 22.5 12 105.6061 22.5 5.8667 114.1333 22.5 13.4349 133.4349
1 16 22.5 0 120 0 1 0 19 0 0 0 0 19 1-8chrd.dat
5 24 31 19 120 22.5 19 120 22.5 17.5541 127.2713 22.5 17.5541 112.7287
5 24 29.2443 17.5541 112.7287 22.5 17.5541 112.7287 22.5 19 120 22.5 13.4349 106.5651
5 24 24.2424 13.4349 106.5651 22.5 13.4349 106.5651 22.5 17.5541 112.7287 22.5 12 105.6061
2 24 40 14.9 58 40 0 43
2 24 40 13.4349 106.5651 40 14.9 108.2
3 16 40 13.4349 106.5651 40 14.9 108.2 40 17.5541 112.7287
3 16 40 0 43 40 0 40 40 3.5355 41.4645
4 16 40 14.9 58 40 0 43 40 3.5355 41.4645 40 19 57.8387
4 16 40 14.9 108.2 40 14.9 58 40 19 57.8387 40 17.5541 112.7287
3 16 40 19 120 40 17.5541 112.7287 40 19 57.8387
4 16 40 14.9 108.2 40 13.4349 106.5651 26.5 13.4349 106.5651 32 14.9 108.2
5 24 26.5 13.4349 106.5651 40 13.4349 106.5651 40 14.9 108.2 40 7.2713 102.4459
2 24 2 13.4905 56.5811 2 0 43
2 24 26.5 10.9 61 26.5 10.9 104.871
4 16 32 14.9 108.2 26.5 10.9 104.871 26.5 10.9 61 32 14.9 58
1 16 36 14.9 83.1 0 0 -4 0 1 0 25.1 0 0 rect.dat
2 24 32 14.9 108.2 29.9855 13.4349 106.5651
2 24 26.5 10.9 104.871 29.9855 13.4349 106.5651
2 24 15.8 2 38 15.8 16 53
2 24 15.8 16 59.1875 15.8 16 53
4 16 31 19 58 40 19 57.8387 25 19 51.5597 25 19 56
2 24 15.8 19 51.5597 15.8 17.0464 49.4912
4 16 15.8 19 51.5597 15.8 16 53 15.8 16 59.1875 15.8 19 56
4 16 15.8 0 19 15.8 2 38 15.8 16 53 15.8 17.0464 49.4912
3 16 15.8 17.0464 49.4912 15.8 16 53 15.8 19 51.5597
2 24 15.8 2 18.6023 15.8 2 38
2 24 25 19 56 22.5 12 63.4375
3 16 25 19 56 22.5 12 63.4375 31 19 58
2 24 15.8 16 59.1875 15.8 19 56
2 24 22.5 3 73 22.5 12 63.4375
4 16 22.5 12 63.4375 25 19 56 15.8 19 56 15.8 16 59.1875
3 16 22.5 3 73 22.5 12 63.4375 15.8 16 59.1875
2 24 2 3 69 2 10.9 61
3 16 26.5 10.9 61 26 13.4905 56.5811 32 14.9 58
2 24 2 10.9 61 2 13.4905 56.5811
2 24 26 13.4905 56.5811 2 13.4905 56.5811
4 16 26 13.4905 56.5811 26.5 10.9 61 2 10.9 61 2 13.4905 56.5811
2 24 26.5 10.9 61 32 14.9 58
2 24 40 0 43 2 0 43
2 24 32 14.9 58 26 13.4905 56.5811
4 16 40 14.9 58 32 14.9 58 26 13.4905 56.5811 40 0 43
4 16 40 0 43 26 13.4905 56.5811 2 13.4905 56.5811 2 0 43
2 24 2 0 70 2 3 69
2 24 26.5 3 69 26.5 10.9 61
2 24 26.5 0 70 26.5 3 69
4 16 26.5 3 69 26.5 0 70 2 0 70 2 3 69
4 16 2 3 69 2 10.9 61 26.5 10.9 61 26.5 3 69
5 24 2 3 69 26.5 3 69 26.5 0 70 26.5 10.9 61
5 24 26.5 10.9 61 2 10.9 61 2 13.4905 56.5811 2 3 69
5 24 26.5 10.9 61 26 13.4905 56.5811 32 14.9 58 2 13.4905 56.5811
4 16 2 3 69 2 0 70 2 0 43 2 10.9 61
3 16 2 13.4905 56.5811 2 10.9 61 2 0 43
1 16 26.5 0 120 0 -1 0 0 0 15.2 -15.2 0 0 1-4chrd.dat
3 16 26.5 15.2 120 26.5 5.5311 114.4689 26.5 0 104.8
3 16 26.5 0 104.8 26.5 5.5311 114.4689 26.5 0 112.1778
