0 Minifig Torso with Dual Mould Arms and Hands
0 Name: 16360.dat
0 Author: Chris Dee [cwdee]
0 !LDRAW_ORG Unofficial_Shortcut 
0 !LICENSE Redistributable under CCAL version 2.0 : see CAreadme.txt

0 BFC CERTIFY CCW


1 16 0 0 0 1 0 0 0 1 0 0 0 1 973.dat
1 16 -15.552 9 0 0.985 -0.17 0 0.17 0.985 0 0 0 1 16000.dat
1 16 15.552 9 0 0.985 0.17 0 -0.17 0.985 0 0 0 1 16001.dat
1 16 -23.6904 26.774 -9.8982 0.985 -0.1202 0.1202 0.17 0.6964 -0.6964 0 0.707 0.707 3820.dat
1 16 23.6904 26.774 -9.8982 0.985 0.1202 -0.1202 -0.17 0.6964 -0.6964 0 0.707 0.707 3820.dat
