0 Dish  6 x  6 Inverted - No Studs with Handle with SW  8 Spoke Radial Cockpit Pattern
0 Name: 18675ps6.dat
0 Author: Evert-Jan Boer [ejboer]
0 !LDRAW_ORG Unofficial_Part 
0 !LICENSE Redistributable under CCAL version 2.0 : see CAreadme.txt

0 BFC CERTIFY CCW

0 !KEYWORDS Bricklink 18675pb02, Star Wars, TIE, Set 75300, Set 75082, Set 75237
0 !KEYWORDS Set 75150, Set 75168


1 16 0 0 0 1 0 0 0 1 0 0 0 1 s\18675s01.dat
1 16 0 -13 0 12 0 0 0 -2.2 0 0 0 12 48\4-4con1.dat
1 16 0 -15.2 0 12 0 0 0 -.8 0 0 0 12 48\4-4con0.dat

1 16 0 0 0 1 0 0 0 1 0 0 0 1 s\18675ps6s01.dat
1 16 0 0 0 -1 0 0 0 1 0 0 0 1 s\18675ps6s01.dat
1 16 0 0 0 .70711 0 .70711 0 1 0 -.70711 0 .70711 s\18675ps6s01.dat
1 16 0 0 0 -.70711 0 .70711 0 1 0 .70711 0 .70711 s\18675ps6s01.dat
1 16 0 0 0 .70711 0 -.70711 0 1 0 .70711 0 .70711 s\18675ps6s01.dat
1 16 0 0 0 -.70711 0 -.70711 0 1 0 -.70711 0 .70711 s\18675ps6s01.dat
1 16 0 0 0 0 0 -1 0 1 0 -1 0 0 s\18675ps6s01.dat
1 16 0 0 0 0 0 1 0 1 0 -1 0 0 s\18675ps6s01.dat
1 16 0 0 0 -.70711 0 .70711 0 1 0 -.70711 0 -.70711 s\18675ps6s01.dat
1 16 0 0 0 .70711 0 -.70711 0 1 0 -.70711 0 -.70711 s\18675ps6s01.dat
1 16 0 0 0 0 0 -1 0 1 0 1 0 0 s\18675ps6s01.dat
1 16 0 0 0 0 0 1 0 1 0 1 0 0 s\18675ps6s01.dat

1 16 0 0 0 1 0 0 0 1 0 0 0 1 s\18675ps6s02.dat
1 16 0 0 0 -1 0 0 0 1 0 0 0 1 s\18675ps6s02.dat
