0 Technic Disc  5 x  5 Projectile with Bionicle Kanoka 159 Ta-Metru Pattern
0 Name: 32533p159.dat
0 Author: Max Murtazin [SwampKryakwa]
0 !LDRAW_ORG Unofficial_Part 
0 !LICENSE Redistributable under CCAL version 2.0 : see CAreadme.txt

0 BFC CERTIFY CCW


1 16 0 0 0 1 0 0 0 1 0 0 0 1 s\32533s01.dat
1 16 0 0 0 -1 0 0 0 1 0 0 0 1 s\32533s01.dat
1 16 0 0 0 -0.5 0 0.866 0 1 0 -0.866 0 -0.5 s\32533s01.dat
1 16 0 0 0 0.5 0 0.866 0 1 0 0.866 0 -0.5 s\32533s01.dat
1 16 0 0 0 -0.5 0 -0.866 0 1 0 0.866 0 -0.5 s\32533s01.dat
1 16 0 0 0 0.5 0 -0.866 0 1 0 -0.866 0 -0.5 s\32533s01.dat
0 !TEXMAP START PLANAR -36.1299 0 36.1299 36.1299 0 36.1299 -36.1299 0 -36.1299 32533p159.png
0 !: 1 16 0 0 0 1 0 0 0 1 0 0 0 1 s\32533s02.dat
0 !: 1 16 0 0 0 -1 0 0 0 1 0 0 0 1 s\32533s02.dat
0 !: 1 16 0 0 0 -0.5 0 -0.866025 0 1 0 0.866025 0 -0.5 s\32533s02.dat
0 !: 1 16 0 0 0 0.5 0 -0.866025 0 1 0 -0.866025 0 -0.5 s\32533s02.dat
0 !: 1 16 0 0 0 -0.5 0 0.866025 0 1 0 -0.866025 0 -0.5 s\32533s02.dat
0 !: 1 16 0 0 0 0.5 0 0.866025 0 1 0 0.866025 0 -0.5 s\32533s02.dat
0 !TEXMAP FALLBACK
0 !: 1 16 0 0 0 1 0 0 0 1 0 0 0 1 s\32533s02.dat
0 !: 1 16 0 0 0 -1 0 0 0 1 0 0 0 1 s\32533s02.dat
0 !: 1 16 0 0 0 -0.5 0 -0.866025 0 1 0 0.866025 0 -0.5 s\32533s02.dat
0 !: 1 16 0 0 0 0.5 0 -0.866025 0 1 0 -0.866025 0 -0.5 s\32533s02.dat
0 !: 1 16 0 0 0 -0.5 0 0.866025 0 1 0 -0.866025 0 -0.5 s\32533s02.dat
0 !: 1 16 0 0 0 0.5 0 0.866025 0 1 0 0.866025 0 -0.5 s\32533s02.dat
0 !TEXMAP END