0 Sticker  1.9 x  1.8 with Red and White R8 Logo on Black Background (Formed)
0 Name: 6142271fc01.dat
0 Author: Massimo Maso [Sirio]
0 !LDRAW_ORG Unofficial_Part 
0 !LICENSE Redistributable under CCAL version 2.0 : see CAreadme.txt

0 BFC CERTIFY CCW

0 !KEYWORDS Speed Champions, Audi, LMS, Ultra, Set 75873


1 16 0 -15.6524 12.616 1 0 0 0 .998894 -.047023 0 .047023 .998894 s\6142271fs01.dat
1 16 0 -15.6524 12.616 1 0 0 0 .989715 -.143056 0 .143056 .989715 s\6142271fs02.dat
1 16 0 -12.8827 -1.648 1 0 0 0 .971148 -.238478 0 .238478 .971148 s\6142271fs03.dat
1 16 0 -12.8827 -1.648 1 0 0 0 .941616 -.336689 0 .336689 .941616 s\6142271fs04.dat
4 0 -18 -10.7408 -8.3808 -18 -7.7504 -14.5579 18 -7.7504 -14.5579 18 -10.7408 -8.3808
1 16 0 -7.5316 -14.436 1 0 0 0 .844289 -.535889 0 .535889 .844289 s\6142271fs05.dat
1 16 0 0 0 1 0 0 0 1 0 0 0 1 s\6142271fs07.dat
