0 Sticker  1.9 x  3.8 with Grey Audi Logo and Black 4 on Blue and White Frame on White Background (Formed)
0 Name: 6142271lc01.dat
0 Author: Massimo Maso [Sirio]
0 !LDRAW_ORG Unofficial_Part 
0 !LICENSE Redistributable under CCAL version 2.0 : see CAreadme.txt

0 BFC CERTIFY CCW

0 !KEYWORDS Speed Champions, R8, LMS, Ultra, Set 75873


1 16 0 -15.6377 12.6163 1 0 0 0 .998798 -.049008 0 .049008 .998798 s\6142271ls01.dat
1 16 0 -15.6377 12.6163 1 0 0 0 .989808 -.142406 0 .142406 .989808 s\6142271ls02.dat
1 16 0 -12.8729 -1.6532 1 0 0 0 .971182 -.238339 0 .238339 .971182 s\6142271ls03.dat
1 16 0 -12.8729 -1.6532 1 0 0 0 .941687 -.336489 0 .336489 .941687 s\6142271ls04.dat
1 16 0 -7.5277 -14.4459 1 0 0 0 .900443 -.434973 0 .434973 .900443 s\6142271ls05.dat
1 16 0 -7.5277 -14.4459 1 0 0 0 .844124 -.536148 0 .536148 .844124 s\6142271ls06.dat
1 16 0 0 0 1 0 0 0 1 0 0 0 1 s\6142271ls08.dat
