0 Sticker  1.8 x  3 with Headlamp and Front Bumper on Black Background Left (Formed)
0 Name: 6142271vc01.dat
0 Author: Massimo Maso [Sirio]
0 !LDRAW_ORG Unofficial_Part 
0 !LICENSE Redistributable under CCAL version 2.0 : see CAreadme.txt

0 BFC CERTIFY CCW

0 !KEYWORDS Speed Champions, Audi, R8, LMS, Ultra, Set 75873


1 16 -18.9266 .5872 0 0 -.052953 -.998597 0 .998597 -.052953 -1 0 0 s\6142271us01.dat
1 16 -18.9266 .5872 0 0 -.157931 -.98745 0 .98745 -.157931 1 0 0 s\6142271vs01.dat
1 16 2.4735 5.1963 0 0 -.263169 -.96475 0 .96475 -.263169 -1 0 0 s\6142271us03.dat
1 16 2.4735 5.1963 0 0 -.369158 -.929367 0 .929367 -.369158 1 0 0 s\6142271vs02.dat
1 16 21.6589 14.1072 0 0 -.473077 -.881021 0 .881021 -.473077 1 0 0 s\6142271vs03.dat
1 16 21.6589 14.1072 0 0 -.577007 -.816739 0 .816739 -.577007 -1 0 0 s\6142271us06.dat
1 16 0 0 0 0 0 -1 0 1 0 1 0 0 s\6142271us08.dat
