0 ~Constraction Ball Cannon Piston
0 Name: 62114.dat
0 Author: Santeri Piippo [arezey]
0 !LDRAW_ORG Unofficial_Part 
0 !LICENSE Redistributable under CCAL version 2.0 : see CAreadme.txt

0 BFC CERTIFY CCW


1 16 0 0 0 1 0 0 0 1 0 0 0 1 s\62114s01.dat
1 16 0 0 0 0.707107 0 0.707107 0 1 0 -0.707107 0 0.707107 s\62114s01.dat
1 16 0 0 0 0 0 1 0 1 0 -1 0 0 s\62114s01.dat
1 16 0 0 0 -0.707107 0 0.707107 0 1 0 -0.707107 0 -0.707107 s\62114s01.dat
1 16 0 0 0 -1 0 0 0 1 0 0 0 -1 s\62114s01.dat
1 16 0 0 0 -0.707107 0 -0.707107 0 1 0 0.707107 0 -0.707107 s\62114s01.dat
1 16 0 0 0 0 0 -1 0 1 0 1 0 0 s\62114s01.dat
1 16 0 0 0 0.707107 0 -0.707107 0 1 0 0.707107 0 0.707107 s\62114s01.dat
1 16 0 -29 0 -1 0 0 0 -1 0 0 0 -1 4-4rin19.dat
1 16 0 -29 0 -1 0 0 0 -1 0 0 0 -1 4-4rin20.dat
1 16 0 -40 0 -8 0 0 0 1 0 0 0 -8 4-4edge.dat
0 BFC INVERTNEXT
1 16 0 -39 0 -1 0 0 0 -1 0 0 0 -1 4-4con8.dat
0 BFC INVERTNEXT
1 16 0 -30 0 -9 0 0 0 -9 0 0 0 -9 4-4con1.dat
0 BFC INVERTNEXT
1 16 0 -29 0 -1 0 0 0 -1 0 0 0 -1 4-4con18.dat
1 16 0 -40 0 0 0 8 0 -1 0 8 0 0 4-4disc.dat
5 24 -17.5541 -29 -7.2713 -19 -29 0 -20 -29 0 -18 -30 0
5 24 -13.4349 -29 -13.4349 -17.5541 -29 -7.2713 -18.478 -29 -7.654 -16.6302 -30 -6.8886
5 24 -7.2713 -29 -17.5541 -13.4349 -29 -13.4349 -14.142 -29 -14.142 -12.7278 -30 -12.7278
5 24 0 -29 -19 -7.2713 -29 -17.5541 -7.654 -29 -18.478 -6.8886 -30 -16.6302
5 24 7.2713 -29 -17.5541 0 -29 -19 0 -29 -20 0 -30 -18
5 24 13.4349 -29 -13.4349 7.2713 -29 -17.5541 7.654 -29 -18.478 6.8886 -30 -16.6302
5 24 17.5541 -29 -7.2713 13.4349 -29 -13.4349 14.142 -29 -14.142 12.7278 -30 -12.7278
5 24 19 -29 0 17.5541 -29 -7.2713 18.478 -29 -7.654 16.6302 -30 -6.8886
5 24 17.5541 -29 7.2713 19 -29 0 20 -29 0 18 -30 0
5 24 13.4349 -29 13.4349 17.5541 -29 7.2713 18.478 -29 7.654 16.6302 -30 6.8886
5 24 7.2713 -29 17.5541 13.4349 -29 13.4349 14.142 -29 14.142 12.7278 -30 12.7278
5 24 0 -29 19 7.2713 -29 17.5541 7.654 -29 18.478 6.8886 -30 16.6302
5 24 -7.2713 -29 17.5541 0 -29 19 0 -29 20 0 -30 18
5 24 -13.4349 -29 13.4349 -7.2713 -29 17.5541 -7.654 -29 18.478 -6.8886 -30 16.6302
5 24 -17.5541 -29 7.2713 -13.4349 -29 13.4349 -14.142 -29 14.142 -12.7278 -30 12.7278
5 24 -19 -29 0 -17.5541 -29 7.2713 -18.478 -29 7.654 -16.6302 -30 6.8886
