0 Tyre 37/ 38 x 107 Motorcycle with Racing Tread
0 Name: 71722.dat
0 Author: Philippe Hurbain [Philo]
0 !LDRAW_ORG Unofficial_Part 
0 !LICENSE Redistributable under CCAL version 2.0 : see CAreadme.txt

0 BFC CERTIFY CCW

0 !KEYWORDS Set 42130, BMW M 1000 RR


1 16 0 0 0 -1 0 0 0 1 0 0 0 -1 s\71722s01.dat
1 16 0 0 0 -0.97815 0.20791 0 0.20791 0.97815 0 0 0 1 s\71722s01.dat
1 16 0 0 0 -0.91355 0.40674 0 0.40674 0.91355 0 0 0 -1 s\71722s01.dat
1 16 0 0 0 -0.80902 0.58779 0 0.58779 0.80902 0 0 0 1 s\71722s01.dat
1 16 0 0 0 -0.66913 0.74314 0 0.74314 0.66913 0 0 0 -1 s\71722s01.dat
1 16 0 0 0 -0.5 0.86603 0 0.86603 0.5 0 0 0 1 s\71722s01.dat
1 16 0 0 0 -0.30902 0.95106 0 0.95106 0.30902 0 0 0 -1 s\71722s01.dat
1 16 0 0 0 -0.10453 0.99452 0 0.99452 0.10453 0 0 0 1 s\71722s01.dat
1 16 0 0 0 0.10453 0.99452 0 0.99452 -0.10453 0 0 0 -1 s\71722s01.dat
1 16 0 0 0 0.30902 0.95106 0 0.95106 -0.30902 0 0 0 1 s\71722s01.dat
1 16 0 0 0 0.5 0.86603 0 0.86603 -0.5 0 0 0 -1 s\71722s01.dat
1 16 0 0 0 0.66913 0.74314 0 0.74314 -0.66913 0 0 0 1 s\71722s01.dat
1 16 0 0 0 0.80902 0.58779 0 0.58779 -0.80902 0 0 0 -1 s\71722s01.dat
1 16 0 0 0 0.91355 0.40674 0 0.40674 -0.91355 0 0 0 1 s\71722s01.dat
1 16 0 0 0 0.97815 0.20791 0 0.20791 -0.97815 0 0 0 -1 s\71722s01.dat
1 16 0 0 0 1 0 0 0 -1 0 0 0 1 s\71722s01.dat
1 16 0 0 0 0.97815 -0.20791 0 -0.20791 -0.97815 0 0 0 -1 s\71722s01.dat
1 16 0 0 0 0.91355 -0.40674 0 -0.40674 -0.91355 0 0 0 1 s\71722s01.dat
1 16 0 0 0 0.80902 -0.58779 0 -0.58779 -0.80902 0 0 0 -1 s\71722s01.dat
1 16 0 0 0 0.66913 -0.74314 0 -0.74314 -0.66913 0 0 0 1 s\71722s01.dat
1 16 0 0 0 0.5 -0.86603 0 -0.86603 -0.5 0 0 0 -1 s\71722s01.dat
1 16 0 0 0 0.30902 -0.95106 0 -0.95106 -0.30902 0 0 0 1 s\71722s01.dat
1 16 0 0 0 0.10453 -0.99452 0 -0.99452 -0.10453 0 0 0 -1 s\71722s01.dat
1 16 0 0 0 -0.10453 -0.99452 0 -0.99452 0.10453 0 0 0 1 s\71722s01.dat
1 16 0 0 0 -0.30902 -0.95106 0 -0.95106 0.30902 0 0 0 -1 s\71722s01.dat
1 16 0 0 0 -0.5 -0.86603 0 -0.86603 0.5 0 0 0 1 s\71722s01.dat
1 16 0 0 0 -0.66913 -0.74314 0 -0.74314 0.66913 0 0 0 -1 s\71722s01.dat
1 16 0 0 0 -0.80902 -0.58779 0 -0.58779 0.80902 0 0 0 1 s\71722s01.dat
1 16 0 0 0 -0.91355 -0.40674 0 -0.40674 0.91355 0 0 0 -1 s\71722s01.dat
1 16 0 0 0 -0.97815 -0.20791 0 -0.20791 0.97815 0 0 0 1 s\71722s01.dat
0 BFC INVERTNEXT
1 16 0 0 29 -134 0 0 0 0 134 0 -4 0 48\4-4cylo.dat
0 BFC INVERTNEXT
1 16 0 0 25 -129.1 0 0 0 0 129.1 0 -6 0 48\4-4cylo.dat
1 16 0 0 25 -4.96296 0 0 0 0 4.96296 0 -1 0 48\4-4rin26.dat
0 BFC INVERTNEXT
1 16 0 0 46 -13.4 0 0 0 0 13.4 0 -17 0 48\4-4con10.dat
1 16 0 0 46 -147.4 0 0 0 0 147.4 0 -1 0 48\4-4edge.dat
1 16 0 0 46 -1.48889 0 0 0 0 1.48889 0 -1 0 48\4-4ring99.dat
1 16 0 0 0 -1 0 0 0 1 0 0 0 -1 s\71722s02.dat
1 16 0 0 0 -0.86603 0.5 0 0.5 0.86603 0 0 0 -1 s\71722s02.dat
1 16 0 0 0 -0.5 0.86603 0 0.86603 0.5 0 0 0 -1 s\71722s02.dat
1 16 0 0 0 0 1 0 1 0 0 0 0 -1 s\71722s02.dat
1 16 0 0 0 0.5 0.86603 0 0.86603 -0.5 0 0 0 -1 s\71722s02.dat
1 16 0 0 0 0.86603 0.5 0 0.5 -0.86603 0 0 0 -1 s\71722s02.dat
1 16 0 0 0 1 0 0 0 -1 0 0 0 -1 s\71722s02.dat
1 16 0 0 0 0.86603 -0.5 0 -0.5 -0.86603 0 0 0 -1 s\71722s02.dat
1 16 0 0 0 0.5 -0.86603 0 -0.86603 -0.5 0 0 0 -1 s\71722s02.dat
1 16 0 0 0 0 -1 0 -1 0 0 0 0 -1 s\71722s02.dat
1 16 0 0 0 -0.5 -0.86603 0 -0.86603 0.5 0 0 0 -1 s\71722s02.dat
1 16 0 0 0 -0.86603 -0.5 0 -0.5 0.86603 0 0 0 -1 s\71722s02.dat
1 16 0 0 0 -1 0 0 0 1 0 0 0 1 s\71722s02.dat
1 16 0 0 0 -0.86603 0.5 0 0.5 0.86603 0 0 0 1 s\71722s02.dat
1 16 0 0 0 -0.5 0.86603 0 0.86603 0.5 0 0 0 1 s\71722s02.dat
1 16 0 0 0 0 1 0 1 0 0 0 0 1 s\71722s02.dat
1 16 0 0 0 0.5 0.86603 0 0.86603 -0.5 0 0 0 1 s\71722s02.dat
1 16 0 0 0 0.86603 0.5 0 0.5 -0.86603 0 0 0 1 s\71722s02.dat
1 16 0 0 0 1 0 0 0 -1 0 0 0 1 s\71722s02.dat
1 16 0 0 0 0.86603 -0.5 0 -0.5 -0.86603 0 0 0 1 s\71722s02.dat
1 16 0 0 0 0.5 -0.86603 0 -0.86603 -0.5 0 0 0 1 s\71722s02.dat
1 16 0 0 0 0 -1 0 -1 0 0 0 0 1 s\71722s02.dat
1 16 0 0 0 -0.5 -0.86603 0 -0.86603 0.5 0 0 0 1 s\71722s02.dat
1 16 0 0 0 -0.86603 -0.5 0 -0.5 0.86603 0 0 0 1 s\71722s02.dat
0 BFC INVERTNEXT
1 16 0 0 -29 -134 0 0 0 0 134 0 4 0 48\4-4cylo.dat
0 BFC INVERTNEXT
1 16 0 0 -25 -129.1 0 0 0 0 129.1 0 6 0 48\4-4cylo.dat
1 16 0 0 -25 -4.96296 0 0 0 0 4.96296 0 1 0 48\4-4rin26.dat
0 BFC INVERTNEXT
1 16 0 0 -46 -13.4 0 0 0 0 13.4 0 17 0 48\4-4con10.dat
1 16 0 0 -46 -147.4 0 0 0 0 147.4 0 1 0 48\4-4edge.dat
1 16 0 0 -46 -1.48889 0 0 0 0 1.48889 0 1 0 48\4-4ring99.dat
1 16 0 0 -19 -4.96296 0 0 0 0 4.96296 0 -1 0 48\4-4rin26.dat
1 16 0 0 -19 -134 0 0 0 0 134 0 -1 0 48\4-4edge.dat
1 16 0 0 -40 -13.4 0 0 0 0 13.4 0 21 0 48\4-4con10.dat
1 16 0 0 -40 -147.4 0 0 0 0 147.4 0 -1 0 48\4-4edge.dat
0 BFC INVERTNEXT
1 16 0 0 -19 13.77222 0 0 0 0 13.77222 0 -21 0 48\4-4con11.dat
1 16 0 0 -40 4.09444 0 0 0 0 4.09444 0 -1 0 48\4-4ring36.dat
1 16 0 0 -40 151.49444 0 0 0 0 151.49444 0 -1 0 48\4-4edge.dat
1 16 0 0 19 -4.96296 0 0 0 0 4.96296 0 1 0 48\4-4rin26.dat
1 16 0 0 19 -134 0 0 0 0 134 0 1 0 48\4-4edge.dat
1 16 0 0 40 -13.4 0 0 0 0 13.4 0 -21 0 48\4-4con10.dat
1 16 0 0 40 -147.4 0 0 0 0 147.4 0 1 0 48\4-4edge.dat
0 BFC INVERTNEXT
1 16 0 0 19 13.77222 0 0 0 0 13.77222 0 21 0 48\4-4con11.dat
1 16 0 0 40 4.09444 0 0 0 0 4.09444 0 1 0 48\4-4ring36.dat
1 16 0 0 40 151.49444 0 0 0 0 151.49444 0 1 0 48\4-4edge.dat
0 BFC INVERTNEXT
1 16 0 0 19 165.26667 0 0 0 0 165.26667 0 -38 0 48\4-4cyli.dat
