0            ROTATION CONFIG 0 0
0 Name: 10029.ldr
0 Author: Unknow

1  7 922 -416 181 0 0 -1 0 1 0 1 0 0 2339.DAT
1  7 742 -320 181 1 0 0 0 1 0 0 0 1 30099.DAT
1  15 1167 -20 59 1 0 0 0 1 0 0 0 1 4095.DAT
1  8 832 -195.8087 20.83603 -1 0 0 0 0.2419218 0.9702958 0 0.9702954 -0.2419219 6020.DAT
1  8 902 -336 331 0 0 -1 0 1 0 1 0 0 44728.DAT
1  7 762 -344 361 1 0 0 0 1 0 0 0 1 3005.DAT
1  15 742 -422 309 1 0 0 0 0 1 0 -1 0 3062B.DAT
1  8 833 -390 96 1 0 0 0 0 -1 0 1 0 3004.DAT
1  7 742 -320 211 0 0 -1 0 1 0 1 0 0 3004.DAT
1  19 719.071 -192 312.2133 0.7071068 0 -0.7071068 0 1 0 0.7071068 0 0.7071068 3004.DAT
1  8 792 -344 361 -1 0 0 0 1 0 0 0 -1 2877.DAT
1  8 802 -432 161 0 0 -1 0 1 0 1 0 0 3622.DAT
1  7 742 -320 261 0 0 -1 0 1 0 1 0 0 3622.DAT
1  7 762 -320 311 0 0 -1 0 1 0 1 0 0 3010.DAT
1  8 922 -296 231 0 0 -1 0 1 0 1 0 0 30414.DAT
1  8 832 -120 281 1 0 0 0 1 0 0 0 1 3009.DAT
1  7 742 -272 231 0 0 -1 0 1 0 1 0 0 3009.DAT
1  7 832 -320 361 1 0 0 0 1 0 0 0 1 3008.DAT
1  7 832 -296 281 1 0 0 0 1 0 0 0 1 6111.DAT
1  8 700 -326 341 0 1 0 1 0 0 0 0 -1 3963.DAT
1  8 987 -284 231 0 -1 0 0 0 -1 1 0 0 3003.DAT
1  19 952 -144 231 1 0 0 0 1 0 0 0 1 3003.DAT
1  8 902 -120 301 1 0 0 0 1 0 0 0 1 2357.DAT
1  7 902 -344 281 1 0 0 0 1 0 0 0 1 2357.DAT
1  8 863 -370 96 0 0 -1 -1 0 0 0 1 0 3063.DAT
1  8 792 -192 271 1 0 0 0 1 0 0 0 1 30145.DAT
1  7 963 -284 231 0 -1 0 0 0 -1 1 0 0 3001.DAT
1  7 912 -248 231 0 0 -1 0 1 0 1 0 0 2456.DAT
1  19 832 -120 351 1 0 0 0 1 0 0 0 1 2456.DAT
1  7 963 -254 261 0 -1 0 0 0 -1 1 0 0 2462.DAT
1  8 832 -120 231 1 0 0 0 1 0 0 0 1 2356.DAT
1  7 832 -296 331 1 0 0 0 1 0 0 0 1 2356.DAT
1  15 832 -437.5804 87.32181 1 0 0 0 -0.7660444 0.6427876 0 -0.6427876 -0.7660444 4589.DAT
1  8 832 -88 231 -1 0 0 0 1 0 0 0 -1 3943B.DAT
1  8 862 -240 71 0 0 -1 0 1 0 1 0 0 3633.DAT
1  15 1167 -132 59 -0.601815 0 0.7986355 0 1 0 -0.7986355 0 -0.601815 2335.DAT
1  19 712 -144 291 0 0 -1 0 1 0 1 0 0 3831.DAT
1  19 712 -144 291 0.7071068 0 -0.7071068 0 1 0 0.7071068 0 0.7071068 3830.DAT
1  0 742 -407.8578 325 1 0 0 0 -1 0 0 0 -1 4593.DAT
1  15 742 -407.8578 325 1 0 0 0 0 1 0 -1 0 4592.DAT
1  15 1119 -107 105 1 0 0 0 1 0 0 0 1 2446.DAT
1  40 1119 -106 106 1 0 0 0 1 0 0 0 1 2447.DAT
1  14 1119 -107 105 1 0 0 0 1 0 0 0 1 3626BP69.DAT
1  15 1119 -48 105 1 0 0 0 1 0 0 0 1 3815C01.DAT
1  7 833 -320 128 1 0 0 0 0 -1 0 1 0 30562.DAT
1  8 783 -350 104 1 0 0 0 0 -1 0 1 0 3024.DAT
1  19 832 -432 231 1 0 0 0 1 0 0 0 1 4073.DAT
1  15 832 -425.3236 97.60641 -1 0 0 0 -0.7660444 -0.6427876 0 -0.6427876 0.7660444 6019.DAT
1  7 762 -424 281 0 0 1 0 1 0 -1 0 0 4081B.DAT
1  8 842 -132.7525 25.72662 0 1 0 -0.9702957 0 0.241922 0.241922 0 0.9702957 4085C.DAT
1  8 732 -216 181 1 0 0 0 1 0 0 0 1 3023.DAT
1  7 762 -344 331 0 0 -1 0 1 0 1 0 0 3023.DAT
1  19 719.071 -112 312.2133 0.7071068 0 -0.7071068 0 1 0 0.7071068 0 0.7071068 3023.DAT
1  7 833 -270 112 1 0 0 0 0 -1 0 1 0 4623.DAT
1  19 719.071 -120 312.2133 -0.7071068 0 0.7071068 0 1 0 -0.7071068 0 -0.7071068 2540.DAT
1  15 832 -416 101 1 0 0 0 1 0 0 0 1 2540.DAT
1  7 802 -424 281 1 0 0 0 1 0 0 0 1 3623.DAT
1  8 802 -432 231 0 0 -1 0 1 0 1 0 0 3710.DAT
1  7 832 -224 281 1 0 0 0 1 0 0 0 1 3710.DAT
1  8 833 -250 120 1 0 0 0 0 -1 0 1 0 3666.DAT
1  7 832 -232 281 1 0 0 0 1 0 0 0 1 3666.DAT
1  7 863 -290 112 -1 0 0 0 0 1 0 1 0 2420.DAT
1  8 995 -284 231 0 -1 0 0 0 -1 1 0 0 4032.DAT
1  7 832 -21.16859 -2.094421 0 0 -1 0.241922 0.9702957 0 0.9702957 -0.241922 0 4032.DAT
1  15 742 -422 317 0.7071068 0 -0.7071068 0.7071068 0 0.7071068 0 -1 0 4032.DAT
1  8 833 -370 88 0 0 -1 -1 0 0 0 1 0 3021.DAT
1  7 832 -368 291 1 0 0 0 1 0 0 0 1 3020.DAT
1  19 832 -176 351 1 0 0 0 1 0 0 0 1 3795.DAT
1  7 939 -284 261 0 -1 0 -1 0 0 0 0 -1 2419.DAT
1  8 832 -216 71 1 0 0 0 1 0 0 0 1 3031.DAT
1  7 873 -280 272 1 0 0 0 0 -1 0 1 0 30565.DAT
1  7 832 -424 231 1 0 0 0 1 0 0 0 1 3035.DAT
1  19 832 -200 231 1 0 0 0 1 0 0 0 1 3958.DAT
1  7 912 -96 311 0 0 -1 0 1 0 1 0 0 6106.DAT
1  19 912 -208 151 1 0 0 0 1 0 0 0 1 6106.DAT
1  7 832 -13.4062 -4.029816 0 0 -1 0.241922 0.9702957 0 0.9702957 -0.241922 0 2654.DAT
1  7 832 -440 231 1 0 0 0 1 0 0 0 1 4740.DAT
1  57 832 -216 231 1 0 0 0 1 0 0 0 1 4740.DAT
1  8 832 -232 231 1 0 0 0 1 0 0 0 1 3960.DAT
1  8 783 -290 96 1 0 0 0 0 -1 0 1 0 4286.DAT
1  7 772 -272 281 -1 0 0 0 1 0 0 0 -1 3747.DAT
1  7 842 -392 321 0 0 -1 0 1 0 1 0 0 3675.DAT
1  8 782 -232 121 1 0 0 0 1 0 0 0 1 3040B.DAT
1  8 832 -432 181 1 0 0 0 1 0 0 0 1 3039.DAT
1  8 724 -326 341 0 1 0 0 0 -1 -1 0 0 3045.DAT
1  7 902 -416 261 0 0 -1 0 1 0 1 0 0 3038.DAT
1  7 882 -368 331 0 0 -1 0 1 0 1 0 0 3037.DAT
1  7 832 -190 40 -1 0 0 0 -0.241922 -0.9702957 0 -0.9702957 0.241922 32013.DAT
1  7 832 -132.7525 25.72662 -1 0 0 0 -0.241922 -0.9702957 0 -0.9702957 0.241922 32034.DAT
1  15 666.0447 -366.6928 231 0.9238807 0 0.3826803 -0.3826803 0 0.9238808 0 -1 0 32034.DAT
1  15 703 -382 231 0 -0.3826803 0.9238809 0 -0.9238809 -0.3826803 1 0 0 32016.DAT
1  15 961 -382 191 0 0 1 0 1 0 -1 0 0 32014.DAT
1  0 832 -161.8614 32.98425 0 0 -1 0.9702957 -0.241922 0 -0.241922 -0.9702957 0 32062.DAT
1  7 832 -190 40 -1 0 0 0 -1 0 0 0 1 4519.DAT
1  0 832 -78 71 -1 0 0 0 -1 0 0 0 1 3705.DAT
1  7 972 -78 201 0 0 -1 -1 0 0 0 1 0 32523.DAT
1  7 822 -78 71 0 -1 0 -0.9986295 0 0.05233584 -0.05233584 0 -0.9986295 2825.DAT
1  15 650.7375 -403.648 241 0.9238809 0 0.3826802 -0.3826802 0 0.9238809 0 -1 0 6541.DAT
1  7 922 -392 191 0 0 -1 0 1 0 1 0 0 32064A.DAT
1  19 792 -200 101 1 0 0 0 1 0 0 0 1 32064A.DAT
1  7 932 -88 281 1 0 0 0 1 0 0 0 1 3701.DAT
1  7 792 -190 80 -1 0 0 0 -1 0 0 0 1 32039.DAT
1  15 650.7375 -403.648 209 0 0 -1 0 1 0 1 0 0 4274.DAT
1  0 872 -78 111 -1 0 0 0 -1 0 0 0 1 2780.DAT
1  8 742 -224 281 1 0 0 0 1 0 0 0 1 3070B.DAT
1  8 832 -224 101 1 0 0 0 1 0 0 0 1 2412B.DAT
1  7 832 -240 181 1 0 0 0 1 0 0 0 1 3069B.DAT
1  19 719.071 -200 312.2133 0.7071068 0 -0.7071068 0 1 0 0.7071068 0 0.7071068 3069B.DAT
1  8 832 -240 121 1 0 0 0 1 0 0 0 1 6636.DAT
1  7 832 -240 201 1 0 0 0 1 0 0 0 1 6636.DAT
1  7 832 -240 251 1 0 0 0 1 0 0 0 1 6180.DAT
1  7 1015 -284 231 0 -1 0 0 0 1 -1 0 0 2418B.DAT
1  7 752 -96 311 -1 0 0 0 1 0 0 0 -1 6106.DAT
1  7 832 -96 311 0 0 -1 0 1 0 1 0 0 3795.DAT
1  7 912 -96 231 -1 0 0 0 1 0 0 0 -1 3795.DAT
1  7 752 -96 231 -1 0 0 0 1 0 0 0 -1 3795.DAT
1  7 752 -96 151 0 0 1 0 1 0 -1 0 0 6106.DAT
1  7 912 -96 151 1 0 0 0 1 0 0 0 1 6106.DAT
1  7 832 -96 151 0 0 1 0 1 0 -1 0 0 3795.DAT
1  19 832 -120 111 1 0 0 0 1 0 0 0 1 2456.DAT
1  19 712 -120 231 0 0 -1 0 1 0 1 0 0 2456.DAT
1  19 952 -120 231 0 0 -1 0 1 0 1 0 0 2456.DAT
1  8 762 -120 301 0 0 -1 0 1 0 1 0 0 2357.DAT
1  8 762 -120 161 -1 0 0 0 1 0 0 0 -1 2357.DAT
1  8 902 -120 161 0 0 1 0 1 0 -1 0 0 2357.DAT
1  8 832 -120 181 1 0 0 0 1 0 0 0 1 3009.DAT
1  19 712 -144 231 1 0 0 0 1 0 0 0 1 3003.DAT
1  19 832 -144 351 1 0 0 0 1 0 0 0 1 3003.DAT
1  19 832 -144 111 1 0 0 0 1 0 0 0 1 3003.DAT
1  19 832 -168 111 1 0 0 0 1 0 0 0 1 3003.DAT
1  19 712 -168 231 1 0 0 0 1 0 0 0 1 3003.DAT
1  19 832 -168 351 1 0 0 0 1 0 0 0 1 3003.DAT
1  19 952 -168 231 1 0 0 0 1 0 0 0 1 3003.DAT
1  19 712 -168 291 0.7071068 0 -0.7071068 0 1 0 0.7071068 0 0.7071068 3830.DAT
1  19 712 -168 291 0 0 -1 0 1 0 1 0 0 3831.DAT
1  19 772 -168 111 -1 0 0 0 1 0 0 0 -1 3831.DAT
1  19 772 -144 111 -1 0 0 0 1 0 0 0 -1 3831.DAT
1  19 750.7867 -120 118.0711 0.7071068 0 0.7071068 0 1 0 -0.7071068 0 0.7071068 2540.DAT
1  19 750.7867 -112 118.0711 -0.7071068 0 -0.7071068 0 1 0 0.7071068 0 -0.7071068 3023.DAT
1  19 772 -144 111 -0.7071068 0 -0.7071068 0 1 0 0.7071068 0 -0.7071068 3830.DAT
1  19 772 -168 111 -0.7071068 0 -0.7071068 0 1 0 0.7071068 0 -0.7071068 3830.DAT
1  19 750.7867 -192 118.0711 -0.7071068 0 -0.7071068 0 1 0 0.7071068 0 -0.7071068 3004.DAT
1  19 750.7867 -200 118.0711 -0.7071068 0 -0.7071068 0 1 0 0.7071068 0 -0.7071068 3069B.DAT
1  19 952 -168 171 0 0 1 0 1 0 -1 0 0 3831.DAT
1  19 952 -144 171 0 0 1 0 1 0 -1 0 0 3831.DAT
1  19 944.929 -120 149.7867 0.7071068 0 -0.7071068 0 1 0 0.7071068 0 0.7071068 2540.DAT
1  19 944.929 -112 149.7867 -0.7071068 0 0.7071068 0 1 0 -0.7071068 0 -0.7071068 3023.DAT
1  19 952 -144 171 -0.7071068 0 0.7071068 0 1 0 -0.7071068 0 -0.7071068 3830.DAT
1  19 952 -168 171 -0.7071068 0 0.7071068 0 1 0 -0.7071068 0 -0.7071068 3830.DAT
1  19 944.929 -192 149.7867 -0.7071068 0 0.7071068 0 1 0 -0.7071068 0 -0.7071068 3004.DAT
1  19 944.929 -200 149.7867 -0.7071068 0 0.7071068 0 1 0 -0.7071068 0 -0.7071068 3069B.DAT
1  19 892 -168 351 1 0 0 0 1 0 0 0 1 3831.DAT
1  19 892 -144 351 1 0 0 0 1 0 0 0 1 3831.DAT
1  19 913.3334 -120 344.3003 -0.7193398 0 -0.6946584 0 1 0 0.6946584 0 -0.7193398 2540.DAT
1  19 913.3334 -112 344.3003 0.7193398 0 0.6946584 0 1 0 -0.6946584 0 0.7193398 3023.DAT
1  19 892 -144 351 0.7193398 0 0.6946584 0 1 0 -0.6946584 0 0.7193398 3830.DAT
1  19 892 -168 351 0.7193398 0 0.6946584 0 1 0 -0.6946584 0 0.7193398 3830.DAT
1  19 913.3334 -192 344.3003 0.7193398 0 0.6946584 0 1 0 -0.6946584 0 0.7193398 3004.DAT
1  19 913.3334 -200 344.3003 0.7193398 0 0.6946584 0 1 0 -0.6946584 0 0.7193398 3069B.DAT
1  19 945.3 -112 312.3333 0.6946584 0 0.7193398 0 1 0 -0.7193398 0 0.6946584 3023.DAT
1  19 945.3 -120 312.3333 -0.6946584 0 -0.7193398 0 1 0 0.7193398 0 -0.6946584 2540.DAT
1  19 952 -144 291 0.6946584 0 0.7193398 0 1 0 -0.7193398 0 0.6946584 3831.DAT
1  19 952 -144 291 0 0 1 0 1 0 -1 0 0 3830.DAT
1  19 952 -168 291 0.6946584 0 0.7193398 0 1 0 -0.7193398 0 0.6946584 3831.DAT
1  19 952 -168 291 0 0 1 0 1 0 -1 0 0 3830.DAT
1  19 945.3 -192 312.3333 0.6946584 0 0.7193398 0 1 0 -0.7193398 0 0.6946584 3004.DAT
1  19 945.3 -200 312.3333 0.6946584 0 0.7193398 0 1 0 -0.7193398 0 0.6946584 3069B.DAT
1  19 772 -168 351 0.7071068 0 -0.7071068 0 1 0 0.7071068 0 0.7071068 3831.DAT
1  19 750.7868 -112 343.9289 0.7071068 0 -0.7071068 0 1 0 0.7071068 0 0.7071068 3023.DAT
1  19 750.7868 -120 343.9289 -0.7071068 0 0.7071068 0 1 0 -0.7071068 0 -0.7071068 2540.DAT
1  19 772 -144 351 0.7071068 0 -0.7071068 0 1 0 0.7071068 0 0.7071068 3831.DAT
1  19 750.7868 -192 343.9289 0.7071068 0 -0.7071068 0 1 0 0.7071068 0 0.7071068 3004.DAT
1  19 750.7868 -200 343.9289 0.7071068 0 -0.7071068 0 1 0 0.7071068 0 0.7071068 3069B.DAT
1  19 772 -144 351 1 0 0 0 1 0 0 0 1 3830.DAT
1  19 772 -168 351 1 0 0 0 1 0 0 0 1 3830.DAT
1  19 712 -168 171 -0.7071068 0 -0.7071068 0 1 0 0.7071068 0 -0.7071068 3831.DAT
1  19 719.071 -112 149.7868 -0.7071068 0 -0.7071068 0 1 0 0.7071068 0 -0.7071068 3023.DAT
1  19 719.071 -120 149.7868 0.7071068 0 0.7071068 0 1 0 -0.7071068 0 0.7071068 2540.DAT
1  19 712 -144 171 -0.7071068 0 -0.7071068 0 1 0 0.7071068 0 -0.7071068 3831.DAT
1  19 719.071 -192 149.7868 -0.7071068 0 -0.7071068 0 1 0 0.7071068 0 -0.7071068 3004.DAT
1  19 719.071 -200 149.7868 -0.7071068 0 -0.7071068 0 1 0 0.7071068 0 -0.7071068 3069B.DAT
1  19 712 -144 171 0 0 -1 0 1 0 1 0 0 3830.DAT
1  19 712 -168 171 0 0 -1 0 1 0 1 0 0 3830.DAT
1  19 892 -168 111 -0.6946584 0 0.7193398 0 1 0 -0.7193398 0 -0.6946584 3831.DAT
1  19 913.0865 -112 118.4402 -0.6946584 0 0.7193398 0 1 0 -0.7193398 0 -0.6946584 3023.DAT
1  19 913.0865 -120 118.4402 0.6946584 0 -0.7193398 0 1 0 0.7193398 0 0.6946584 2540.DAT
1  19 892 -144 111 -0.6946584 0 0.7193398 0 1 0 -0.7193398 0 -0.6946584 3831.DAT
1  19 913.0865 -192 118.4402 -0.6946584 0 0.7193398 0 1 0 -0.7193398 0 -0.6946584 3004.DAT
1  19 913.0865 -200 118.4402 -0.6946584 0 0.7193398 0 1 0 -0.7193398 0 -0.6946584 3069B.DAT
1  19 892 -144 111 -1 0 0 0 1 0 0 0 -1 3830.DAT
1  19 892 -168 111 -1 0 0 0 1 0 0 0 -1 3830.DAT
1  8 872 -192 271 1 0 0 0 1 0 0 0 1 30145.DAT
1  8 872 -192 191 1 0 0 0 1 0 0 0 1 30145.DAT
1  8 792 -192 191 1 0 0 0 1 0 0 0 1 30145.DAT
1  19 832 -176 111 1 0 0 0 1 0 0 0 1 3795.DAT
1  19 712 -176 231 0 0 -1 0 1 0 1 0 0 3795.DAT
1  19 952 -176 231 0 0 -1 0 1 0 1 0 0 3795.DAT
1  19 832 -200 111 1 0 0 0 1 0 0 0 1 3003.DAT
1  19 712 -200 231 1 0 0 0 1 0 0 0 1 3003.DAT
1  19 832 -200 351 1 0 0 0 1 0 0 0 1 3003.DAT
1  19 952 -200 231 1 0 0 0 1 0 0 0 1 3003.DAT
1  19 792 -200 121 1 0 0 0 1 0 0 0 1 32064A.DAT
1  19 872 -200 101 1 0 0 0 1 0 0 0 1 32064A.DAT
1  19 872 -200 121 1 0 0 0 1 0 0 0 1 32064A.DAT
1  19 872 -200 361 1 0 0 0 1 0 0 0 1 32064A.DAT
1  19 872 -200 341 1 0 0 0 1 0 0 0 1 32064A.DAT
1  19 792 -200 361 1 0 0 0 1 0 0 0 1 32064A.DAT
1  19 792 -200 341 1 0 0 0 1 0 0 0 1 32064A.DAT
1  19 702 -200 271 0 0 -1 0 1 0 1 0 0 32064A.DAT
1  19 722 -200 271 0 0 -1 0 1 0 1 0 0 32064A.DAT
1  19 702 -200 191 0 0 -1 0 1 0 1 0 0 32064A.DAT
1  19 722 -200 191 0 0 -1 0 1 0 1 0 0 32064A.DAT
1  19 942 -200 271 0 0 -1 0 1 0 1 0 0 32064A.DAT
1  19 962 -200 271 0 0 -1 0 1 0 1 0 0 32064A.DAT
1  19 962 -200 191 0 0 -1 0 1 0 1 0 0 32064A.DAT
1  19 942 -200 191 0 0 -1 0 1 0 1 0 0 32064A.DAT
1  19 832 -208 151 0 0 -1 0 1 0 1 0 0 3795.DAT
1  19 832 -208 311 0 0 -1 0 1 0 1 0 0 3795.DAT
1  19 752 -208 231 -1 0 0 0 1 0 0 0 -1 3795.DAT
1  19 912 -208 231 -1 0 0 0 1 0 0 0 -1 3795.DAT
1  19 912 -208 311 0 0 -1 0 1 0 1 0 0 6106.DAT
1  19 752 -208 311 -1 0 0 0 1 0 0 0 -1 6106.DAT
1  19 752 -208 151 0 0 1 0 1 0 -1 0 0 6106.DAT
1  8 882 -232 121 1 0 0 0 1 0 0 0 1 3040B.DAT
1  8 732 -216 281 1 0 0 0 1 0 0 0 1 3023.DAT
1  8 932 -216 181 1 0 0 0 1 0 0 0 1 3023.DAT
1  8 932 -216 281 1 0 0 0 1 0 0 0 1 3023.DAT
1  8 742 -224 181 1 0 0 0 1 0 0 0 1 3070B.DAT
1  8 922 -224 281 1 0 0 0 1 0 0 0 1 3070B.DAT
1  8 922 -224 181 1 0 0 0 1 0 0 0 1 3070B.DAT
1  7 932 -88 181 1 0 0 0 1 0 0 0 1 3701.DAT
1  7 732 -88 281 1 0 0 0 1 0 0 0 1 3701.DAT
1  7 732 -88 181 1 0 0 0 1 0 0 0 1 3701.DAT
1  7 882 -88 131 0 0 -1 0 1 0 1 0 0 3701.DAT
1  7 782 -88 131 0 0 -1 0 1 0 1 0 0 3701.DAT
1  7 782 -88 331 0 0 -1 0 1 0 1 0 0 3701.DAT
1  7 882 -88 331 0 0 -1 0 1 0 1 0 0 3701.DAT
1  0 792 -78 111 -1 0 0 0 -1 0 0 0 1 2780.DAT
1  0 872 -78 351 -1 0 0 0 -1 0 0 0 1 2780.DAT
1  0 792 -78 351 -1 0 0 0 -1 0 0 0 1 2780.DAT
1  0 952 -78 271 0 0 1 0 -1 0 1 0 0 2780.DAT
1  0 952 -78 191 0 0 1 0 -1 0 1 0 0 2780.DAT
1  0 712 -78 271 0 0 1 0 -1 0 1 0 0 2780.DAT
1  0 712 -78 191 0 0 1 0 -1 0 1 0 0 2780.DAT
1  7 972 -78 261 0 0 -1 -1 0 0 0 1 0 32523.DAT
1  7 692 -78 261 0 0 -1 -1 0 0 0 1 0 32523.DAT
1  7 692 -78 201 0 0 -1 -1 0 0 0 1 0 32523.DAT
1  7 862 -78 91 0 1 0 -1 0 0 0 0 1 32523.DAT
1  7 802 -78 91 0 1 0 -1 0 0 0 0 1 32523.DAT
1  7 862 -78 371 0 1 0 -1 0 0 0 0 1 32523.DAT
1  7 802 -78 371 0 1 0 -1 0 0 0 0 1 32523.DAT
1  7 807 -190 60 0 1 0 1 0 0 0 0 -1 41677.DAT
1  7 817 -190 60 0 1 0 1 0 0 0 0 -1 41677.DAT
1  7 847 -190 60 0 1 0 1 0 0 0 0 -1 41677.DAT
1  7 857 -190 60 0 1 0 1 0 0 0 0 -1 41677.DAT
1  0 832 -103.6437 18.46893 0 0 -1 0.9702957 -0.241922 0 -0.241922 -0.9702957 0 32062.DAT
1  7 832 -35.72301 1.534393 0 0 1 -0.9702957 -0.241922 0 0.241922 -0.9702957 0 4519.DAT
1  7 832 -74.53479 11.21127 -1 0 0 0 -0.241922 -0.9702957 0 -0.9702957 0.241922 32034.DAT
1  0 802 -190 60 -1 0 0 0 -1 0 0 0 1 32062.DAT
1  0 862 -190 60 -1 0 0 0 -1 0 0 0 1 32062.DAT
1  7 872 -190 80 -1 0 0 0 -1 0 0 0 1 32039.DAT
1  7 792 -190 100 0 0 1 0 -1 0 1 0 0 4519.DAT
1  7 872 -190 100 0 0 1 0 -1 0 1 0 0 4519.DAT
1  8 822 -132.7525 25.72662 0 -1 0 0.9702957 0 0.241922 -0.241922 0 0.9702957 4085C.DAT
1  0 832 -74.53479 11.21127 -1 0 0 0 0.05233584 -0.9986295 0 -0.9986295 -0.05233584 32062.DAT
1  7 842 -78 71 0 1 0 0.9986295 0 0.05233584 0.05233584 0 -0.9986295 2825.DAT
1  7 627.485 -131.7823 232 -0.2419221 -0.9702961 0 0.9702961 -0.2419221 0 0 0 1 32073.DAT
1  7 642 -190 232 0 -0.9702961 0.2419221 0 -0.2419221 -0.9702961 1 0 0 32013.DAT
1  7 612.9697 -73.56461 232 -0.008467366 0.9702961 0.2419221 -0.002111152 0.2419221 -0.9702961 -1 -0.008726579 0 32034.DAT
1  7 597.299 -12.54289 231.5698 -0.03386277 -0.2419221 0.9697047 -0.008442936 0.9702961 0.2417746 -0.9993907 0 -0.03489942 2654.DAT
1  7 599.6639 -20.1982 232 -0.008467324 -0.2419221 -0.9702961 -0.002111141 0.9702961 -0.2419221 1 0 -0.008726535 4032.DAT
1  7 603.293 -34.75259 232 0.2419221 -0.9702961 0 -0.9702961 -0.2419221 0 0 0 -1 4519.DAT
1  7 642 -190 247 0 0 1 1 0 0 0 1 0 41677.DAT
1  7 642 -190 217 0 0 1 1 0 0 0 1 0 41677.DAT
1  7 642 -190 232 0 0 1 0 -1 0 1 0 0 4519.DAT
1  7 642 -190 257 0 0 1 1 0 0 0 1 0 41677.DAT
1  7 642 -190 207 0 0 1 1 0 0 0 1 0 41677.DAT
1  0 662 -190 262 0 0 1 0 -1 0 1 0 0 32062.DAT
1  0 662 -190 202 0 0 1 0 -1 0 1 0 0 32062.DAT
1  7 682 -190 272 0 0 1 0 -1 0 1 0 0 32039.DAT
1  7 682 -190 192 0 0 1 0 -1 0 1 0 0 32039.DAT
1  7 702 -190 272 1 0 0 0 -1 0 0 0 -1 4519.DAT
1  7 702 -190 192 1 0 0 0 -1 0 0 0 -1 4519.DAT
1  7 672.75 -78.79489 242 -0.08717161 0 -0.9963463 -0.9963463 0 0.08717161 0 1 0 2825.DAT
1  7 672.741 -78.7941 222 0.08717161 0 -0.9963463 0.9963463 0 0.08717161 0 -1 0 2825.DAT
1  0 612.9602 -73.56381 232 0 -0.9963463 -0.08717161 0 0.08717161 -0.9963463 1 0 0 32062.DAT
1  0 672.75 -78.79489 232 0 0 1 0 1 0 -1 0 0 3705.DAT
1  7 841.437 -78.22176 391.1582 0 1 0 -0.9975256 0 0.07849031 0.07849031 0 0.9975256 2825.DAT
1  7 821.438 -78.22104 391.1673 0 -1 0 0.9975256 0 0.07849031 -0.07849031 0 0.9975256 2825.DAT
1  0 831.438 -73.51163 451.0188 1 0 0 0 0.07849031 -0.9975256 0 0.9975256 0.07849031 32062.DAT
1  0 831.437 -78.22176 391.1582 -1 0 0 0 1.000418 0.008749686 0 0.008749746 -1.000418 3705.DAT
1  7 831.438 -131.6273 435.9789 0 0 1 0.968585 -0.2505321 0 0.250513 0.9686588 0 32073.DAT
1  7 831.438 -189.7426 420.9482 1 0 0 0 -0.2505321 -0.968585 0 0.9686588 -0.250513 32013.DAT
1  7 831.438 -73.51233 451.0098 -1 -0.008725852 0 -0.002186079 0.250532 -0.968585 0.00845236 -0.9686588 -0.250513 32034.DAT
1  7 831.0081 -12.60205 467.2203 -0.9993144 0 -0.03489671 -0.008742735 0.968585 0.2503603 0.03380297 0.250513 -0.9679947 2654.DAT
1  7 831.4374 -20.24004 464.787 1 0 -0.008724608 -0.002185784 0.968585 -0.2505321 0.008451174 0.250513 0.9686588 4032.DAT
1  7 831.4374 -34.769 461.0293 0 0 -1 -0.968585 -0.2505321 0 -0.250513 0.9686588 0 4519.DAT
1  7 846.437 -189.7426 420.9482 0 1 0 1.000418 0 0.008749686 0.008749746 0 -1.000418 41677.DAT
1  7 816.439 -189.7424 420.9482 0 1 0 1.000418 0 0.008749686 0.008749746 0 -1.000418 41677.DAT
1  7 831.439 -189.7426 420.9482 1 0 0 0 -1.000418 0.008749686 0 -0.008749746 -1.000418 4519.DAT
1  7 856.439 -189.7424 420.9482 0 1 0 1.000418 0 0.008749686 0.008749746 0 -1.000418 41677.DAT
1  7 806.439 -189.7424 420.9482 0 1 0 1.000418 0 0.008749686 0.008749746 0 -1.000418 41677.DAT
1  0 861.437 -189.5674 400.9397 1 0 0 0 -1.000418 0.008749686 0 -0.008749746 -1.000418 32062.DAT
1  0 801.439 -189.5675 400.9397 1 0 0 0 -1.000418 0.008749686 0 -0.008749746 -1.000418 32062.DAT
1  7 871.437 -189.3925 380.9315 1 0 0 0 -1.000418 0.008749686 0 -0.008749746 -1.000418 32039.DAT
1  7 791.439 -189.3925 380.9315 1 0 0 0 -1.000418 0.008749686 0 -0.008749746 -1.000418 32039.DAT
1  7 871.437 -189.2174 360.9231 0 0 -1 0.008749686 -1.000418 0 -1.000418 -0.008749746 0 4519.DAT
1  7 791.439 -189.2174 360.923 0 0 -1 0.008749686 -1.000418 0 -1.000418 -0.008749746 0 4519.DAT
1  7 991.6709 -78.33234 220.4973 0.08715566 0 0.9967999 -0.9961945 0 0.08720879 0 -1 0 2825.DAT
1  7 991.68 -78.33154 240.4963 -0.08715566 0 0.9967999 0.9961945 0 0.08720879 0 1 0 2825.DAT
1  0 1051.488 -73.099 230.4963 0 0.9967999 0.08715566 0 0.08720879 -0.9961945 -1 0 0 32062.DAT
1  0 991.6709 -78.33234 230.4973 0 0 -1.00045 0 1 0 1 0 0 3705.DAT
1  7 1036.954 -131.3096 230.4963 0.2420848 0.9707936 0 0.9701647 -0.2418559 0 0 0 -1 32073.DAT
1  7 1022.429 -189.5196 230.4963 0 0.9707936 -0.2420848 0 -0.2418559 -0.9701647 -1 0 0 32013.DAT
1  7 1051.479 -73.09979 230.4963 0.008470988 -0.9707936 -0.2420848 -0.002110372 0.2418558 -0.9701647 1 0.008725852 0 32034.DAT
1  7 1067.159 -12.08617 230.9262 0.03387747 0.2420848 -0.9701282 -0.008439965 0.9701647 0.2416901 0.9993144 0 0.03489671 2654.DAT
1  7 1064.792 -19.74063 230.4968 0.0084698 0.2420848 0.9707936 -0.002110087 0.9701647 -0.2418559 -1 0 0.008724608 4032.DAT
1  7 1061.161 -34.29327 230.4963 -0.2420848 0.9707936 0 -0.9701647 -0.2418559 0 0 0 1 4519.DAT
1  7 1022.429 -189.5196 215.4973 0 0 -1.00045 1 0 0 0 -1 0 41677.DAT
1  7 1022.429 -189.5194 245.4953 0 0 -1.00045 1 0 0 0 -1 0 41677.DAT
1  7 1022.429 -189.5196 230.4953 0 0 -1.00045 0 -1 0 -1 0 0 4519.DAT
1  7 1022.429 -189.5194 205.4953 0 0 -1.00045 1 0 0 0 -1 0 41677.DAT
1  7 1022.429 -189.5194 255.4953 0 0 -1.00045 1 0 0 0 -1 0 41677.DAT
1  0 1002.42 -189.5196 200.4973 0 0 -1.00045 0 -1 0 -1 0 0 32062.DAT
1  0 1002.42 -189.5194 260.4953 0 0 -1.00045 0 -1 0 -1 0 0 32062.DAT
1  7 982.4108 -189.5196 190.4973 0 0 -1.00045 0 -1 0 -1 0 0 32039.DAT
1  7 982.4108 -189.5194 270.4953 0 0 -1.00045 0 -1 0 -1 0 0 32039.DAT
1  7 962.4017 -189.5196 190.4973 -1.00045 0 0 0 -1 0 0 0 1 4519.DAT
1  7 962.4017 -189.5194 270.4953 -1.00045 0 0 0 -1 0 0 0 1 4519.DAT
1  7 832 -96 231 -1 0 0 0 1 0 0 0 -1 3022.DAT
1  57 832 -40 231 -1 0 0 0 1 0 0 0 -1 4740.DAT
1  8 802 -240 71 0 0 1 0 1 0 -1 0 0 3633.DAT
1  8 832 -224 81 1 0 0 0 1 0 0 0 1 2412B.DAT
1  8 832 -224 61 1 0 0 0 1 0 0 0 1 2412B.DAT
1  8 832 -224 41 1 0 0 0 1 0 0 0 1 2412B.DAT
1  7 772 -224 231 0 0 1 0 1 0 -1 0 0 3795.DAT
1  7 892 -224 231 0 0 -1 0 1 0 1 0 0 3795.DAT
1  7 782 -232 231 0 0 -1 0 1 0 1 0 0 3710.DAT
1  7 882 -232 231 0 0 -1 0 1 0 1 0 0 3710.DAT
1  7 752 -248 231 0 0 -1 0 1 0 1 0 0 2456.DAT
1  7 782 -248 231 0 0 -1 0 1 0 1 0 0 3710.DAT
1  7 882 -248 231 0 0 -1 0 1 0 1 0 0 3710.DAT
1  7 832 -248 281 1 0 0 0 1 0 0 0 1 3666.DAT
1  7 742 -224 231 0 0 -1 0 1 0 1 0 0 3710.DAT
1  7 922 -224 231 0 0 -1 0 1 0 1 0 0 3710.DAT
1  7 922 -272 231 0 0 -1 0 1 0 1 0 0 3009.DAT
1  7 812 -272 281 -1 0 0 0 1 0 0 0 -1 3747.DAT
1  7 852 -272 281 -1 0 0 0 1 0 0 0 -1 3747.DAT
1  7 892 -272 281 -1 0 0 0 1 0 0 0 -1 3747.DAT
1  8 742 -296 231 0 0 1 0 1 0 -1 0 0 30414.DAT
1  7 902 -320 311 0 0 -1 0 1 0 1 0 0 3010.DAT
1  7 902 -296 331 0 0 -1 0 1 0 1 0 0 3010.DAT
1  7 762 -296 331 0 0 -1 0 1 0 1 0 0 3010.DAT
1  7 922 -320 261 0 0 -1 0 1 0 1 0 0 3622.DAT
1  7 922 -320 211 0 0 -1 0 1 0 1 0 0 3004.DAT
1  8 832 -320 281 1 0 0 0 1 0 0 0 1 30414.DAT
1  7 832 -328 281 -1 0 0 0 1 0 0 0 -1 3710.DAT
1  7 832 -336 281 -1 0 0 0 1 0 0 0 -1 3710.DAT
1  7 922 -320 181 -1 0 0 0 1 0 0 0 -1 30099.DAT
1  7 832 -224 181 -1 0 0 0 1 0 0 0 -1 3710.DAT
1  8 832 -344 361 -1 0 0 0 1 0 0 0 -1 2877.DAT
1  8 872 -344 361 -1 0 0 0 1 0 0 0 -1 2877.DAT
1  8 762 -328 331 0 0 -1 0 1 0 1 0 0 3023.DAT
1  8 902 -328 331 0 0 -1 0 1 0 1 0 0 3023.DAT
1  7 902 -344 361 1 0 0 0 1 0 0 0 1 3005.DAT
1  8 762 -336 331 0 0 1 0 1 0 -1 0 0 44728.DAT
1  7 902 -344 331 0 0 -1 0 1 0 1 0 0 3023.DAT
1  7 922 -344 231 0 0 -1 0 1 0 1 0 0 3010.DAT
1  7 742 -344 231 0 0 -1 0 1 0 1 0 0 3010.DAT
1  7 762 -344 281 0 0 -1 0 1 0 1 0 0 2357.DAT
1  7 782 -368 331 0 0 1 0 1 0 -1 0 0 3037.DAT
1  7 832 -368 361 -1 0 0 0 1 0 0 0 -1 3010.DAT
1  8 940 -326 341 0 -1 0 1 0 0 0 0 1 3045.DAT
1  8 964 -326 341 0 -1 0 -1 0 0 0 0 -1 3963.DAT
1  8 832 -360 281 1 0 0 0 1 0 0 0 1 30414.DAT
1  7 922 -368 281 -1 0 0 0 1 0 0 0 -1 2357.DAT
1  7 742 -368 281 0 0 1 0 1 0 -1 0 0 2357.DAT
1  7 742 -368 221 0 0 -1 0 1 0 1 0 0 3622.DAT
1  7 922 -368 221 0 0 -1 0 1 0 1 0 0 3622.DAT
1  7 832 -392 281 1 0 0 0 1 0 0 0 1 3008.DAT
1  7 742 -416 181 0 0 1 0 1 0 -1 0 0 2339.DAT
1  7 822 -392 321 -1 0 0 0 1 0 0 0 -1 3675.DAT
1  7 842 -392 301 0 0 -1 0 1 0 1 0 0 4286.DAT
1  7 822 -392 301 0 0 1 0 1 0 -1 0 0 4286.DAT
1  7 922 -392 251 0 0 -1 0 1 0 1 0 0 3010.DAT
1  7 742 -392 231 0 0 -1 0 1 0 1 0 0 32064A.DAT
1  7 742 -392 191 0 0 -1 0 1 0 1 0 0 3004.DAT
1  7 742 -392 271 0 0 -1 0 1 0 1 0 0 3004.DAT
1  7 902 -416 201 0 0 -1 0 1 0 1 0 0 3038.DAT
1  7 762 -416 261 0 0 1 0 1 0 -1 0 0 3038.DAT
1  7 762 -416 201 0 0 1 0 1 0 -1 0 0 3038.DAT
1  7 832 -416 281 1 0 0 0 1 0 0 0 1 3009.DAT
1  8 772 -424 181 1 0 0 0 1 0 0 0 1 2412B.DAT
1  8 892 -424 181 1 0 0 0 1 0 0 0 1 2412B.DAT
1  15 727.8578 -422 325 0 0 -1 1 0 0 0 -1 0 4592.DAT
1  0 727.8578 -422 325 0 1 0 1 0 0 0 0 -1 4593.DAT
1  15 742 -436.1422 325 -1 0 0 0 0 -1 0 -1 0 4592.DAT
1  0 742 -436.1422 325 -1 0 0 0 1 0 0 0 -1 4593.DAT
1  15 756.1422 -422 325 0 0 1 -1 0 0 0 -1 0 4592.DAT
1  0 756.1422 -422 325 0 -1 0 -1 0 0 0 0 -1 4593.DAT
1  7 872 -424 281 1 0 0 0 1 0 0 0 1 3710.DAT
1  8 832 -432 201 1 0 0 0 1 0 0 0 1 3023.DAT
1  8 832 -432 261 1 0 0 0 1 0 0 0 1 3023.DAT
1  8 862 -432 231 0 0 -1 0 1 0 1 0 0 3710.DAT
1  7 939 -284 201 0 -1 0 1 0 0 0 0 1 2419.DAT
1  7 963 -314 261 0 -1 0 -1 0 0 0 0 -1 2462.DAT
1  7 963 -314 201 0 -1 0 0 0 1 -1 0 0 2462.DAT
1  7 963 -254 201 0 -1 0 1 0 0 0 0 1 2462.DAT
1  7 1003 -284 231 0 -1 0 0 0 -1 1 0 0 4032.DAT
1  0 1000 -284 231 1 0 0 0 0 1 0 -1 0 32062.DAT
1  0 932 -382 191 1 0 0 0 0 1 0 -1 0 32062.DAT
1  0 961 -411 191 0 0 -1 1 0 0 0 -1 0 32062.DAT
1  15 961 -416 191 1 0 0 0 1 0 0 0 1 4032.DAT
1  15 971 -424 201 0.7071068 0 0.7071068 0 1 0 -0.7071068 0 0.7071068 4592.DAT
1  0 971 -424 201 0.7071068 -0.7071068 0 0 0 1 -0.7071068 -0.7071068 0 4593.DAT
1  15 951 -424 201 0.7071068 0 -0.7071068 0 1 0 0.7071068 0 0.7071068 4592.DAT
1  0 951 -424 201 0.7071068 0.7071068 0 0 0 1 0.7071068 -0.7071068 0 4593.DAT
1  15 951 -424 181 -0.7071068 0 -0.7071068 0 1 0 0.7071068 0 -0.7071068 4592.DAT
1  0 951 -424 181 -0.7071068 0.7071068 0 0 0 1 0.7071068 0.7071068 0 4593.DAT
1  15 971 -424 181 -0.7071068 0 0.7071068 0 1 0 -0.7071068 0 -0.7071068 4592.DAT
1  0 971 -424 181 -0.7071068 -0.7071068 0 0 0 1 -0.7071068 0.7071068 0 4593.DAT
1  7 708 -316 231 0 1 0 1 0 0 0 0 -1 3001.DAT
1  7 693 -308.2484 230.9863 0 1 0 1 0 0 0 0 -1 4032.DAT
1  8 701 -308.2484 230.9863 0 1 0 1 0 0 0 0 -1 4032.DAT
1  7 684 -309 231 0 1 0 0 0 1 1 0 0 2418B.DAT
1  0 689 -309 231 1 0 0 0 0 -1 0 1 0 32062.DAT
1  7 676 -309 231 0 1 0 0 0 -1 -1 0 0 4032.DAT
1  0 732 -382 231 1 0 0 0 0 -1 0 1 0 32062.DAT
1  1 675.2836 -370.5196 231 0.9238809 0.3826803 0 -0.3826803 0.9238809 0 0 0 1 43093.DAT
1  1 654.5643 -394.4092 231 0.3826802 0 -0.9238808 0.9238808 0 0.3826803 0 -1 0 43093.DAT
1  8 832 -408 131 0 0 -1 0 1 0 1 0 0 3031.DAT
1  8 862 -432 161 0 0 -1 0 1 0 1 0 0 3622.DAT
1  8 862 -432 121 1 0 0 0 1 0 0 0 1 3040B.DAT
1  8 802 -432 121 1 0 0 0 1 0 0 0 1 3040B.DAT
1  7 873 -360 272 0 0 -1 -1 0 0 0 1 0 30565.DAT
1  7 793 -360 272 -1 0 0 0 0 1 0 1 0 30565.DAT
1  7 793 -280 272 0 0 1 1 0 0 0 1 0 30565.DAT
1  7 833 -320 128 0 0 -1 -1 0 0 0 1 0 30562.DAT
1  7 833 -320 128 -1 0 0 0 0 1 0 1 0 30562.DAT
1  7 833 -320 128 0 0 1 1 0 0 0 1 0 30562.DAT
1  8 783 -320 120 0 0 -1 -1 0 0 0 1 0 3666.DAT
1  8 883 -320 120 0 0 -1 -1 0 0 0 1 0 3666.DAT
1  8 833 -390 120 -1 0 0 0 0 1 0 1 0 3710.DAT
1  8 803 -370 96 -1 0 0 0 0 1 0 1 0 3063.DAT
1  8 763 -320 120 0 0 1 1 0 0 0 1 0 44728.DAT
1  8 903 -320 120 0 0 -1 -1 0 0 0 1 0 44728.DAT
1  8 833 -350 112 1 0 0 0 0 -1 0 1 0 3666.DAT
1  8 883 -350 104 1 0 0 0 0 -1 0 1 0 3024.DAT
1  7 833 -350 104 1 0 0 0 0 -1 0 1 0 44568.DAT
1  8 833 -350 96 1 0 0 0 0 -1 0 1 0 3666.DAT
1  7 833 -300 104 1 0 0 0 0 -1 0 1 0 44570.DAT
1  7 803 -290 112 0 0 1 1 0 0 0 1 0 2420.DAT
1  7 833 -280 120 -1 0 0 0 0 1 0 1 0 2654.DAT
1  8 883 -290 96 1 0 0 0 0 -1 0 1 0 4286.DAT
1  8 883 -320 96 0 0 -1 -1 0 0 0 1 0 3039.DAT
1  8 783 -320 96 0 0 1 1 0 0 0 1 0 3039.DAT
1  8 725 -330 130 0 1 0 1 0 0 0 0 -1 3045.DAT
1  8 941 -330 130 0 -1 0 0 0 -1 1 0 0 3045.DAT
1  8 701 -330 130 0 1 0 -1 0 0 0 0 1 3963.DAT
1  8 965 -330 130 0 -1 0 1 0 0 0 0 1 3963.DAT
1  15 650.7375 -403.648 217 1 0 0 0 0 1 0 -1 0 43898.DAT
1  15 832 -431.452 92.46411 1 0 0 0 -0.7660445 0.6427875 0 -0.6427875 -0.7660445 43898.DAT
1  15 1167 -16 59 1 0 0 0 1 0 0 0 1 4740.DAT
1  15 1119 -80 105 1 0 0 0 1 0 0 0 1 973.DAT
1  15 1134.6 -71.0359 105 0.9848072 0.1736514 0 -0.1736514 0.9848072 0 0 0 1 3819.DAT
1  15 1103.4 -71.03591 105 0.9848071 -0.1736514 0 0.1736514 0.9848071 0 0 0 1 3818.DAT
1  15 1095.177 -53.19283 95.71067 0.9848071 -0.1227901 0.12279 0.1736514 0.6963639 -0.6963636 0 0.7071065 0.7071068 3820.DAT
1  15 1142.343 -54.11514 95.18057 0.9568327 0.2634261 -0.1227907 -0.2721903 0.6640705 -0.6963636 -0.1018987 0.6997257 0.7071066 3820.DAT
1  15 1120 -80 105 1 0 0 0 1 0 0 0 1 30323.DAT
1  15 1032 -80 52 1 0 0 0 1 0 0 0 1 973.DAT
1  15 1032 -48 52 1 0 0 0 1 0 0 0 1 3815C01.DAT
1  15 1047.6 -71.0359 52 0.9848072 0.1736514 0 -0.1736514 0.9848072 0 0 0 1 3819.DAT
1  15 1016.4 -71.03591 52 0.9848071 -0.1736514 0 0.1736514 0.9848071 0 0 0 1 3818.DAT
1  15 1055.343 -54.11514 42.18058 0.9568327 0.2634261 -0.1227907 -0.2721903 0.6640705 -0.6963636 -0.1018987 0.6997257 0.7071066 3820.DAT
1  15 1008.177 -53.19283 42.71067 0.9848071 -0.1227901 0.12279 0.1736514 0.6963639 -0.6963636 0 0.7071065 0.7071068 3820.DAT
1  15 1032 -107 52 1 0 0 0 1 0 0 0 1 2446.DAT
1  14 1032 -107 52 1 0 0 0 1 0 0 0 1 3626BP69.DAT
1  40 1032 -106 53 1 0 0 0 1 0 0 0 1 2447.DAT
1  15 1033 -80 52 1 0 0 0 1 0 0 0 1 30323.DAT


0 WORLD  -271.5734 -104.1994 -456.8703 0.9968048 3.118184E-07 -0.07991526 -0.0477244 0.8020949 -0.5952868 0.06409954 0.5971944 0.7995331
0 CENTRE  832 -436 231
0 LOOKAT  607 -471 0
0 ROTANGLE -0.07999907
0 ZOOM  80
