0 FILE 10030 - main.ldr
0 main
0 Name: 10030 - main.ldr
0 Author: Roland Dahl [rolandd]
0 !LDRAW_ORG Model
0 !LICENSE Redistributable under CCAL version 2.0 : see CAreadme.txt

0 !THEME Star Wars / Ultimate Collector Series / Star Wars Episode 4/5/6

0 !LICENSE Redistributable under CCAL version 2.0 : see CAreadme.txt
1 4 -630 -112 0 0.996 -0.087 0 0.087 0.996 0 0 0 1 10030 - subModel-53.ldr
1 4 -2465.255 272.825 -330 0 0 1 0 1 0 -1 0 0 10030 - subModel-127.ldr
1 4 -2098.343 350.771 -300 -0.497 0.709 0.5 0.819 0.574 0 -0.287 0.409 -0.866 10030 - subModel-134.ldr


0 FILE 10030 - subModel-1.ldr
0 subModel-1
0 Name: 10030 - subModel-1.ldr
0 Author: Roland Dahl [rolandd]
0 !LDRAW_ORG Model
0 !LICENSE Redistributable under CCAL version 2.0 : see CAreadme.txt
0 !THEME Star Wars / Ultimate Collector Series / Star Wars Episode 4/5/6
1 8 0 0 0 1 0 0 0 1 0 0 0 1 2625.dat
1 7 -10 -24 -90 0 0 1 0 1 0 -1 0 0 3703.dat
1 7 10 -24 -90 0 0 1 0 1 0 -1 0 0 3703.dat
0 STEP
1 0 160 -24 60 -1 0 0 0 1 0 0 0 -1 32018.dat
1 0 -160 -24 60 -1 0 0 0 1 0 0 0 -1 32018.dat
1 8 0 0 -250 0 0 -1 0 1 0 1 0 0 3832.dat
1 0 20 -14 -170 -1 0 0 0 1 0 0 0 -1 2780.dat
1 0 20 -14 -130 -1 0 0 0 1 0 0 0 -1 2780.dat
1 0 -20 -14 -170 -1 0 0 0 1 0 0 0 -1 2780.dat
1 0 -20 -14 -130 -1 0 0 0 1 0 0 0 -1 2780.dat
0 STEP
1 7 -10 -24 -410 0 0 1 0 1 0 -1 0 0 3703.dat
1 7 10 -24 -410 0 0 1 0 1 0 -1 0 0 3703.dat
1 8 0 -32 0 1 0 0 0 1 0 0 0 1 2625.dat
0 STEP
1 8 0 -32 -250 0 0 -1 0 1 0 1 0 0 3832.dat
1 8 0 0 -570 0 0 -1 0 1 0 1 0 0 3832.dat
1 0 20 -14 -550 -1 0 0 0 1 0 0 0 -1 2780.dat
1 0 -20 -14 -550 -1 0 0 0 1 0 0 0 -1 2780.dat
1 8 300 0 60 -1 0 0 0 1 0 0 0 -1 4477.dat
1 8 -300 0 60 -1 0 0 0 1 0 0 0 -1 4477.dat
0 STEP
1 1 -616.653 0 52.109 0.951 0 -0.308 0 1 0 0.308 0 0.951 10030 - subModel-2.ldr
0 STEP
1 8 -300 -32 60 -1 0 0 0 1 0 0 0 -1 4477.dat
1 7 -10 -24 -730 0 0 1 0 1 0 -1 0 0 3703.dat
1 7 10 -24 -730 0 0 1 0 1 0 -1 0 0 3703.dat
1 0 20 -14 -590 -1 0 0 0 1 0 0 0 -1 2780.dat
1 0 -20 -14 -590 -1 0 0 0 1 0 0 0 -1 2780.dat
1 8 0 -32 -570 0 0 -1 0 1 0 1 0 0 3832.dat
0 STEP
1 8 -350 0 -730 1 0 0 0 1 0 0 0 1 10030 - subModel-5.ldr
0 STEP
1 8 -321.204 0 -924.369 0.308 0 0.951 0 1 0 -0.951 0 0.308 4477.dat
1 8 -367.187 -32 -750.055 0.951 0 -0.308 0 1 0 0.308 0 0.951 3068b.dat
1 8 0 0 -890 0 0 1 0 1 0 -1 0 0 3832.dat
0 STEP
1 8 320 24 -690 1 0 0 0 1 0 0 0 1 10030 - subModel-6.ldr
1 7 610 0 50 1 0 0 0 1 0 0 0 1 10030 - subModel-7.ldr
0 STEP
0 STEP
1 7 0 -32 -710 1 0 0 0 1 0 0 0 1 4282.dat
1 8 321.204 0 -924.369 -0.308 0 0.951 0 1 0 -0.951 0 -0.308 4477.dat
1 8 367.187 -32 -750.055 -0.308 0 0.951 0 1 0 -0.951 0 -0.308 3068b.dat
0 STEP
1 7 271.875 -24 -1076.575 -0.308 0 0.951 0 1 0 -0.951 0 -0.308 3703.dat
1 8 222.545 0 -1228.781 -0.308 0 0.951 0 1 0 -0.951 0 -0.308 4477.dat
1 7 -271.875 -24 -1076.575 0.308 0 0.951 0 1 0 -0.951 0 0.308 3703.dat
1 8 -222.545 0 -1228.781 0.308 0 0.951 0 1 0 -0.951 0 0.308 4477.dat
1 7 -10 -24 -1050 0 0 1 0 1 0 -1 0 0 3703.dat
1 7 10 -24 -1050 0 0 1 0 1 0 -1 0 0 3703.dat
1 8 0 0 -1210 0 0 1 0 1 0 -1 0 0 3832.dat
1 0 -219.199 -14 -1206.672 -0.951 0 0.308 0 1 0 -0.308 0 -0.951 2780.dat
1 0 219.199 -14 -1206.672 -0.951 0 -0.308 0 1 0 0.308 0 -0.951 2780.dat
1 1 244.39 -14 -1193.813 0.951 0 0.308 0 1 0 -0.308 0 0.951 4274.dat
1 1 256.723 -14 -1155.761 0.951 0 0.308 0 1 0 -0.308 0 0.951 4274.dat
1 1 306.052 -14 -1003.555 0.951 0 0.308 0 1 0 -0.308 0 0.951 4274.dat
1 1 318.385 -14 -965.504 0.951 0 0.308 0 1 0 -0.308 0 0.951 4274.dat
1 1 -318.385 -14 -965.504 -0.951 0 0.308 0 1 0 -0.308 0 -0.951 4274.dat
1 1 -306.052 -14 -1003.555 -0.951 0 0.308 0 1 0 -0.308 0 -0.951 4274.dat
1 1 -256.723 -14 -1155.761 -0.951 0 0.308 0 1 0 -0.308 0 -0.951 4274.dat
1 1 -244.39 -14 -1193.813 -0.951 0 0.308 0 1 0 -0.308 0 -0.951 4274.dat
0 STEP
1 7 -173.216 -24 -1380.987 0.308 0 0.951 0 1 0 -0.951 0 0.308 3703.dat
1 7 -10 -24 -1370 0 0 1 0 1 0 -1 0 0 3703.dat
1 7 10 -24 -1370 0 0 1 0 1 0 -1 0 0 3703.dat
1 7 173.216 -24 -1380.987 -0.308 0 0.951 0 1 0 -0.951 0 -0.308 3703.dat
1 8 -123.886 0 -1533.193 0.308 0 0.951 0 1 0 -0.951 0 0.308 4477.dat
1 8 123.886 0 -1533.193 -0.308 0 0.951 0 1 0 -0.951 0 -0.308 4477.dat
1 8 0 -32 -890 0 0 1 0 1 0 -1 0 0 3832.dat
1 0 -206.866 -14 -1244.724 -0.951 0 0.308 0 1 0 -0.308 0 -0.951 2780.dat
1 0 206.866 -14 -1244.724 -0.951 0 -0.308 0 1 0 0.308 0 -0.951 2780.dat
1 0 20 -14 -1390 1 0 0 0 0 1 0 -1 0 2780.dat
1 0 20 -14 -1350 1 0 0 0 0 1 0 -1 0 2780.dat
1 0 -20 -14 -1350 1 0 0 0 0 1 0 -1 0 2780.dat
1 0 -20 -14 -1390 1 0 0 0 0 1 0 -1 0 2780.dat
1 1 139.565 -14 -1517.25 0.951 0 0.308 0 1 0 -0.308 0 0.951 4274.dat
1 1 195.061 -14 -1346.018 0.951 0 0.308 0 1 0 -0.308 0 0.951 4274.dat
1 1 182.729 -14 -1384.07 0.951 0 0.308 0 1 0 -0.308 0 0.951 4274.dat
1 1 -139.565 -14 -1517.25 -0.951 0 0.308 0 1 0 -0.308 0 -0.951 4274.dat
1 1 -195.061 -14 -1346.018 -0.951 0 0.308 0 1 0 -0.308 0 -0.951 4274.dat
1 1 -182.729 -14 -1384.07 -0.951 0 0.308 0 1 0 -0.308 0 -0.951 4274.dat
1 8 321.204 -32 -924.369 -0.308 0 0.951 0 1 0 -0.951 0 -0.308 4162.dat
1 8 -321.204 -32 -924.369 0.308 0 0.951 0 1 0 -0.951 0 0.308 4162.dat
0 STEP
1 8 0 0 -1530 1 0 0 0 1 0 0 0 1 10030 - subModel-8.ldr
1 8 222.545 -32 -1228.781 -0.308 0 0.951 0 1 0 -0.951 0 -0.308 4162.dat
1 8 -222.545 -32 -1228.781 0.308 0 0.951 0 1 0 -0.951 0 0.308 4162.dat
1 8 0 -32 -1210 0 0 1 0 1 0 -1 0 0 3832.dat
0 STEP
1 7 74.557 -24 -1685.398 -0.308 0 0.951 0 1 0 -0.951 0 -0.308 3703.dat
1 7 -74.557 -24 -1685.398 0.308 0 0.951 0 1 0 -0.951 0 0.308 3703.dat
1 8 0 -32 -1530 0 0 1 0 1 0 -1 0 0 3832.dat
1 1 90.236 -14 -1669.456 0.951 0 0.308 0 1 0 -0.308 0 0.951 4274.dat
1 1 65.571 -14 -1745.559 0.951 0 0.308 0 1 0 -0.308 0 0.951 4274.dat
1 1 53.239 -14 -1783.61 0.951 0 0.308 0 1 0 -0.308 0 0.951 4274.dat
1 1 47.073 -14 -1802.636 0.951 0 0.308 0 1 0 -0.308 0 0.951 4274.dat
1 1 40.907 -14 -1821.662 0.951 0 0.308 0 1 0 -0.308 0 0.951 4274.dat
1 1 -40.907 -14 -1821.662 -0.951 0 0.308 0 1 0 -0.308 0 -0.951 4274.dat
1 1 -47.073 -14 -1802.636 -0.951 0 0.308 0 1 0 -0.308 0 -0.951 4274.dat
1 1 -53.239 -14 -1783.61 -0.951 0 0.308 0 1 0 -0.308 0 -0.951 4274.dat
1 1 -65.571 -14 -1745.559 -0.951 0 0.308 0 1 0 -0.308 0 -0.951 4274.dat
1 1 -90.236 -14 -1669.456 -0.951 0 0.308 0 1 0 -0.308 0 -0.951 4274.dat
0 STEP
1 8 123.886 -32 -1533.193 -0.308 0 0.951 0 1 0 -0.951 0 -0.308 4162.dat
1 8 -123.886 -32 -1533.193 0.308 0 0.951 0 1 0 -0.951 0 0.308 4162.dat
1 8 -77.377 -32 -1644.264 0.951 0 -0.308 0 1 0 0.308 0 0.951 3068b.dat
1 8 77.377 -32 -1644.264 -0.308 0 0.951 0 1 0 -0.951 0 -0.308 3068b.dat
1 8 140.356 -14 -1612.115 -0.308 0 0.951 0 1 0 -0.951 0 -0.308 10030 - subModel-4.ldr
1 7 -140.356 -14 -1612.115 -0.308 0 -0.951 0 1 0 0.951 0 -0.308 10030 - subModel-4.ldr
0 STEP
1 8 0 -40 -1150 1 0 0 0 1 0 0 0 1 10030 - subModel-9.ldr
1 8 0 -48 -650 1 0 0 0 1 0 0 0 1 10030 - subModel-11.ldr
0 STEP
1 7 0 -56 10 1 0 0 0 1 0 0 0 1 10030 - subModel-12.ldr
0 STEP
1 8 85.499 -14 -1709.983 0 -0.951 0.308 1 0 0 0 0.308 0.951 10030 - subModel-13.ldr
1 8 36.195 -14 -1862.166 0 -0.951 0.308 1 0 0 0 0.308 0.951 10030 - subModel-14.ldr
1 8 165.653 -14 -1462.654 0 -0.951 0.308 1 0 0 0 0.308 0.951 10030 - subModel-14.ldr
1 8 227.309 -14 -1272.402 0 -0.951 0.308 1 0 0 0 0.308 0.951 10030 - subModel-14.ldr
1 8 288.971 -14 -1082.145 0 -0.951 0.308 1 0 0 0 0.308 0.951 10030 - subModel-14.ldr
1 8 350.633 -14 -891.888 0 -0.951 0.308 1 0 0 0 0.308 0.951 10030 - subModel-14.ldr
1 8 473.956 -14 -511.373 0 -0.951 0.308 1 0 0 0 0.308 0.951 10030 - subModel-14.ldr
1 8 535.624 -14 -321.11 0 -0.951 0.308 1 0 0 0 0.308 0.951 10030 - subModel-14.ldr
1 8 628.11 -14 -35.73 0 -0.951 0.308 1 0 0 0 0.308 0.951 10030 - subModel-14.ldr
1 8 -36.207 -14 -1862.154 0 0.951 0.308 1 0 0 0 0.308 -0.951 10030 - subModel-14.ldr
1 7 -85.499 -14 -1709.983 0 0.951 0.308 1 0 0 0 0.308 -0.951 10030 - subModel-13.ldr
1 8 -165.653 -14 -1462.654 0 0.951 0.308 1 0 0 0 0.308 -0.951 10030 - subModel-14.ldr
1 8 -227.309 -14 -1272.402 0 0.951 0.308 1 0 0 0 0.308 -0.951 10030 - subModel-14.ldr
1 8 -289.02 -14 -1082.099 0 0.951 0.308 1 0 0 0 0.308 -0.951 10030 - subModel-14.ldr
1 8 -350.951 -14 -891.575 0 0.951 0.308 1 0 0 0 0.308 -0.951 10030 - subModel-14.ldr
1 8 -474.151 -14 -511.175 0 0.951 0.308 1 0 0 0 0.308 -0.951 10030 - subModel-14.ldr
1 8 -535.751 -14 -320.975 0 0.951 0.308 1 0 0 0 0.308 -0.951 10030 - subModel-14.ldr
1 8 -628.151 -14 -35.675 0 0.951 0.308 1 0 0 0 0.308 -0.951 10030 - subModel-14.ldr
0 STEP
1 8 0 22 0 -1 0 0 0 -1 0 0 0 1 10030 - subModel-15.ldr
1 8 30 6 -1336 0 0 -1 -1 0 0 0 1 0 10030 - subModel-16.ldr
1 8 -30 7 -1336 0 0 -1 -1 0 0 0 1 0 10030 - subModel-16.ldr
1 8 486 6 40 0 -1 0 -1 0 0 0 0 -1 10030 - subModel-16.ldr
1 8 226 7 -700 0 -1 0 -1 0 0 0 0 -1 10030 - subModel-16.ldr
1 8 -226 7 -700 0 1 0 -1 0 0 0 0 1 10030 - subModel-16.ldr
1 8 -486.028 6 39.993 0 1 0 -1 0 0 0 0 1 10030 - subModel-16.ldr
1 8 -213.83 5.607 -1190.779 0 -0.305 -0.923 -0.98 0 0 0 0.942 -0.299 10030 - subModel-16.ldr
1 8 -509.927 5.607 -277.426 0 -0.305 -0.923 -0.98 0 0 0 0.942 -0.299 10030 - subModel-16.ldr
1 8 213.994 6 -1190.271 0 0.308 -0.951 -1 0 0 0 0.951 0.308 10030 - subModel-16.ldr
1 8 509.971 6 -277.036 0 0.308 -0.951 -1 0 0 0 0.951 0.308 10030 - subModel-16.ldr
0 STEP
1 8 -469.081 -14 -656.638 0.308 0 -0.951 0 -1 0 -0.951 0 -0.308 10030 - subModel-17.ldr
1 8 468.86 36 -656.854 -0.308 0 0.951 0 1 0 -0.951 0 -0.308 10030 - subModel-17.ldr
1 8 50 182 -10 0 0 -1 0 -1 0 -1 0 0 10030 - subModel-18.ldr
1 8 -50 182 -10 0 0 1 0 -1 0 1 0 0 10030 - subModel-18.ldr
0 STEP
0 STEP
0 STEP
0 STEP
1 1 0 -104 -630 1 0 0 0 1 0 0 0 1 10030 - subModel-21.ldr
0 STEP
1 7 0 -168 10 0 0 -1 0 1 0 1 0 0 10030 - subModel-22.ldr
0 STEP
1 8 400.159 76 85.958 0 0 -1 1 0 0 0 -1 0 10030 - subModel-25.ldr
0 STEP
1 8 140 76 86 -1 0 0 0 0 -1 0 -1 0 10030 - subModel-26.ldr
0 STEP
1 8 -140 76 86 -1 0 0 0 0 -1 0 -1 0 10030 - subModel-28.ldr
0 STEP
1 8 -400 76 86 0 0 -1 1 0 0 0 -1 0 10030 - subModel-29.ldr
0 STEP
1 7 400 -54 86 0 0 -1 1 0 0 0 -1 0 10030 - subModel-30.ldr
0 STEP
1 7 140 -54 86 -1 0 0 0 0 -1 0 -1 0 10030 - subModel-31.ldr
0 STEP
1 7 -140 -54 86 -1 0 0 0 0 -1 0 -1 0 10030 - subModel-32.ldr
0 STEP
1 7 -400.012 -54 85.958 0 0 -1 1 0 0 0 -1 0 10030 - subModel-33.ldr
0 STEP
1 7 360.159 16 101.958 1 0 0 0 0 1 0 -1 0 10030 - subModel-34.ldr
1 7 0 6 102 1 0 0 0 0 1 0 -1 0 10030 - subModel-34.ldr
1 7 -360 16 102 1 0 0 0 0 1 0 -1 0 10030 - subModel-34.ldr
0 STEP
1 14 560.804 97.335 102.067 -0.919 -0.246 0.308 0.259 -0.966 0 0.298 0.08 0.951 10030 - subModel-37.ldr
0 STEP
0 STEP
1 14 -266.646 180.171 197.071 -0.919 0.246 -0.308 -0.259 -0.966 0 -0.298 0.08 0.951 10030 - subModel-43.ldr
0 STEP


0 FILE 10030 - subModel-2.ldr
0 subModel-2
0 Author: Roland Dahl [rolandd]
0 Name: 10030 - subModel-2.ldr
0 !LDRAW_ORG Model
0 !LICENSE Redistributable under CCAL version 2.0 : see CAreadme.txt
0 !THEME Star Wars / Ultimate Collector Series / Star Wars Episode 4/5/6
1 8 5.679 0 -4.057 0.951 0 0.308 0 1 0 -0.308 0 0.951 3021.dat
0 STEP
1 7 -10 -24 -20 0 0 -1 0 1 0 1 0 0 10030 - subModel-3.ldr
0 STEP
1 8 -20 0 -120 0 0 -1 0 1 0 1 0 0 4477.dat
0 STEP
1 7 -20 -24 -220 0 0 -1 0 1 0 1 0 0 3703.dat
1 8 -20 0 -380 0 0 -1 0 1 0 1 0 0 4477.dat
0 STEP
1 7 -20 -24 -540 0 0 -1 0 1 0 1 0 0 3703.dat
1 8 -20 0 -700 0 0 -1 0 1 0 1 0 0 4477.dat
1 1 -30 -14 -80 -1 0 0 0 0 1 0 1 0 4274.dat
1 1 -30 -14 -160 -1 0 0 0 0 1 0 1 0 4274.dat
1 1 -30 -14 -320 -1 0 0 0 0 1 0 1 0 4274.dat
1 1 -30 -14 -440 -1 0 0 0 0 1 0 1 0 4274.dat
1 1 -30 -14 -500 -1 0 0 0 0 1 0 1 0 4274.dat
1 1 -30 -14 -660 -1 0 0 0 0 1 0 1 0 4274.dat
0 STEP
1 7 151.455 -24 -40.791 0.951 0 0.308 0 1 0 -0.308 0 0.951 3703.dat
1 0 72.269 -14 -25.639 -0.308 0 0.951 0 1 0 -0.951 0 -0.308 2780.dat
1 0 110.321 -14 -37.971 -0.308 0 0.951 0 1 0 -0.951 0 -0.308 2780.dat
1 8 -20 -32 -100 0 0 1 0 1 0 -1 0 0 4162.dat
1 8 -20 -32 -380 0 0 1 0 1 0 -1 0 0 4162.dat
1 0 -10 -14 -360 -1 0 0 0 0 1 0 1 0 2780.dat
1 0 -10 -14 -400 -1 0 0 0 0 1 0 1 0 2780.dat
0 STEP
1 8 5.679 -32 -4.057 0.951 0 0.308 0 1 0 -0.308 0 0.951 3021.dat
1 7 -20 -24 -860 0 0 -1 0 1 0 1 0 0 3703.dat
1 8 -20 -32 -700 0 0 1 0 1 0 -1 0 0 4162.dat
1 1 -30 -14 -900 -1 0 0 0 0 1 0 1 0 4274.dat
1 8 -40 -14 -720 1 0 0 0 0 -1 0 1 0 6587.dat
1 7 -38 -14 -720 0 0 -1 -1 0 0 0 1 0 3713.dat
0 STEP
1 1 -60 -14 -810 0 0 -1 0 1 0 1 0 0 10030 - subModel-4.ldr
1 1 -60 -14 -230 0 0 -1 0 1 0 1 0 0 10030 - subModel-4.ldr


0 FILE 10030 - subModel-3.ldr
0 subModel-3
0 Author: Roland Dahl [rolandd]
0 Name: 10030 - subModel-3.ldr
0 !LDRAW_ORG Model
0 !LICENSE Redistributable under CCAL version 2.0 : see CAreadme.txt
0 !THEME Star Wars / Ultimate Collector Series / Star Wars Episode 4/5/6
1 7 0 0 0 0.951 0 0.308 0 1 0 -0.308 0 0.951 3830.dat
1 7 0 0 0 1 0 0 0 1 0 0 0 1 3831.dat


0 FILE 10030 - subModel-4.ldr
0 subModel-4
0 Author: Roland Dahl [rolandd]
0 Name: 10030 - subModel-4.ldr
0 !LDRAW_ORG Model
0 !LICENSE Redistributable under CCAL version 2.0 : see CAreadme.txt
0 !THEME Star Wars / Ultimate Collector Series / Star Wars Episode 4/5/6
1 0 0 0 0 1 0 0 0 1 0 0 0 1 3705.dat
1 7 -30 0 -20 1 0 0 0 -1 0 0 0 -1 32039.dat
0 STEP
1 7 0 -9.66 2.59 1 0 0 0 0.966 0.259 0 -0.259 0.966 2817.dat
0 STEP
1 7 30 0 -20 1 0 0 0 -1 0 0 0 -1 32039.dat
1 1 30 0 -30 0 0 1 0 -1 0 1 0 0 43093.dat
1 1 -30 0 -30 0 0 1 0 -1 0 1 0 0 43093.dat


0 FILE 10030 - subModel-5.ldr
0 subModel-5
0 Author: Roland Dahl [rolandd]
0 Name: 10030 - subModel-5.ldr
0 !LDRAW_ORG Model
0 !LICENSE Redistributable under CCAL version 2.0 : see CAreadme.txt
0 !THEME Star Wars / Ultimate Collector Series / Star Wars Episode 4/5/6
1 8 -4.705 0 -10.224 0.951 0 -0.308 0 1 0 0.308 0 0.951 3021.dat
1 7 -7.788 -24 -0.711 -0.308 0 -0.951 0 1 0 0.951 0 -0.308 3040b.dat
0 STEP
1 7 30 -24 -20 0.951 0 -0.308 0 1 0 0.308 0 0.951 10030 - subModel-3.ldr
0 STEP
1 8 60 0 0 1 0 0 0 1 0 0 0 1 3021.dat
0 STEP
1 0 190 -24 10 1 0 0 0 1 0 0 0 1 32018.dat
1 0 70 -14 20 0 -1 0 0 0 -1 1 0 0 2780.dat
1 0 110 -14 20 0 -1 0 0 0 -1 1 0 0 2780.dat
0 STEP
1 8 60 -32 0 1 0 0 0 1 0 0 0 1 3021.dat
1 7 350 0 20 1 0 0 0 1 0 0 0 1 4282.dat


0 FILE 10030 - subModel-6.ldr
0 subModel-6
0 Author: Roland Dahl [rolandd]
0 Name: 10030 - subModel-6.ldr
0 !LDRAW_ORG Model
0 !LICENSE Redistributable under CCAL version 2.0 : see CAreadme.txt
0 !THEME Star Wars / Ultimate Collector Series / Star Wars Episode 4/5/6
1 8 34.705 -24 -50.224 0.951 0 0.308 0 1 0 -0.308 0 0.951 3021.dat
1 7 37.788 -48 -40.711 -0.308 0 0.951 0 1 0 -0.951 0 -0.308 3040b.dat
0 STEP
1 7 0 -48 -60 1 0 0 0 1 0 0 0 1 10030 - subModel-3.ldr
0 STEP
1 8 -30 -24 -40 1 0 0 0 1 0 0 0 1 3021.dat
0 STEP
1 0 -160 -48 -30 1 0 0 0 1 0 0 0 1 32018.dat
1 0 -40 -38 -20 0 1 0 0 0 -1 -1 0 0 2780.dat
1 0 -80 -38 -20 0 1 0 0 0 -1 -1 0 0 2780.dat
0 STEP
1 8 -30 -56 -40 1 0 0 0 1 0 0 0 1 3021.dat


0 FILE 10030 - subModel-7.ldr
0 subModel-7
0 Author: Roland Dahl [rolandd]
0 Name: 10030 - subModel-7.ldr
0 !LDRAW_ORG Model
0 !LICENSE Redistributable under CCAL version 2.0 : see CAreadme.txt
0 !THEME Star Wars / Ultimate Collector Series / Star Wars Episode 4/5/6
1 8 0 0 0 1 0 0 0 1 0 0 0 1 3021.dat
0 STEP
1 8 10 -24 -20 0 0 1 0 1 0 -1 0 0 10030 - subModel-3.ldr
0 STEP
1 8 -11.318 0 -118.212 -0.308 0 0.951 0 1 0 -0.951 0 -0.308 4477.dat
0 STEP
1 7 -42.149 -24 -213.34 -0.308 0 0.951 0 1 0 -0.951 0 -0.308 3703.dat
1 8 -91.478 0 -365.546 -0.308 0 0.951 0 1 0 -0.951 0 -0.308 4477.dat
0 STEP
1 7 -140.808 -24 -517.752 -0.308 0 0.951 0 1 0 -0.951 0 -0.308 3703.dat
1 8 -190.137 0 -669.958 -0.308 0 0.951 0 1 0 -0.951 0 -0.308 4477.dat
1 0 -94.825 -14 -343.437 -0.951 0.308 0 0 0 1 0.308 0.951 0 2780.dat
1 0 -107.157 -14 -381.489 -0.951 0.308 0 0 0 1 0.308 0.951 0 2780.dat
1 1 10.527 -14 -83.243 0.951 0.308 0 0 0 -1 -0.308 0.951 0 4274.dat
1 1 -14.138 -14 -159.346 0.951 0.308 0 0 0 -1 -0.308 0.951 0 4274.dat
1 1 -63.467 -14 -311.552 0.951 0.308 0 0 0 -1 -0.308 0.951 0 4274.dat
1 1 -100.464 -14 -425.706 0.951 0.308 0 0 0 -1 -0.308 0.951 0 4274.dat
1 1 -118.962 -14 -482.784 0.951 0.308 0 0 0 -1 -0.308 0.951 0 4274.dat
1 1 -168.292 -14 -634.989 0.951 0.308 0 0 0 -1 -0.308 0.951 0 4274.dat
0 STEP
1 7 -239.467 -24 -822.164 -0.308 0 0.951 0 1 0 -0.951 0 -0.308 3703.dat
1 8 -91.478 -32 -365.546 -0.308 0 0.951 0 1 0 -0.951 0 -0.308 4162.dat
1 8 -5.152 -32 -99.186 -0.308 0 0.951 0 1 0 -0.951 0 -0.308 4162.dat
1 7 -150 -24 10 1 0 0 0 1 0 0 0 1 3703.dat
1 0 -70 -14 0 0 1 0 0 0 -1 -1 0 0 2780.dat
1 0 -110 -14 0 0 1 0 0 0 -1 -1 0 0 2780.dat
0 STEP
1 8 0 -32 0 1 0 0 0 1 0 0 0 1 3021.dat
1 8 -190.137 -32 -669.958 -0.308 0 0.951 0 1 0 -0.951 0 -0.308 4162.dat
1 1 -242.286 -14 -863.298 0.951 0.308 0 0 0 -1 -0.308 0.951 0 4274.dat
1 8 -177.278 -14 -695.15 -0.951 0.308 0 0 0 1 0.308 0.951 0 6587.dat
1 7 -179.18 -14 -694.533 0 0.308 0.951 1 0 0 0 0.951 -0.308 3713.dat
0 STEP
1 7 -186 -14 -786.932 -0.308 0 0.951 0 1 0 -0.951 0 -0.308 10030 - subModel-4.ldr
1 7 -7.181 -14 -235.186 -0.308 0 0.951 0 1 0 -0.951 0 -0.308 10030 - subModel-4.ldr


0 FILE 10030 - subModel-8.ldr
0 subModel-8
0 Author: Roland Dahl [rolandd]
0 Name: 10030 - subModel-8.ldr
0 !LDRAW_ORG Model
0 !LICENSE Redistributable under CCAL version 2.0 : see CAreadme.txt
0 !THEME Star Wars / Ultimate Collector Series / Star Wars Episode 4/5/6
1 8 0 0 0 0 0 1 0 1 0 -1 0 0 3030.dat
1 7 0 -24 -40 0 0 1 0 1 0 -1 0 0 3001.dat
0 STEP
1 7 40 -24 -100 1 0 0 0 1 0 0 0 1 10030 - subModel-3.ldr
1 7 -40 -24 -100 0.951 0 -0.308 0 1 0 0.308 0 0.951 10030 - subModel-3.ldr
0 STEP
1 8 -68.539 0 -109.249 0.951 0 -0.308 0 1 0 0.308 0 0.951 3021.dat
1 8 68.539 0 -109.249 0.951 0 0.308 0 1 0 -0.308 0 0.951 3021.dat
0 STEP
1 7 65.456 -24 -118.762 0.951 0 0.308 0 1 0 -0.308 0 0.951 3005.dat
1 7 -65.456 -24 -118.762 0.951 0 -0.308 0 1 0 0.308 0 0.951 3005.dat


0 FILE 10030 - subModel-9.ldr
0 subModel-9
0 Author: Roland Dahl [rolandd]
0 Name: 10030 - subModel-9.ldr
0 !LDRAW_ORG Model
0 !LICENSE Redistributable under CCAL version 2.0 : see CAreadme.txt
0 !THEME Star Wars / Ultimate Collector Series / Star Wars Episode 4/5/6
1 7 0 0 0 0 0 1 0 1 0 -1 0 0 3020.dat
0 STEP
1 0 -10 -24 20 0 0 1 0 1 0 -1 0 0 32000.dat
1 0 10 -24 20 0 0 1 0 1 0 -1 0 0 32000.dat
1 7 20 -14 10 -1 0 0 0 1 0 0 0 -1 3673.dat
1 7 -20 -14 10 -1 0 0 0 1 0 0 0 -1 3673.dat
0 STEP
1 8 0 -24 -20 -1 0 0 0 1 0 0 0 -1 3003.dat
1 0 30 -16 10 0 0 -1 0 1 0 1 0 0 10030 - subModel-10.ldr
1 0 -30 -16 10 0 0 1 0 1 0 -1 0 0 10030 - subModel-10.ldr
0 STEP
1 7 0 -48 0 0 0 1 0 1 0 -1 0 0 3001.dat


0 FILE 10030 - subModel-10.ldr
0 subModel-10
0 Author: Roland Dahl [rolandd]
0 Name: 10030 - subModel-10.ldr
0 !LDRAW_ORG Model
0 !LICENSE Redistributable under CCAL version 2.0 : see CAreadme.txt
0 !THEME Star Wars / Ultimate Collector Series / Star Wars Episode 4/5/6
1 0 0 -8 0 1 0 0 0 1 0 0 0 1 2607.dat
1 0 0 1 -26.5 1 0 0 0 0 1 0 -1 0 73092.dat


0 FILE 10030 - subModel-11.ldr
0 subModel-11
0 Author: Roland Dahl [rolandd]
0 Name: 10030 - subModel-11.ldr
0 !LDRAW_ORG Model
0 !LICENSE Redistributable under CCAL version 2.0 : see CAreadme.txt
0 !THEME Star Wars / Ultimate Collector Series / Star Wars Episode 4/5/6
1 7 0 -8 0 0 0 1 0 1 0 -1 0 0 3007.dat
1 7 0 -32 0 0 0 1 0 1 0 -1 0 0 3007.dat
0 STEP
1 0 -10 -56 -60 0 0 1 0 1 0 -1 0 0 32000.dat
1 0 10 -56 -60 0 0 1 0 1 0 -1 0 0 32000.dat
1 8 0 -56 -20 0 0 1 0 1 0 -1 0 0 3003.dat
1 7 20 -46 -50 -1 0 0 0 1 0 0 0 -1 3673.dat
1 7 -20 -46 -50 -1 0 0 0 1 0 0 0 -1 3673.dat
0 STEP
1 7 0 -80 -40 0 0 1 0 1 0 -1 0 0 3001.dat
1 7 -30 -48 -50 0 0 1 0 1 0 -1 0 0 10030 - subModel-10.ldr
1 7 30 -48 -50 0 0 -1 0 1 0 1 0 0 10030 - subModel-10.ldr


0 FILE 10030 - subModel-12.ldr
0 subModel-12
0 Author: Roland Dahl [rolandd]
0 Name: 10030 - subModel-12.ldr
0 !LDRAW_ORG Model
0 !LICENSE Redistributable under CCAL version 2.0 : see CAreadme.txt
0 !THEME Star Wars / Ultimate Collector Series / Star Wars Episode 4/5/6
1 7 0 0 0 0 0 1 0 1 0 -1 0 0 44042.dat
0 STEP
1 7 0 -72 40 -1 0 0 0 1 0 0 0 -1 30144.dat
1 7 0 -72 -40 -1 0 0 0 1 0 0 0 -1 30144.dat
0 STEP
1 8 0 -80 0 0 0 -1 0 1 0 1 0 0 3032.dat
0 STEP
1 8 0 -104 0 0 0 -1 0 1 0 1 0 0 2456.dat
1 7 30 -104 0 0 0 -1 0 1 0 1 0 0 3894.dat
1 7 -30 -104 0 0 0 -1 0 1 0 1 0 0 3894.dat
1 7 40 -94 40 1 0 0 0 1 0 0 0 1 3673.dat
1 7 -40 -94 40 1 0 0 0 1 0 0 0 1 3673.dat
0 STEP
1 7 50 -96 40 0 0 -1 0 1 0 1 0 0 10030 - subModel-10.ldr
1 7 -50 -96 40 0 0 1 0 1 0 -1 0 0 10030 - subModel-10.ldr


0 FILE 10030 - subModel-13.ldr
0 subModel-13
0 Author: Roland Dahl [rolandd]
0 Name: 10030 - subModel-13.ldr
0 !LDRAW_ORG Model
0 !LICENSE Redistributable under CCAL version 2.0 : see CAreadme.txt
0 !THEME Star Wars / Ultimate Collector Series / Star Wars Episode 4/5/6
1 8 0 0 0 0 0 1 0 1 0 -1 0 0 3666.dat
1 7 0 -8 50 -1 0 0 0 1 0 0 0 -1 2555.dat
0 STEP
1 7 0 -8 20 0 0 -1 0 1 0 1 0 0 2412b.dat
1 7 0 -24 -10 0 0 1 0 1 0 -1 0 0 4599a.dat
0 STEP
1 7 0 -24 -40 0 0 1 0 1 0 -1 0 0 4865a.dat


0 FILE 10030 - subModel-14.ldr
0 subModel-14
0 Author: Roland Dahl [rolandd]
0 Name: 10030 - subModel-14.ldr
0 !LDRAW_ORG Model
0 !LICENSE Redistributable under CCAL version 2.0 : see CAreadme.txt
0 !THEME Star Wars / Ultimate Collector Series / Star Wars Episode 4/5/6
1 8 0 0 0 0 0 1 0 1 0 -1 0 0 4477.dat
1 7 0 -8 80 0 0 1 0 1 0 -1 0 0 2412b.dat
0 STEP
1 7 0 -8 10 -1 0 0 0 1 0 0 0 -1 2555.dat
1 7 0 -24 30 -1 0 0 0 1 0 0 0 -1 4589.dat
1 7 0 -8 50 0 0 -1 0 1 0 1 0 0 4081b.dat
0 STEP
1 7 0 -24 -10 0 0 1 0 1 0 -1 0 0 4599a.dat
1 7 0 -24 -40 0 0 1 0 1 0 -1 0 0 4865a.dat
0 STEP
1 7 0 -24 -70 -1 0 0 0 1 0 0 0 -1 4599a.dat
1 7 0 -8 -90 -1 0 0 0 1 0 0 0 -1 2555.dat
1 7 20 -6 94 0 0 -1 1 0 0 0 -1 0 6269.dat


0 FILE 10030 - subModel-15.ldr
0 subModel-15
0 Name: 10030 - subModel-15.ldr
0 Author: Roland Dahl [rolandd]
0 !LDRAW_ORG Model
0 !LICENSE Redistributable under CCAL version 2.0 : see CAreadme.txt
0 !THEME Star Wars / Ultimate Collector Series / Star Wars Episode 4/5/6
1 8 0 0 0 1 0 0 0 1 0 0 0 1 2625.dat
1 7 -10 -24 -90 0 0 1 0 1 0 -1 0 0 3703.dat
1 7 10 -24 -90 0 0 1 0 1 0 -1 0 0 3703.dat
0 STEP
1 0 160 -24 60 -1 0 0 0 1 0 0 0 -1 32018.dat
1 0 -160 -24 60 -1 0 0 0 1 0 0 0 -1 32018.dat
1 8 0 0 -250 0 0 -1 0 1 0 1 0 0 3832.dat
1 0 20 -14 -170 -1 0 0 0 1 0 0 0 -1 2780.dat
1 0 20 -14 -130 -1 0 0 0 1 0 0 0 -1 2780.dat
1 0 -20 -14 -170 -1 0 0 0 1 0 0 0 -1 2780.dat
1 0 -20 -14 -130 -1 0 0 0 1 0 0 0 -1 2780.dat
0 STEP
1 7 -10 -24 -410 0 0 1 0 1 0 -1 0 0 3703.dat
1 7 10 -24 -410 0 0 1 0 1 0 -1 0 0 3703.dat
1 8 0 -32 0 1 0 0 0 1 0 0 0 1 2625.dat
0 STEP
1 8 0 -32 -250 0 0 -1 0 1 0 1 0 0 3832.dat
1 8 0 0 -570 0 0 -1 0 1 0 1 0 0 3832.dat
1 0 20 -14 -550 -1 0 0 0 1 0 0 0 -1 2780.dat
1 0 -20 -14 -550 -1 0 0 0 1 0 0 0 -1 2780.dat
1 8 300 0 60 -1 0 0 0 1 0 0 0 -1 4477.dat
1 8 -300 0 60 -1 0 0 0 1 0 0 0 -1 4477.dat
0 STEP
1 1 -616.653 0 52.109 0.951 0 -0.308 0 1 0 0.308 0 0.951 10030 - subModel-2.ldr
0 STEP
1 8 -300 -32 60 -1 0 0 0 1 0 0 0 -1 4477.dat
1 7 -10 -24 -730 0 0 1 0 1 0 -1 0 0 3703.dat
1 7 10 -24 -730 0 0 1 0 1 0 -1 0 0 3703.dat
1 0 20 -14 -590 -1 0 0 0 1 0 0 0 -1 2780.dat
1 0 -20 -14 -590 -1 0 0 0 1 0 0 0 -1 2780.dat
1 8 0 -32 -570 0 0 -1 0 1 0 1 0 0 3832.dat
0 STEP
1 8 -350 0 -730 1 0 0 0 1 0 0 0 1 10030 - subModel-5.ldr
0 STEP
1 8 -321.204 0 -924.369 0.308 0 0.951 0 1 0 -0.951 0 0.308 4477.dat
1 8 -367.187 -32 -750.055 0.951 0 -0.308 0 1 0 0.308 0 0.951 3068b.dat
1 8 0 0 -890 0 0 1 0 1 0 -1 0 0 3832.dat
0 STEP
1 8 320 24 -690 1 0 0 0 1 0 0 0 1 10030 - subModel-6.ldr
1 7 610 0 50 1 0 0 0 1 0 0 0 1 10030 - subModel-7.ldr
0 STEP
0 STEP
1 7 0 -32 -710 1 0 0 0 1 0 0 0 1 4282.dat
1 8 321.204 0 -924.369 -0.308 0 0.951 0 1 0 -0.951 0 -0.308 4477.dat
1 8 367.187 -32 -750.055 -0.308 0 0.951 0 1 0 -0.951 0 -0.308 3068b.dat
0 STEP
1 7 271.875 -24 -1076.575 -0.308 0 0.951 0 1 0 -0.951 0 -0.308 3703.dat
1 8 222.545 0 -1228.781 -0.308 0 0.951 0 1 0 -0.951 0 -0.308 4477.dat
1 7 -271.875 -24 -1076.575 0.308 0 0.951 0 1 0 -0.951 0 0.308 3703.dat
1 8 -222.545 0 -1228.781 0.308 0 0.951 0 1 0 -0.951 0 0.308 4477.dat
1 7 -10 -24 -1050 0 0 1 0 1 0 -1 0 0 3703.dat
1 7 10 -24 -1050 0 0 1 0 1 0 -1 0 0 3703.dat
1 8 0 0 -1210 0 0 1 0 1 0 -1 0 0 3832.dat
1 0 -219.199 -14 -1206.672 -0.951 0 0.308 0 1 0 -0.308 0 -0.951 2780.dat
1 0 219.199 -14 -1206.672 -0.951 0 -0.308 0 1 0 0.308 0 -0.951 2780.dat
1 1 244.39 -14 -1193.813 0.951 0 0.308 0 1 0 -0.308 0 0.951 4274.dat
1 1 256.723 -14 -1155.761 0.951 0 0.308 0 1 0 -0.308 0 0.951 4274.dat
1 1 306.052 -14 -1003.555 0.951 0 0.308 0 1 0 -0.308 0 0.951 4274.dat
1 1 318.385 -14 -965.504 0.951 0 0.308 0 1 0 -0.308 0 0.951 4274.dat
1 1 -318.385 -14 -965.504 -0.951 0 0.308 0 1 0 -0.308 0 -0.951 4274.dat
1 1 -306.052 -14 -1003.555 -0.951 0 0.308 0 1 0 -0.308 0 -0.951 4274.dat
1 1 -256.723 -14 -1155.761 -0.951 0 0.308 0 1 0 -0.308 0 -0.951 4274.dat
1 1 -244.39 -14 -1193.813 -0.951 0 0.308 0 1 0 -0.308 0 -0.951 4274.dat
0 STEP
1 7 -173.216 -24 -1380.987 0.308 0 0.951 0 1 0 -0.951 0 0.308 3703.dat
1 7 -10 -24 -1370 0 0 1 0 1 0 -1 0 0 3703.dat
1 7 10 -24 -1370 0 0 1 0 1 0 -1 0 0 3703.dat
1 7 173.216 -24 -1380.987 -0.308 0 0.951 0 1 0 -0.951 0 -0.308 3703.dat
1 8 -123.886 0 -1533.193 0.308 0 0.951 0 1 0 -0.951 0 0.308 4477.dat
1 8 123.886 0 -1533.193 -0.308 0 0.951 0 1 0 -0.951 0 -0.308 4477.dat
1 8 0 -32 -890 0 0 1 0 1 0 -1 0 0 3832.dat
1 0 -206.866 -14 -1244.724 -0.951 0 0.308 0 1 0 -0.308 0 -0.951 2780.dat
1 0 206.866 -14 -1244.724 -0.951 0 -0.308 0 1 0 0.308 0 -0.951 2780.dat
1 0 20 -14 -1390 1 0 0 0 0 1 0 -1 0 2780.dat
1 0 20 -14 -1350 1 0 0 0 0 1 0 -1 0 2780.dat
1 0 -20 -14 -1350 1 0 0 0 0 1 0 -1 0 2780.dat
1 0 -20 -14 -1390 1 0 0 0 0 1 0 -1 0 2780.dat
1 1 139.565 -14 -1517.25 0.951 0 0.308 0 1 0 -0.308 0 0.951 4274.dat
1 1 195.061 -14 -1346.018 0.951 0 0.308 0 1 0 -0.308 0 0.951 4274.dat
1 1 182.729 -14 -1384.07 0.951 0 0.308 0 1 0 -0.308 0 0.951 4274.dat
1 1 -139.565 -14 -1517.25 -0.951 0 0.308 0 1 0 -0.308 0 -0.951 4274.dat
1 1 -195.061 -14 -1346.018 -0.951 0 0.308 0 1 0 -0.308 0 -0.951 4274.dat
1 1 -182.729 -14 -1384.07 -0.951 0 0.308 0 1 0 -0.308 0 -0.951 4274.dat
1 8 321.204 -32 -924.369 -0.308 0 0.951 0 1 0 -0.951 0 -0.308 4162.dat
1 8 -321.204 -32 -924.369 0.308 0 0.951 0 1 0 -0.951 0 0.308 4162.dat
0 STEP
1 8 0 0 -1530 1 0 0 0 1 0 0 0 1 10030 - subModel-8.ldr
1 8 222.545 -32 -1228.781 -0.308 0 0.951 0 1 0 -0.951 0 -0.308 4162.dat
1 8 -222.545 -32 -1228.781 0.308 0 0.951 0 1 0 -0.951 0 0.308 4162.dat
1 8 0 -32 -1210 0 0 1 0 1 0 -1 0 0 3832.dat
0 STEP
1 7 74.557 -24 -1685.398 -0.308 0 0.951 0 1 0 -0.951 0 -0.308 3703.dat
1 7 -74.557 -24 -1685.398 0.308 0 0.951 0 1 0 -0.951 0 0.308 3703.dat
1 8 0 -32 -1530 0 0 1 0 1 0 -1 0 0 3832.dat
1 1 90.236 -14 -1669.456 0.951 0 0.308 0 1 0 -0.308 0 0.951 4274.dat
1 1 65.571 -14 -1745.559 0.951 0 0.308 0 1 0 -0.308 0 0.951 4274.dat
1 1 53.239 -14 -1783.61 0.951 0 0.308 0 1 0 -0.308 0 0.951 4274.dat
1 1 47.073 -14 -1802.636 0.951 0 0.308 0 1 0 -0.308 0 0.951 4274.dat
1 1 40.907 -14 -1821.662 0.951 0 0.308 0 1 0 -0.308 0 0.951 4274.dat
1 1 -40.907 -14 -1821.662 -0.951 0 0.308 0 1 0 -0.308 0 -0.951 4274.dat
1 1 -47.073 -14 -1802.636 -0.951 0 0.308 0 1 0 -0.308 0 -0.951 4274.dat
1 1 -53.239 -14 -1783.61 -0.951 0 0.308 0 1 0 -0.308 0 -0.951 4274.dat
1 1 -65.571 -14 -1745.559 -0.951 0 0.308 0 1 0 -0.308 0 -0.951 4274.dat
1 1 -90.236 -14 -1669.456 -0.951 0 0.308 0 1 0 -0.308 0 -0.951 4274.dat
0 STEP
1 8 123.886 -32 -1533.193 -0.308 0 0.951 0 1 0 -0.951 0 -0.308 4162.dat
1 8 -123.886 -32 -1533.193 0.308 0 0.951 0 1 0 -0.951 0 0.308 4162.dat
1 8 -77.377 -32 -1644.264 0.951 0 -0.308 0 1 0 0.308 0 0.951 3068b.dat
1 8 77.377 -32 -1644.264 -0.308 0 0.951 0 1 0 -0.951 0 -0.308 3068b.dat
1 8 140.356 -14 -1612.115 -0.308 0 0.951 0 1 0 -0.951 0 -0.308 10030 - subModel-4.ldr
1 7 -140.356 -14 -1612.115 -0.308 0 -0.951 0 1 0 0.951 0 -0.308 10030 - subModel-4.ldr
0 STEP
1 8 0 -40 -1150 1 0 0 0 1 0 0 0 1 10030 - subModel-9.ldr
1 8 0 -48 -650 1 0 0 0 1 0 0 0 1 10030 - subModel-11.ldr
0 STEP
1 7 0 -56 10 1 0 0 0 1 0 0 0 1 10030 - subModel-12.ldr
0 STEP
1 8 85.499 -14 -1709.983 0 -0.951 0.308 1 0 0 0 0.308 0.951 10030 - subModel-13.ldr
1 8 36.195 -14 -1862.166 0 -0.951 0.308 1 0 0 0 0.308 0.951 10030 - subModel-14.ldr
1 8 165.653 -14 -1462.654 0 -0.951 0.308 1 0 0 0 0.308 0.951 10030 - subModel-14.ldr
1 8 227.309 -14 -1272.402 0 -0.951 0.308 1 0 0 0 0.308 0.951 10030 - subModel-14.ldr
1 8 288.971 -14 -1082.145 0 -0.951 0.308 1 0 0 0 0.308 0.951 10030 - subModel-14.ldr
1 8 350.633 -14 -891.888 0 -0.951 0.308 1 0 0 0 0.308 0.951 10030 - subModel-14.ldr
1 8 473.956 -14 -511.373 0 -0.951 0.308 1 0 0 0 0.308 0.951 10030 - subModel-14.ldr
1 8 535.624 -14 -321.11 0 -0.951 0.308 1 0 0 0 0.308 0.951 10030 - subModel-14.ldr
1 8 628.11 -14 -35.73 0 -0.951 0.308 1 0 0 0 0.308 0.951 10030 - subModel-14.ldr
1 8 -36.207 -14 -1862.154 0 0.951 0.308 1 0 0 0 0.308 -0.951 10030 - subModel-14.ldr
1 7 -85.499 -14 -1709.983 0 0.951 0.308 1 0 0 0 0.308 -0.951 10030 - subModel-13.ldr
1 8 -165.653 -14 -1462.654 0 0.951 0.308 1 0 0 0 0.308 -0.951 10030 - subModel-14.ldr
1 8 -227.309 -14 -1272.402 0 0.951 0.308 1 0 0 0 0.308 -0.951 10030 - subModel-14.ldr
1 8 -289.02 -14 -1082.099 0 0.951 0.308 1 0 0 0 0.308 -0.951 10030 - subModel-14.ldr
1 8 -350.951 -14 -891.575 0 0.951 0.308 1 0 0 0 0.308 -0.951 10030 - subModel-14.ldr
1 8 -474.151 -14 -511.175 0 0.951 0.308 1 0 0 0 0.308 -0.951 10030 - subModel-14.ldr
1 8 -535.751 -14 -320.975 0 0.951 0.308 1 0 0 0 0.308 -0.951 10030 - subModel-14.ldr
1 8 -628.151 -14 -35.675 0 0.951 0.308 1 0 0 0 0.308 -0.951 10030 - subModel-14.ldr


0 FILE 10030 - subModel-16.ldr
0 subModel-16
0 Author: Roland Dahl [rolandd]
0 Name: 10030 - subModel-16.ldr
0 !LDRAW_ORG Model
0 !LICENSE Redistributable under CCAL version 2.0 : see CAreadme.txt
0 !THEME Star Wars / Ultimate Collector Series / Star Wars Episode 4/5/6
1 8 0 0 0 1 0 0 0 1 0 0 0 1 3710.dat
0 STEP
1 7 -20 -24 0 1 0 0 0 1 0 0 0 1 32000.dat
1 1 20 -24 0 1 0 0 0 1 0 0 0 1 3700.dat
0 STEP
1 8 0 -32 0 1 0 0 0 1 0 0 0 1 3710.dat
1 8 0 -40 0 1 0 0 0 1 0 0 0 1 3710.dat
0 STEP
1 7 -20 -64 0 1 0 0 0 1 0 0 0 1 32000.dat
1 1 20 -64 0 1 0 0 0 1 0 0 0 1 3700.dat
0 STEP
1 8 0 -72 0 1 0 0 0 1 0 0 0 1 3710.dat


0 FILE 10030 - subModel-17.ldr
0 subModel-17
0 Author: Roland Dahl [rolandd]
0 Name: 10030 - subModel-17.ldr
0 !LDRAW_ORG Model
0 !LICENSE Redistributable under CCAL version 2.0 : see CAreadme.txt
0 !THEME Star Wars / Ultimate Collector Series / Star Wars Episode 4/5/6
1 7 0 0 0 0 -1 0 1 0 0 0 0 1 32013.dat
0 STEP
1 7 0 -9 0 -1 0 0 0 -1 0 0 0 1 4740.dat
0 STEP
1 7 0 -21 0 -1 0 0 0 0 1 0 1 0 4697b.dat
0 STEP
1 7 0 -21 26 1 0 0 0 1 0 0 0 1 30162.dat
1 7 0 -33 0 1 0 0 0 1 0 0 0 1 4740.dat
0 STEP
1 8 0 -40 0 0 0 -1 0 1 0 1 0 0 6141.dat
1 7 0 -50 0 0 -1 0 1 0 0 0 0 1 32013.dat


0 FILE 10030 - subModel-18.ldr
0 subModel-18
0 Author: Roland Dahl [rolandd]
0 Name: 10030 - subModel-18.ldr
0 !LDRAW_ORG Model
0 !LICENSE Redistributable under CCAL version 2.0 : see CAreadme.txt
0 !THEME Star Wars / Ultimate Collector Series / Star Wars Episode 4/5/6
1 0 0 0 0 1 0 0 0 1 0 0 0 1 2607.dat
1 7 0 10 10 0 0 1 0 1 0 -1 0 0 3673.dat
0 STEP
1 0 0 9 -26.5 -1 0 0 0 0 -1 0 -1 0 73092.dat


0 FILE 10030 - subModel-19.ldr
0 subModel-19
0 Author: Roland Dahl [rolandd]
0 Name: 10030 - subModel-19.ldr
0 !LDRAW_ORG Model
0 !LICENSE Redistributable under CCAL version 2.0 : see CAreadme.txt
0 !THEME Star Wars / Ultimate Collector Series / Star Wars Episode 4/5/6
1 8 0 0 0 0 0 1 0 1 0 -1 0 0 4477.dat
1 7 0 -24 -80 0 0 1 0 1 0 -1 0 0 32000.dat
0 STEP
1 0 0 -24 100 0 0 1 0 1 0 -1 0 0 3703.dat
0 STEP
1 8 0 -32 0 0 0 1 0 1 0 -1 0 0 4477.dat
1 8 0 -40 0 0 0 1 0 1 0 -1 0 0 4477.dat
0 STEP
1 7 0 -64 -80 0 0 1 0 1 0 -1 0 0 32000.dat
1 0 0 -64 100 0 0 1 0 1 0 -1 0 0 3703.dat
0 STEP
1 8 0 -72 0 0 0 1 0 1 0 -1 0 0 4477.dat


0 FILE 10030 - subModel-20.ldr
0 subModel-20
0 Author: Roland Dahl [rolandd]
0 Name: 10030 - subModel-20.ldr
0 !LDRAW_ORG Model
0 !LICENSE Redistributable under CCAL version 2.0 : see CAreadme.txt
0 !THEME Star Wars / Ultimate Collector Series / Star Wars Episode 4/5/6
1 7 0 0 0 1 0 0 0 1 0 0 0 1 32531.dat
1 0 60 10 -20 1 0 0 0 1 0 0 0 1 2780.dat
1 0 -60 10 -20 1 0 0 0 1 0 0 0 1 2780.dat
1 0 20 10 40 0 0 1 0 1 0 -1 0 0 2780.dat
1 0 -20 10 40 0 0 1 0 1 0 -1 0 0 2780.dat
0 STEP
1 1 -20 10 -40 0 0 1 0 1 0 -1 0 0 4274.dat
1 1 20 10 -40 0 0 1 0 1 0 -1 0 0 4274.dat
0 STEP
1 8 0 10 -48 1 0 0 0 0 -1 0 1 0 3666.dat
0 STEP
1 0 70 0 -40 0 0 1 0 1 0 -1 0 0 2744.dat
1 0 -70 0 -40 0 0 1 0 1 0 -1 0 0 2744.dat
0 STEP
1 0 0 24 0 1 0 0 0 1 0 0 0 1 3035.dat
0 STEP
1 8 70 0 20 0 0 1 0 1 0 -1 0 0 2877.dat
1 8 -70 0 20 0 0 -1 0 1 0 1 0 0 2877.dat
0 STEP
1 0 0 -8 0 1 0 0 0 1 0 0 0 1 3035.dat
1 8 0 -16 30 1 0 0 0 1 0 0 0 1 3710.dat
0 STEP
1 0 0 -40 30 1 0 0 0 1 0 0 0 1 3701.dat
1 0 -20 -30 40 0 0 1 0 1 0 -1 0 0 2780.dat
1 0 20 -30 40 0 0 1 0 1 0 -1 0 0 2780.dat
0 STEP
1 0 0 -32 10 1 0 0 0 1 0 0 0 1 3297.dat
0 STEP
1 0 60 -32 30 1 0 0 0 1 0 0 0 1 30363.dat
1 0 -60 -32 30 1 0 0 0 1 0 0 0 1 30363.dat


0 FILE 10030 - subModel-21.ldr
0 subModel-21
0 Author: Roland Dahl [rolandd]
0 Name: 10030 - subModel-21.ldr
0 !LDRAW_ORG Model
0 !LICENSE Redistributable under CCAL version 2.0 : see CAreadme.txt
0 !THEME Star Wars / Ultimate Collector Series / Star Wars Episode 4/5/6
1 7 0 0 0 1 0 0 0 1 0 0 0 1 3001.dat
1 4 0 -8 0 1 0 0 0 1 0 0 0 1 3068b.dat
0 STEP
1 1 -30 -24 -10 -1 0 0 0 1 0 0 0 -1 3040b.dat
1 1 30 -24 -10 -1 0 0 0 1 0 0 0 -1 3040b.dat


0 FILE 10030 - subModel-22.ldr
0 subModel-22
0 Author: Roland Dahl [rolandd]
0 Name: 10030 - subModel-22.ldr
0 !LDRAW_ORG Model
0 !LICENSE Redistributable under CCAL version 2.0 : see CAreadme.txt
0 !THEME Star Wars / Ultimate Collector Series / Star Wars Episode 4/5/6
1 8 0 0 0 1 0 0 0 1 0 0 0 1 3032.dat
1 4 0 -24 0 0 0 1 0 1 0 -1 0 0 6249.dat
0 STEP
1 7 -140.339 -11.76 50 -0.996 0.087 0 0.087 0.996 0 0 0 -1 3703.dat
1 0 -278.935 10.404 40 0 0.087 -0.996 0 0.996 0.087 1 0 0 2780.dat
1 0 -179.315 1.688 40 0 0.087 -0.996 0 0.996 0.087 1 0 0 2780.dat
0 STEP
1 7 -319.654 3.928 30 -0.996 0.087 0 0.087 0.996 0 0 0 -1 3703.dat
1 0 -458.25 26.092 20 0 0.087 -0.996 0 0.996 0.087 1 0 0 2780.dat
1 0 -338.706 15.633 20 0 0.087 -0.996 0 0.996 0.087 1 0 0 2780.dat
0 STEP
1 7 -479.045 17.873 10 -0.996 0.087 0 0.087 0.996 0 0 0 -1 3703.dat
0 STEP
1 7 -479.045 17.873 -10 0 0.087 0.996 0 0.996 -0.087 -1 0 0 10030 - subModel-23.ldr
0 STEP
1 8 -539.514 15.133 0 0.996 0.087 0 -0.087 0.996 0 0 0 1 3832.dat
1 8 -31.455 -29.317 0 0 0.087 0.996 0 0.996 -0.087 -1 0 0 3666.dat
0 STEP
1 8 -380.123 1.188 0 -0.996 0.087 0 0.087 0.996 0 0 0 -1 3032.dat
1 8 -101.188 -23.216 -50 -0.996 0.087 0 0.087 0.996 0 0 0 -1 3666.dat
1 8 -101.188 -23.216 50 -0.996 0.087 0 0.087 0.996 0 0 0 -1 3666.dat
1 8 -220.732 -12.757 40 -0.996 0.087 0 0.087 0.996 0 0 0 -1 3795.dat
1 8 -220.732 -12.757 -40 -0.996 0.087 0 0.087 0.996 0 0 0 -1 3795.dat
0 STEP
1 8 -101.886 -31.185 50 -0.996 0.087 0 0.087 0.996 0 0 0 -1 4162.dat
1 8 -101.886 -31.185 -50 -0.996 0.087 0 0.087 0.996 0 0 0 -1 4162.dat
1 4 -392.176 -21.849 10 0 0.087 -0.996 0 0.996 0.087 1 0 0 10030 - subModel-24.ldr
1 4 -392.176 -21.849 -10 0 0.087 -0.996 0 0.996 0.087 1 0 0 10030 - subModel-24.ldr
0 STEP
1 0 -384.306 -46.63 -10 0.996 0.087 0 -0.087 0.996 0 0 0 1 3048b.dat
1 0 -384.306 -46.63 10 -0.996 0.087 0 0.087 0.996 0 0 0 -1 3048b.dat
1 7 -430.63 -2.424 0 0 0.087 -0.996 0 0.996 0.087 1 0 0 2431.dat
1 7 -331.01 -11.14 0 0 0.087 -0.996 0 0.996 0.087 1 0 0 2431.dat
1 7 -201.505 -22.47 0 0 0.087 -0.996 0 0.996 0.087 1 0 0 3020.dat

0 FILE 10030 - subModel-23.ldr
0 subModel-23
0 Author: Roland Dahl [rolandd]
0 Name: 10030 - subModel-23.ldr
0 !LDRAW_ORG Model
0 !LICENSE Redistributable under CCAL version 2.0 : see CAreadme.txt
0 !THEME Star Wars / Ultimate Collector Series / Star Wars Episode 4/5/6
1 7 0 0 0 0 0 1 0 1 0 -1 0 0 3703.dat
1 0 10 10 140 -1 0 0 0 1 0 0 0 -1 2780.dat
1 0 10 10 20 -1 0 0 0 1 0 0 0 -1 2780.dat
0 STEP
1 7 20 0 160 0 0 1 0 1 0 -1 0 0 3703.dat
1 0 30 10 300 -1 0 0 0 1 0 0 0 -1 2780.dat
1 0 30 10 200 -1 0 0 0 1 0 0 0 -1 2780.dat
0 STEP
1 7 40 0 340 0 0 1 0 1 0 -1 0 0 3703.dat


0 FILE 10030 - subModel-24.ldr
0 subModel-24
0 Author: Roland Dahl [rolandd]
0 Name: 10030 - subModel-24.ldr
0 !LDRAW_ORG Model
0 !LICENSE Redistributable under CCAL version 2.0 : see CAreadme.txt
0 !THEME Star Wars / Ultimate Collector Series / Star Wars Episode 4/5/6
1 4 0 0 0 1 0 0 0 1 0 0 0 1 6541.dat
1 0 0 10 -10 0 0 1 0 1 0 -1 0 0 2780.dat
1 4 0 0 -20 1 0 0 0 1 0 0 0 1 6541.dat


0 FILE 10030 - subModel-25.ldr
0 subModel-25
0 Author: Roland Dahl [rolandd]
0 Name: 10030 - subModel-25.ldr
0 !LDRAW_ORG Model
0 !LICENSE Redistributable under CCAL version 2.0 : see CAreadme.txt
0 !THEME Star Wars / Ultimate Collector Series / Star Wars Episode 4/5/6
1 7 0 0 0 1 0 0 0 1 0 0 0 1 30355.dat
1 8 -20 0 -160 1 0 0 0 1 0 0 0 1 41770.dat
1 8 -50 0 -160 0 0 1 0 1 0 -1 0 0 3710.dat
0 STEP
1 8 -40 -8 -100 0 0 1 0 1 0 -1 0 0 3795.dat
1 8 -40 0 -240 1 0 0 0 1 0 0 0 1 41770.dat
0 STEP
1 8 -40 -8 -200 1 0 0 0 1 0 0 0 1 41770.dat
1 8 -30 -8 60 1 0 0 0 1 0 0 0 1 3021.dat
1 8 -30 -8 20 1 0 0 0 1 0 0 0 1 3021.dat
0 STEP
1 7 -50 -16 -230 1 0 0 0 1 0 0 0 1 2555.dat
1 8 -40 -16 -160 1 0 0 0 1 0 0 0 1 41770.dat
1 7 -50 -32 -110 -1 0 0 0 1 0 0 0 -1 3040b.dat
0 STEP
1 7 -50 -32 -210 -1 0 0 0 1 0 0 0 -1 4599a.dat
1 7 -50 -24 -180 0 0 -1 0 1 0 1 0 0 2412b.dat
1 7 -50 -24 -150 0 0 -1 0 1 0 1 0 0 2555.dat
1 7 -50 -40 -130 0 0 -1 0 1 0 1 0 0 4589.dat
1 0 -50 -8 -270 1 0 0 0 1 0 0 0 1 4592.dat
1 7 -50 -8 -270 1 0 0 0 0.574 0.819 0 -0.819 0.574 4593.dat
0 STEP
1 1 -40 8 -120 1 0 0 0 1 0 0 0 1 2476a.dat
1 1 -40 8 80 1 0 0 0 1 0 0 0 1 2476a.dat
1 1 -40 8 0 1 0 0 0 1 0 0 0 1 2476a.dat


0 FILE 10030 - subModel-26.ldr
0 subModel-26
0 Author: Roland Dahl [rolandd]
0 Name: 10030 - subModel-26.ldr
0 !LDRAW_ORG Model
0 !LICENSE Redistributable under CCAL version 2.0 : see CAreadme.txt
0 !THEME Star Wars / Ultimate Collector Series / Star Wars Episode 4/5/6
1 7 0 0 0 1 0 0 0 1 0 0 0 1 3456.dat
0 STEP
1 8 130 -8 40 0 0 1 0 1 0 -1 0 0 3794a.dat
1 8 110 -8 40 0 0 1 0 1 0 -1 0 0 3794a.dat
1 7 -40 -24 0 0 0 1 0 1 0 -1 0 0 6222.dat
0 STEP
1 7 -40 -24 0 0 0 1 0 1 0 -1 0 0 4424.dat
1 8 -40 -71 0 0 0 1 0 1 0 -1 0 0 2489.dat
0 STEP
1 19 -40 -76 0 1 0 0 0 1 0 0 0 1 10030 - subModel-27.ldr
0 STEP
1 1 100 8 40 0 0 1 0 1 0 -1 0 0 2476a.dat
1 1 -80 8 40 0 0 1 0 1 0 -1 0 0 2476a.dat


0 FILE 10030 - subModel-27.ldr
0 subModel-27
0 Author: Roland Dahl [rolandd]
0 Name: 10030 - subModel-27.ldr
0 !LDRAW_ORG Model
0 !LICENSE Redistributable under CCAL version 2.0 : see CAreadme.txt
0 !THEME Star Wars / Ultimate Collector Series / Star Wars Episode 4/5/6
1 41 0 -1 0 1 0 0 0 1 0 0 0 1 3626b.dat
1 19 0 25 0 0 -1 0 1 0 0 0 0 1 3749.dat


0 FILE 10030 - subModel-28.ldr
0 subModel-28
0 Author: Roland Dahl [rolandd]
0 Name: 10030 - subModel-28.ldr
0 !LDRAW_ORG Model
0 !LICENSE Redistributable under CCAL version 2.0 : see CAreadme.txt
0 !THEME Star Wars / Ultimate Collector Series / Star Wars Episode 4/5/6
1 7 0 0 0 1 0 0 0 1 0 0 0 1 3456.dat
0 STEP
1 8 -130 -8 40 0 0 1 0 1 0 -1 0 0 3794a.dat
1 8 -110 -8 40 0 0 1 0 1 0 -1 0 0 3794a.dat
1 7 40 -24 0 0 0 1 0 1 0 -1 0 0 6222.dat
0 STEP
1 7 40 -24 0 0 0 1 0 1 0 -1 0 0 4424.dat
1 8 40 -71 0 0 0 1 0 1 0 -1 0 0 2489.dat
0 STEP
1 7 40 -76 0 0 0 1 0 1 0 -1 0 0 10030 - subModel-27.ldr
0 STEP
1 1 -100 8 40 0 0 1 0 1 0 -1 0 0 2476a.dat
1 1 80 8 40 0 0 1 0 1 0 -1 0 0 2476a.dat


0 FILE 10030 - subModel-29.ldr
0 subModel-29
0 Author: Roland Dahl [rolandd]
0 Name: 10030 - subModel-29.ldr
0 !LDRAW_ORG Model
0 !LICENSE Redistributable under CCAL version 2.0 : see CAreadme.txt
0 !THEME Star Wars / Ultimate Collector Series / Star Wars Episode 4/5/6
1 7 0 0 0 -1 0 0 0 1 0 0 0 -1 30356.dat
1 8 -50 0 160 0 0 -1 0 1 0 1 0 0 3710.dat
1 8 -20 0 160 -1 0 0 0 1 0 0 0 -1 41769.dat
0 STEP
1 8 -40 -8 100 0 0 -1 0 1 0 1 0 0 3795.dat
1 8 -40 0 240 -1 0 0 0 1 0 0 0 -1 41769.dat
0 STEP
1 8 -40 -8 200 -1 0 0 0 1 0 0 0 -1 41769.dat
1 8 -30 -8 -60 -1 0 0 0 1 0 0 0 -1 3021.dat
1 8 -30 -8 -20 -1 0 0 0 1 0 0 0 -1 3021.dat
0 STEP
1 7 -50 -32 110 1 0 0 0 1 0 0 0 1 3040b.dat
1 8 -40 -16 160 -1 0 0 0 1 0 0 0 -1 41769.dat
1 7 -50 -16 230 -1 0 0 0 1 0 0 0 -1 2555.dat
0 STEP
1 7 -50 -40 130 -1 0 0 0 1 0 0 0 -1 4589.dat
1 7 -50 -24 150 0 0 1 0 1 0 -1 0 0 2555.dat
1 7 -50 -32 210 1 0 0 0 1 0 0 0 1 4599a.dat
1 7 -50 -24 180 0 0 1 0 1 0 -1 0 0 2412b.dat
