0 FILE 1180 - Moon Buggy.ldr
0 Moon Buggy
0 Name: 1180 - Moon Buggy.ldr
0 Author: Tomas Kralicek [RabbiT_CZ]
0 !LDRAW_ORG Model
0 !LICENSE Redistributable under CCAL version 2.0 : see CAreadme.txt

0 !KEYWORDS Town

1 15 0 0 0 0 0 1 0 1 0 -1 0 0 3795.dat
0 STEP
1 0 0 0 -40 -1 0 0 0 1 0 0 0 -1 6157.dat
1 0 0 0 40 -1 0 0 0 1 0 0 0 -1 6157.dat
0 STEP
1 15 0 -24 50 1 0 0 0 1 0 0 0 1 3937.dat
1 0 0 -22.66 45 1 0 0 0 0.866 -0.5 0 0.5 0.866 3938.dat
0 STEP
1 36 -10 -8 30 1 0 0 0 1 0 0 0 1 6141.dat
1 1 0 -8 10 1 0 0 0 1 0 0 0 1 2412b.dat
1 15 0 -8 -50 1 0 0 0 1 0 0 0 1 3829c01.dat
0 STEP
1 15 0 -43.445 33 1 0 0 0 0.866 -0.5 0 0.5 0.866 3700.dat
1 1 0 -50.373 29 1 0 0 0 0.866 -0.5 0 0.5 0.866 2412b.dat
0 STEP
1 42 0 -40.285 47.526 0 0 -1 -0.866 -0.5 0 -0.5 0.866 0 3960.dat
1 0 0 -48.285 61.383 0 0 -1 -0.866 -0.5 0 -0.5 0.866 0 6141.dat
0 STEP
1 256 47 5 -40 -1 0 0 0 1 0 0 0 -1 30028.dat
1 15 42 5 -40 0 0 -1 0 1 0 1 0 0 30027a.dat
1 256 47 5 40 -1 0 0 0 1 0 0 0 -1 30028.dat
1 15 42 5 40 0 0 -1 0 1 0 1 0 0 30027a.dat
1 256 -47 5 40 1 0 0 0 1 0 0 0 1 30028.dat
1 15 -42 5 40 0 0 1 0 1 0 -1 0 0 30027a.dat
1 256 -47 5 -40 1 0 0 0 1 0 0 0 1 30028.dat
1 15 -42 5 -40 0 0 1 0 1 0 -1 0 0 30027a.dat
0 STEP
1 15 0 -21 -12 1 0 0 0 1 0 0 0 1 1180 - Minifig.ldr



0 FILE 1180 - Minifig.ldr
0 Minifig
0 Name: 1180 - Minifig.ldr
0 Author: Tomas Kralicek [Rabbit_CZ]
0 !LDRAW_ORG Model
0 !LICENSE Redistributable under CCAL version 2.0 : see CAreadme.txt

0 !KEYWORDS Town

1 15 0 0 0 1 0 0 0 1 0 0 0 1 3815c02.dat
1 15 -15.552 -23 0 0.985 -0.147 -0.085 0.17 0.853 0.493 0 -0.5 0.866 3818.dat
1 15 15.552 -23 0 0.985 0.147 0.085 -0.17 0.853 0.493 0 -0.5 0.866 3819.dat
1 15 22.418 -12.603 -18.002 0.985 0.164 -0.044 -0.17 0.952 -0.255 0 0.259 0.966 3820.dat
1 15 -22.418 -12.603 -18.002 0.982 -0.183 0.044 0.188 0.948 -0.255 0.005 0.259 0.966 3820.dat
1 14 0 -56 0 1 0 0 0 1 0 0 0 1 3626bp69.dat
1 1 0 -56 0 1 0 0 0 1 0 0 0 1 4485.dat
1 15 0 -32 0 1 0 0 0 1 0 0 0 1 973p8e.dat
1 0 -23 -12 -28 0.255 -0.174 -0.951 -0.444 0.853 -0.275 0.859 0.492 0.14 3962b.dat



