0 Name: Treasure Chest.ldr

0 ROTATION CENTER 0 0 0 1 "Custom" 
0 ROTATION CONFIG 0 0
1 1 0 0 0 0 0 -1 0 1 0 1 0 0 3334H.DAT
1 14 0 -8 219.999 0 0 -1 0 1 0 1 0 0 3068b.dat
1 14 30 -8 120 0 0 -1 0 1 0 1 0 0 4162.dat
1 14 -30 -8 120 0 0 -1 0 1 0 1 0 0 4162.dat
1 7 -120 -24 50 1 0 0 0 1 0 0 0 1 3010.dat
1 7 120 -24 50 1 0 0 0 1 0 0 0 1 3010.dat
1 7 110 -24 80 1 0 0 0 1 0 0 0 1 3002.dat
1 7 -110 -24 80 1 0 0 0 1 0 0 0 1 3002.dat
1 7 50 -24 130 -1 0 0 0 1 0 0 0 -1 3040b.dat
1 7 -50 -24 130 -1 0 0 0 1 0 0 0 -1 3040b.dat
1 7 -110 -48 60 0 0 1 0 1 0 -1 0 0 3004.dat
1 7 110 -48 60 0 0 1 0 1 0 -1 0 0 3004.dat
1 7 -70 -144 110 -1 0 0 0 1 0 0 0 -1 2345.dat
1 7 70 -144 110 0 0 -1 0 1 0 1 0 0 2345.dat
1 0 0 -144 130 1 0 0 0 1 0 0 0 1 3455.dat
1 0 50 -128 90 1 0 0 0 1 0 0 0 1 2420.dat
1 0 -50 -128 90 0 0 -1 0 1 0 1 0 0 2420.dat
1 7 50 -136 100 0 0 1 0 1 0 -1 0 0 3023.dat
1 7 -50 -136 100 0 0 1 0 1 0 -1 0 0 3023.dat
1 8 0 -144 40 1 0 0 0 1 0 0 0 1 6082.dat
1 6 80 -24 -20.001 1 0 0 0 1 0 0 0 1 3941.dat
1 6 -80 -24 -20.001 1 0 0 0 1 0 0 0 1 3941.dat
1 14 80 -24 -100 1 0 0 0 1 0 0 0 1 2577.dat
1 14 -80 -24 -100 0 0 1 0 1 0 -1 0 0 2577.dat
1 7 -90 -144 80 0 0 1 0 1 0 -1 0 0 3004.dat
1 7 0 -144 80.001 -1 0 0 0 1 0 0 0 -1 3032.dat
1 14 0 -16 140 0 0 -1 0 1 0 1 0 0 3035.dat
1 7 -30 -40 150 -1 0 0 0 1 0 0 0 -1 3040b.dat
1 7 30 -88 150 -1 0 0 0 1 0 0 0 -1 4460.dat
1 7 0 -64 150 1 0 0 0 1 0 0 0 1 6268a.dat
1 7 -30 -64 150 1 0 0 0 1 0 0 0 1 3005.dat
1 7 -10 -88 150 1 0 0 0 1 0 0 0 1 3622.dat
1 7 0 -112 150 1 0 0 0 1 0 0 0 1 3010.dat
1 7 -30 -120 150 1 0 0 0 1 0 0 0 1 30039.dat
1 7 30 -120 150 1 0 0 0 1 0 0 0 1 30039.dat
1 7 0 -136 150 1 0 0 0 1 0 0 0 1 4865a.dat
1 6 0 -48 100 0 0 1 0 1 0 -1 0 0 4738a.dat
1 6 0 -64 100 0 0 1 0 1 0 -1 0 0 4739.dat
1 0 -10 -152 130 -1 0 0 0 1 0 0 0 -1 4085a.dat
1 6 10 -152 130 0 0 -1 0 1 0 1 0 0 3623.dat
1 7 0 -32 -59.999 1 0 0 0 1 0 0 0 1 3028.dat
1 6 -110 -40 -40 0 0 1 0 1 0 -1 0 0 3023.dat
1 15 -30 -72 10 -1 0 0 0 1 0 0 0 -1 6264.dat
1 0 70 -144 30 1 0 0 0 1 0 0 0 1 4287.dat
1 7 -70 -128 30 1 0 0 0 1 0 0 0 1 4085a.dat
1 7 -70 -136 30 0 0 1 0 1 0 -1 0 0 4085a.dat
1 0 -70 -144 30 0 0 1 0 1 0 -1 0 0 3024.dat
1 7 -70 -168 70 0 0 1 0 1 0 -1 0 0 3040b.dat
1 2 60 -152 129.999 1 0 0 0 1 0 0 0 1 6148.dat
1 2 -60 -152 129.999 -1 0 0 0 1 0 0 0 -1 6148.dat
1 2 10 -160 160 0 0 -1 0 1 0 1 0 0 6148.dat
1 0 0 -160 130 1 0 0 0 1 0 0 0 1 3666.dat
0 Assembly 1
1 0 40 -168 60 1 0 0 0 1 0 0 0 1 3403.dat
0 Assembly 1
1 0 40 -168 60 -0.62932 0 -0.777146 0 1 0 0.777146 0 -0.62932 3404.dat
1 4 50 -152 -50 1 0 0 0 1 0 0 0 1 2453.dat
1 0 -110 -48 -30 0.382683 0 -0.923879 0 1 0 0.923879 0 0.382683 4085a.dat
1 0 -50 -184 130 1 0 0 0 1 0 0 0 1 3005.dat
1 0 50 -184 130 1 0 0 0 1 0 0 0 1 3005.dat
1 0 10 -184 140 0 0 1 0 1 0 -1 0 0 3004.dat
1 7 69.999 -152 0 0 0 -1 0 1 0 1 0 0 2540.dat
1 6 90.001 -150 0 0 -0.961261 0.275637 0 0.275637 0.961261 -1 0 0 6020.dat
1 0 50 -168 -50 0.382684 0 -0.923879 0 1 0 0.923879 0 0.382684 4735.dat
1 6 -106.173 -56 -20.761 -0.382683 0 0.923879 0 1 0 -0.923879 0 -0.382683 3023.dat
1 8 -90 -134 30 0 0 1 0 -1 0 1 0 0 2530.dat
1 6 -70 -108 10.001 0 0 1 0 1 0 -1 0 0 2561.dat
1 0 -10 -200 10 0 0 1 0 1 0 -1 0 0 6072.dat
1 0 -110 -80 -30 0.382683 0 -0.923879 0 1 0 0.923879 0 0.382683 4529.dat
1 6 100 -72 -100 1 0 0 0 1 0 0 0 1 2489.dat
1 6 100 -80 -100 1 0 0 0 1 0 0 0 1 4032a.dat
1 4 40 -176 60 0.777146 0 -0.62932 0 1 0 0.62932 0 0.777146 2527.dat
1 38 -91.522 -46 -37.653 0.382683 -0.923879 0 0 0 -1 0.923879 0.382683 0 6126.dat
1 1 86.955 -184 -65.308 0.382683 0 -0.92388 0 1 0 0.923879 0 0.382683 2566.dat
1 46 86.955 -192 -65.308 0.382683 0 -0.92388 0 1 0 0.923879 0 0.382683 4073.dat
1 46 86.955 -200 -65.308 0.382683 0 -0.92388 0 1 0 0.923879 0 0.382683 4073.dat
1 1 86.955 -208 -65.308 0.382683 0 -0.92388 0 1 0 0.923879 0 0.382683 4032a.dat
0 Assembly 3
1 6 -100 -32 -140 1 0 0 0 1 0 0 0 1 2563.dat
0 Assembly 3
1 6 -100 -67.66 -137.41 1 0 0 0 0.966 0.259 0 -0.259 0.966 2536.dat
0 Assembly 3
1 6 -100 -102.706 -129.476 1 0 0 0 0.993 0.12 0 -0.12 0.993 2536.dat
0 Assembly 3
1 6 -100 -138.524 -126.146 1 0 0 0 1 0.021 0 -0.021 1 2536.dat
0 Assembly 3
1 6 -100 -174.454 -126.8 1 0 0 0 0.993 -0.12 0 0.12 0.993 2536.dat
0 Assembly 3
1 6 -100 -210.136 -134.064 1 0 0 0 0.966 -0.259 0 0.259 0.966 2536.dat
0 Assembly 3
1 6 -100 -244.29 -143.894 1 0 0 0 0.92 -0.393 0 0.393 0.92 2536.dat
0 Assembly 3
1 6 -100 -281.048 -159.02 0.707 0 0.707 -0.278 0.92 0.278 0.65 0.393 -0.65 2566.dat
0 Assembly 3
1 2 -107.07 -291.23 -154.818 -0.707 0 0.707 0.278 0.92 0.278 -0.65 0.393 -0.65 2518.dat
0 Assembly 3
1 2 -92.93 -285.67 -167.818 0.707 0 0.707 -0.278 0.92 0.278 0.65 0.393 -0.65 2518.dat
0 Assembly 3
1 2 -107.07 -293.468 -169.324 0.707 0 0.707 0.278 0.92 -0.278 -0.65 0.393 0.65 2518.dat
0 Assembly 3
1 2 -92.93 -299.028 -156.324 -0.707 0 0.707 -0.278 0.92 -0.278 0.65 0.393 0.65 2518.dat
0 Assembly 3
1 2 -100 -303.608 -165.968 0.707 0 0.707 -0.278 0.92 0.278 0.65 0.393 -0.65 4032a.dat
0 Assembly 3
1 2 -100 -325.688 -175.4 0.707 0 0.707 -0.278 0.92 0.278 0.65 0.393 -0.65 3062b.dat
1 7 -50 -176 30 0 0 1 0 1 0 -1 0 0 3062b.dat
1 7 -50 -200 30 0 0 1 0 1 0 -1 0 0 3062b.dat
1 7 69.608 -192 71.108 0.777146 0 -0.62932 0 1 0 0.62932 0 0.777146 3062b.dat
1 7 69.608 -216 71.108 0.777146 0 -0.62932 0 1 0 0.62932 0 0.777146 3062b.dat
1 0 57.022 -262 86.651 0.777146 0 0.62932 0 -1 0 0.62932 0 -0.777146 3957a.dat
1 15 -10 -296 150 0 0 -1 0 1 0 1 0 0 2335p30.dat
1 15 57.022 -270 86.651 0.777146 0 0.62932 0 -1 0 0.62932 0 -0.777146 4073.dat
1 15 57.022 -278 86.651 0.777146 0 0.62932 0 -1 0 0.62932 0 -0.777146 4073.dat
1 7 22.979 -192 33.349 0.777146 0 -0.62932 0 1 0 0.62932 0 0.777146 3062b.dat
1 7 22.979 -216 33.349 0.777146 0 -0.62932 0 1 0 0.62932 0 0.777146 3062b.dat
1 6 -10 -152 150 -1 0 0 0 0 1 0 1 0 3849.dat
1 0 218.999 -24 113 1 0 0 0 1 0 0 0 1 3701.dat
1 0 219 -32 143 1 0 0 0 1 0 0 0 1 3031.dat
1 0 219 -24 173 1 0 0 0 1 0 0 0 1 3701.dat
1 7 199 -14 183 0 0 -1 0 1 0 1 0 0 43093.dat
1 7 239 -14 183 0 0 -1 0 1 0 1 0 0 43093.dat
1 7 239.001 -14 103 0 0 1 0 1 0 -1 0 0 43093.dat
1 7 199 -14 103 0 0 1 0 1 0 -1 0 0 43093.dat
1 6 199 -14 78 0 0 1 1 0 0 0 1 0 3941.dat
1 6 239 -14 78 0 0 1 1 0 0 0 1 0 3941.dat
1 6 199 -14 208 0 0 1 -1 0 0 0 -1 0 3941.dat
1 6 239 -14 208 0 0 1 -1 0 0 0 -1 0 3941.dat
1 0 249 -40 123.001 0 0 -1 0 1 0 1 0 0 2540.dat
1 0 189 -40 123 0 0 1 0 1 0 -1 0 0 2540.dat
1 0 239 -48 173 -1 0 0 0 1 0 0 0 -1 4531.dat
1 0 204.999 -54 173 0 1 0 0 0 -1 -1 0 0 4319.dat
1 0 246 -184 173 0 1 0 0 0 -1 -1 0 0 3957a.dat
1 15 248 -185 173 0 -1 0 0.382683 0 0.923879 -0.923879 0 0.382683 2525p31.dat
1 4 274.999 -38 123 0 1 0 1 0 0 0 0 -1 2555.dat
1 4 283 -38 123 0 1 0 -0.414693 0 0.909961 0.909961 0 0.414693 4081b.dat
1 6 285 -63.664 131.086 0 0 1 -0.909961 0.414693 0 -0.414693 -0.909961 0 2542.dat
0 Assembly 1
1 2 207.414 -26.13 -104.649 0.999048 0.0435779 -0.00190266 -0.0436194 0.998097 -0.0435779 0 0.0436194 0.999049 6026.dat
0 Assembly 1
1 2 208.1 -10.414 -143.999 0.999048 0.042818 0.00832298 -0.0436194 0.980693 0.190627 0 -0.190809 0.981627 6027.dat
0 Assembly 1
1 2 207.527 -23.536 -49.483 0.999048 0.0435779 -0.00190266 -0.0436194 0.998097 -0.0435779 0 0.0436194 0.999049 6028.dat
1 4 19.503 -1.07 -306.578 0.000951305 0.0435784 0.999049 0.0436199 0.998097 -0.0435784 -0.999048 0.0436199 -0.000951392 6021.dat
1 1 18.458 -25.024 -307.625 0.000951305 0.0435784 0.999049 0.0436199 0.998097 -0.0435784 -0.999048 0.0436199 -0.000951392 3941.dat
1 4 78.4 -27.639 -307.682 0.000951305 0.0435784 0.999049 0.0436199 0.998097 -0.0435784 -0.999048 0.0436199 -0.000951392 3941.dat
1 7 17.412 -48.979 -308.672 -0.999049 0.0435784 0.000951262 0.0435784 0.998097 0.0436199 0.000951436 0.0436199 -0.999048 4871.dat
1 0 78.051 -35.624 -308.031 0.000951305 0.0435784 0.999049 0.0436199 0.998097 -0.0435784 -0.999048 0.0436199 -0.000951392 4032a.dat
1 15 77.703 -43.609 -308.38 0.000951305 0.0435784 0.999049 0.0436199 0.998097 -0.0435784 -0.999048 0.0436199 -0.000951392 4150p30.dat
1 0 17.034 -58.272 -279.05 -0.999049 0.0435784 0.000951262 0.0435784 0.998097 0.0436199 0.000951436 0.0436199 -0.999048 3069b.dat
1 0 17.091 -55.655 -338.992 -0.999049 0.0435784 0.000951262 0.0435784 0.998097 0.0436199 0.000951436 0.0436199 -0.999048 3069b.dat
0 Assembly 4
1 2 9.201 -53.621 -308.883 -0.00095122 0.0435785 -0.999049 -0.0436199 0.998097 0.0435784 0.999048 0.0436199 0.000951485 3815.dat
0 Assembly 4
1 14 9.723 -41.643 -308.359 -0.00095122 0.999049 0.0435785 -0.0436199 -0.0435784 0.998097 0.999048 -0.000951485 0.0436199 3816p3j.dat
0 Assembly 4
1 14 9.723 -41.643 -308.359 -0.00095122 0.999049 0.0435785 -0.0436199 -0.0435784 0.998097 0.999048 -0.000951485 0.0436199 3817p3j.dat
1 14 7.806 -85.56 -310.278 -0.00095122 0.0435785 -0.999049 -0.0436199 0.998097 0.0435784 0.999048 0.0436199 0.000951485 973pac.dat
1 14 8.212 -75.932 -325.473 0.00663071 0.507064 -0.861883 0.130364 0.854108 0.503493 0.991444 -0.115697 -0.0604396 3818.dat
1 14 8.182 -77.293 -294.301 -0.00850423 0.759815 -0.650084 -0.216278 0.633322 0.743052 0.976295 0.146918 0.158945 3819.dat
1 14 28.936 -73.761 -288.217 0.00916805 0.0775161 -0.996949 0.00819735 0.996951 0.0775915 1 -0.00888377 0.00850473 3820.dat
1 14 26.294 -65.426 -332.018 -0.155456 -0.197042 -0.967992 0.714477 0.654261 -0.247922 0.68217 -0.730149 0.0390732 3820.dat
1 14 6.76 -109.514 -311.325 -0.00095122 0.0435785 -0.999049 -0.0436199 0.998097 0.0435784 0.999048 0.0436199 0.000951485 3626bp3k.dat
1 14 -48.824 -7.09 -306.906 -0.00095122 0.999049 0.0435785 -0.0436199 -0.0435784 0.998097 0.999047 -0.000951493 0.0436199 3816p3j.dat
1 2 -49.348 -19.067 -307.429 -0.00095122 0.0435785 -0.999049 -0.0436199 0.998097 0.0435784 0.999047 0.0436199 0.000951493 3815.dat
1 14 -50.742 -51.006 -308.825 -0.00095122 0.0435785 -0.999049 -0.0436199 0.998097 0.0435784 0.999047 0.0436199 0.000951493 973pac.dat
1 14 -48.824 -7.09 -306.906 -0.00095122 0.999049 0.0435785 -0.0436199 -0.0435784 0.998097 0.999047 -0.000951493 0.0436199 3817p3j.dat
1 14 -50.367 -42.739 -292.849 -0.00850422 0.923513 -0.383471 -0.216278 0.372709 0.902392 0.976295 0.0906105 0.196566 3819.dat
1 14 -50.337 -41.378 -324.02 0.00663071 0.813785 -0.581128 0.130364 0.575477 0.80736 0.991444 -0.0811115 -0.102273 3818.dat
1 14 -29.158 -45.71 -288.2 0.0776153 0.373994 -0.924178 -0.00791162 0.927176 0.374543 0.996952 -0.0217585 0.074922 3820.dat
1 14 -29.236 -39.146 -329.498 0.120599 0.112092 -0.986352 0.781352 0.602166 0.163966 0.612327 -0.790463 -0.0149628 3820.dat
1 4 6.76 -109.514 -311.325 -0.00095122 0.0435785 -0.999049 -0.0436199 0.998097 0.0435784 0.999048 0.0436199 0.000951485 30105.dat
1 15 6.76 -117.514 -311.325 -0.00095122 0.0435785 -0.999049 -0.0436199 0.998097 0.0435784 0.999048 0.0436199 0.000951485 6029B.DAT
1 14 -51.788 -74.96 -309.872 0.498701 0.0435785 -0.865677 -0.0595652 0.998097 0.0159594 0.864725 0.0436199 0.500347 3626bp3j.dat
1 0 -51.788 -74.96 -309.872 0.498701 0.0435785 -0.865677 -0.0595652 0.998097 0.0159594 0.864725 0.0436199 0.500347 6025.dat
1 15 -51.533 -90.952 -310.314 0.498701 0.0435785 -0.865677 -0.0595652 0.998097 0.0159594 0.864725 0.0436199 0.500347 6029a.dat
1 15 40.743 -66.374 -331.618 0.433136 0.471862 -0.767944 -0.571344 0.802705 0.170971 0.697107 0.364707 0.617276 2586p30.dat
1 0 51.26 -146.052 -287.829 0.00916532 0.174574 0.984601 0.00819682 -0.984622 0.174502 1 0.00647119 -0.0104559 3957a.dat
1 0 52.657 -153.929 -287.777 -0.00916525 0.174574 -0.984601 -0.00819674 -0.984622 -0.174502 -1 0.00647121 0.0104558 6019.dat
1 36 54.053 -161.806 -287.725 0.689737 0.174574 -0.702699 0.117595 -0.984622 -0.129187 -0.714446 0.00647121 -0.69966 3024.dat
1 15 72.689 -152.417 -288.973 -0.00916524 -0.174574 0.984601 -0.00819678 0.984622 0.174502 -1 -0.00647112 -0.0104547 6029a.dat
1 4 -15.731 -58.616 -307.314 0.358916 -0.138446 -0.923044 0.755336 0.624039 0.200105 0.548312 -0.76903 0.328551 2542.dat
1 0 -26.842 -99.555 -288.808 0.988382 0.13068 0.0776154 -0.130461 0.991422 -0.00791163 -0.0779835 -0.00230608 0.996952 4497.dat
0 Assembly 13
1 0 20 -192 -10 1 0 0 0 1 0 0 0 1 3815.dat
0 Assembly 13
1 0 20 -180 -10 1 0 0 0 1 0 0 0 1 3817.dat
0 Assembly 13
1 6 20 -180 -10 1 0 0 0 1 0 0 0 1 2532.dat
1 14 20 -224 -10 1 0 0 0 1 0 0 0 1 973p3a.dat
1 14 35.6 -215.036 -10 0.984807 0.11843 0.127001 -0.173652 0.671637 0.720242 0 -0.731354 0.681998 3819.dat
1 14 4.4 -215.036 -10 0.984807 -0.153325 -0.0815245 0.173652 0.869533 0.462339 0 -0.469472 0.882948 3818.dat
1 14 -2.615 -204.047 -27.614 0.984807 -0.166064 0.0507708 0.173652 0.941776 -0.28793 0 0.292372 0.956305 3820.dat
1 7 41.506 -210.34 -30.574 -0.0735884 -0.99727 0.00605988 0.996714 -0.0733385 0.0343691 -0.0338308 0.0085692 0.99939 2531.dat
1 484 20 -248 -10 0.92388 0 -0.382683 0 1 0 0.382683 0 0.92388 3626bp34.dat
1 0 20 -248 -10 0.92388 0 -0.382683 0 1 0 0.382683 0 0.92388 2528p30.dat
1 6 -3.009 -201.816 -37.204 0.984807 -0.148062 0.0907335 0.173651 0.839683 -0.514565 0 0.522503 0.852637 2562.dat
1 14 234.6 -95.036 133 0.984807 0.173652 0 -0.173652 0.984807 0 0 0 1 3819.dat
1 14 203.399 -95.036 133 0.984807 -0.1727 -0.0181515 0.173652 0.979412 0.10294 0 -0.104528 0.994522 3818.dat
1 14 195.391 -78.412 121.179 0.844776 -0.523842 0.109282 0.46993 0.628541 -0.619759 0.255968 0.574913 0.777146 3820.dat
1 6 194.651 -72.718 113.17 0.844776 -0.479793 0.236964 0.46993 0.453341 -0.757395 0.255968 0.751185 0.608441 2562.dat
0 Assembly 18
1 1 219 -72 133 1 0 0 0 1 0 0 0 1 3815.dat
0 Assembly 18
1 1 219 -60 133 1 0 0 0 1 0 0 0 1 3816.dat
0 Assembly 18
1 1 219 -60 133 1 0 0 0 1 0 0 0 1 3817.dat
1 14 219 -104 133 1 0 0 0 1 0 0 0 1 973p33.dat
1 484 219 -128 133 1 0 0 0 1 0 0 0 1 3626bp31.dat
1 4 219 -128 133 1 0 0 0 1 0 0 0 1 2543.dat
1 14 242.806 -77.291 123.1 0.944431 0.304912 -0.122791 -0.300897 0.651565 -0.696363 -0.132323 0.694615 0.707106 3820.dat
1 8 243.82 -70.859 115.703 0.944431 0.264454 -0.195225 -0.300897 0.456451 -0.837324 -0.132323 0.849538 0.510661 2530.dat
0 Assembly 21
1 8 58.88 -204 36.685 0.777146 0.0876272 -0.623576 0 0.990873 0.139241 0.62932 -0.108211 0.770053 2533.dat
0 Assembly 21
1 8 58.88 -204 36.685 0.777146 0.0876272 -0.623576 0 0.990873 0.139241 0.62932 -0.108211 0.770053 2534.dat
0 Assembly 21
1 8 58.88 -204 36.685 0.777146 0.0876272 -0.623576 0 0.990873 0.139241 0.62932 -0.108211 0.770053 2535.dat

0 WORLD  289.1615 -649.7352 -595.6135 0.5909458 -0.0726893 -0.8034362 -0.2783069 0.9164126 -0.2876197 0.7571894 0.3935688 0.5213281
0 CENTRE  0 0 0
0 LOOKAT  403 -664 0
0 ZOOM  70
0 ROTANGLE 0
0
