0 FILE 1789 - Star Hawk II.ldr
0 Star Hawk II
0 Name: 1789 - Star Hawk II.ldr
0 Author: Damien Roux [Darats]
0 !LDRAW_ORG Model
0 !LICENSE Redistributable under CCAL version 2.0 : see CAreadme.txt

0 !THEME Space / Unitron

1 0 0 0 0 1 0 0 0 1 0 0 0 1 1789 - Cockpit + Spaceship.ldr
1 0 42.164 -17.4 -503.963 0.92388 0 -0.382683 0 1 0 0.382683 0 0.92388 1789 - Minifig 2.ldr

0 FILE 1789 - Cockpit.ldr
0 Cockpit
0 Name: 1789 - Cockpit.ldr
0 Author: Damien Roux [Darats]
0 !LDRAW_ORG Model
0 !LICENSE Redistributable under CCAL version 2.0 : see CAreadme.txt

0 !THEME Space / Unitron

1 0 0 0 0 0 0 1 0 1 0 -1 0 0 3035.dat
1 0 30 8 -20 0 0 1 0 1 0 -1 0 0 3460.dat
1 0 -30 8 -20 0 0 1 0 1 0 -1 0 0 3460.dat
1 42 -30 0 -90 0 0 1 0 1 0 -1 0 0 6141.dat
1 42 30 0 -90 0 0 1 0 1 0 -1 0 0 6141.dat
1 1 -30 -8 0 0 0 1 0 1 0 -1 0 0 3710.dat
1 1 30 -8 0 0 0 1 0 1 0 -1 0 0 3710.dat
1 7 0 -24 70 -1 0 0 0 1 0 0 0 -1 3700.dat
1 0 -30 -24 70 -1 0 0 0 1 0 0 0 -1 3665.dat
1 0 30 -24 70 -1 0 0 0 1 0 0 0 -1 3665.dat
1 0 0 -24 50 -1 0 0 0 1 0 0 0 -1 3010.dat
1 7 0 -8 -80 1 0 0 0 1 0 0 0 1 6104.dat
1 1 0 -32 60 1 0 0 0 1 0 0 0 1 3020.dat
1 1 -30 -32 30 1 0 0 0 1 0 0 0 1 3040b.dat
1 1 30 -32 30 1 0 0 0 1 0 0 0 1 3040b.dat
1 0 -30 -16 -30 0 0 1 0 1 0 -1 0 0 3623.dat
1 0 30 -16 -30 0 0 1 0 1 0 -1 0 0 3623.dat
1 0 0 -32 -110 -1 0 0 0 1 0 0 0 -1 3039pc1.dat
1 0 0 -32 -130 1 0 0 0 1 0 0 0 1 3660.dat
1 1 -30 -32 -90 -1 0 0 0 1 0 0 0 -1 3040b.dat
1 1 30 -32 -90 -1 0 0 0 1 0 0 0 -1 3040b.dat
1 0 50 -16 -10 -1 0 0 0 1 0 0 0 -1 2555.dat
1 0 -50 -16 -10 -1 0 0 0 1 0 0 0 -1 2555.dat
1 42 -30 -32 90 -1 0 0 0 1 0 0 0 -1 6141.dat
1 42 30 -32 90 -1 0 0 0 1 0 0 0 -1 6141.dat
1 1 30 -32 -110 1 0 0 0 1 0 0 0 1 3665.dat
1 1 -30 -32 -110 1 0 0 0 1 0 0 0 1 3665.dat
1 1 -30 -40 80 0 0 -1 0 1 0 1 0 0 3475a.dat
1 1 30 -40 80 0 0 1 0 1 0 -1 0 0 3475a.dat
1 7 0 -40 60 0 0 1 0 1 0 -1 0 0 3022.dat
1 7 -30 -40 40 0 0 1 0 1 0 -1 0 0 3023.dat
1 7 30 -40 40 0 0 1 0 1 0 -1 0 0 3023.dat
1 1 -30 -48 60 0 0 1 0 1 0 -1 0 0 3023.dat
1 7 -30 -56 60 0 0 1 0 1 0 -1 0 0 3023.dat
1 1 30 -48 60 0 0 1 0 1 0 -1 0 0 3023.dat
1 7 30 -56 60 0 0 1 0 1 0 -1 0 0 3023.dat
1 7 -30 -40 -110 1 0 0 0 1 0 0 0 1 2420.dat
1 7 30 -40 -110 0 0 -1 0 1 0 1 0 0 2420.dat
1 0 0 -40 -140 -1 0 0 0 1 0 0 0 -1 4859.dat
1 0 -30 -64 60 0 0 -1 0 1 0 1 0 0 3475a.dat
1 0 30 -64 60 0 0 1 0 1 0 -1 0 0 3475a.dat
1 0 0 -64 60 0 0 1 0 1 0 -1 0 0 3003.dat
1 7 -10 -48 -120 0 0 1 0 1 0 -1 0 0 2412b.dat
1 7 10 -48 -120 0 0 1 0 1 0 -1 0 0 2412b.dat
1 42 -30 -88 50 0 0 1 0 1 0 -1 0 0 4589.dat
1 42 30 -88 50 0 0 1 0 1 0 -1 0 0 4589.dat
1 7 0 -88 60 0 0 1 0 1 0 -1 0 0 3003.dat
1 42 -50 -22 0 0 0 -1 -1 0 0 0 1 0 2569.dat
1 42 50 -22 0 0 0 -1 -1 0 0 0 1 0 2569.dat
1 7 0 -96 80 1 0 0 0 1 0 0 0 1 4859.dat
1 0 0 -96 50 1 0 0 0 1 0 0 0 1 4315.dat
1 33 0 -92 36 1 0 0 0 1 0 0 0 1 2507.dat
1 0 0 -104 60 1 0 0 0 1 0 0 0 1 4859.dat

0 FILE 1789 - Cockpit + Minifig.ldr
0 Cockpit + Minifig
0 Name: 1789 - Cockpit + Minifig.ldr
0 Author: Damien Roux [Darats]
0 !LDRAW_ORG Model
0 !LICENSE Redistributable under CCAL version 2.0 : see CAreadme.txt

0 !THEME Space / Unitron

1 0 0 0 0 1 0 0 0 1 0 0 0 1 1789 - Cockpit.ldr
1 0 0 -53 -32 1 0 0 0 1 0 0 0 1 1789 - Minifig 1.ldr

0 FILE 1789 - Cockpit + Spaceship.ldr
0 Cockpit + Spaceship
0 Name: 1789 - Cockpit + Spaceship.ldr
0 Author: Damien Roux [Darats]
0 !LDRAW_ORG Model
0 !LICENSE Redistributable under CCAL version 2.0 : see CAreadme.txt

0 !THEME Space / Unitron

1 0 0 0 0 1 0 0 0 1 0 0 0 1 1789 - Spaceship.ldr
1 0 0 -32 -180 1 0 0 0 1 0 0 0 1 1789 - Cockpit + Minifig.ldr

0 FILE 1789 - Spaceship.ldr
0 Spaceship
0 Name: 1789 - Spaceship.ldr
0 Author: Damien Roux [Darats]
0 !LDRAW_ORG Model
0 !LICENSE Redistributable under CCAL version 2.0 : see CAreadme.txt

0 !THEME Space / Unitron

1 0 0 0 0 0 0 1 0 1 0 -1 0 0 3020.dat
1 0 0 -8 20 0 0 1 0 1 0 -1 0 0 3022.dat
1 1 0 -24 -10 -1 0 0 0 1 0 0 0 -1 6112.dat
1 1 0 -24 -30 -1 0 0 0 1 0 0 0 -1 2465.dat
1 7 40 0 -40 -1 0 0 0 1 0 0 0 -1 3022.dat
1 7 -40 0 -40 -1 0 0 0 1 0 0 0 -1 3022.dat
1 1 70 0 -10 0 0 1 0 1 0 -1 0 0 3623.dat
1 1 -70 0 -10 0 0 1 0 1 0 -1 0 0 3623.dat
1 0 140 0 -60 0 0 1 0 1 0 -1 0 0 3020.dat
1 0 -140 0 -60 0 0 1 0 1 0 -1 0 0 3020.dat
1 0 -70 -24 10 -1 0 0 0 1 0 0 0 -1 3665.dat
1 0 70 -24 10 -1 0 0 0 1 0 0 0 -1 3665.dat
1 1 -140 -24 -140 0 0 -1 0 1 0 1 0 0 3006.dat
1 1 140 -24 -140 0 0 -1 0 1 0 1 0 0 3006.dat
1 1 0 -24 -50 1 0 0 0 1 0 0 0 1 3009.dat
1 0 140 0 -230 0 0 -1 0 1 0 1 0 0 3021.dat
1 0 -140 0 -230 0 0 -1 0 1 0 1 0 0 3021.dat
1 7 160 0 -180 0 0 -1 0 1 0 1 0 0 3022.dat
1 0 170 -24 -190 1 0 0 0 1 0 0 0 1 4287.dat
1 0 170 -24 -170 -1 0 0 0 1 0 0 0 -1 4287.dat
1 7 -160 0 -180 -1 0 0 0 1 0 0 0 -1 3022.dat
1 0 -170 -24 -170 -1 0 0 0 1 0 0 0 -1 4287.dat
1 0 -170 -24 -190 1 0 0 0 1 0 0 0 1 4287.dat
1 1 0 -16 20 1 0 0 0 1 0 0 0 1 3795.dat
1 0 -50 -24 20 0 0 -1 0 1 0 1 0 0 3023.dat
1 0 50 -24 20 0 0 -1 0 1 0 1 0 0 3023.dat
1 0 -30 -24 20 0 0 -1 0 1 0 1 0 0 4276b.dat
1 0 -10 -24 20 0 0 -1 0 1 0 1 0 0 4276b.dat
1 0 10 -24 20 0 0 -1 0 1 0 1 0 0 4276b.dat
1 0 30 -24 20 0 0 -1 0 1 0 1 0 0 4276b.dat
1 1 -140 -24 -250 1 0 0 0 1 0 0 0 1 3747a.dat
1 1 140 -24 -250 1 0 0 0 1 0 0 0 1 3747a.dat
1 0 0 -20 50 1 0 0 0 0.342 -0.9397 0 0.9397 0.342 1789 - Spaceship - Door.ldr
1 7 0 -32 -20 0 0 1 0 1 0 -1 0 0 3795.dat
1 7 160 -32 -180 -1 0 0 0 1 0 0 0 -1 3795.dat
1 7 -160 -32 -180 -1 0 0 0 1 0 0 0 -1 3795.dat
1 7 -120 -32 -60 -1 0 0 0 1 0 0 0 -1 2401.dat
1 7 120 -32 -60 0 0 -1 0 1 0 1 0 0 2401.dat
1 7 -150 -32 -320 0 0 1 0 1 0 -1 0 0 3586.dat
1 7 150 -32 -320 0 0 -1 0 1 0 1 0 0 3585.dat
1 1 -90 -56 -70 0 0 -1 0 1 0 1 0 0 3005.dat
1 1 90 -56 -70 0 0 -1 0 1 0 1 0 0 3005.dat
1 0 -110 -56 -200 0 0 -1 0 1 0 1 0 0 3009.dat
1 0 110 -56 -200 0 0 -1 0 1 0 1 0 0 3009.dat
1 7 0 -40 30 1 0 0 0 1 0 0 0 1 2431.dat
1 0 -50 -56 10 -1 0 0 0 1 0 0 0 -1 3040b.dat
1 0 50 -56 10 -1 0 0 0 1 0 0 0 -1 3040b.dat
1 0 -50 -56 -10 0 0 1 0 1 0 -1 0 0 3040b.dat
1 0 50 -56 -10 0 0 -1 0 1 0 1 0 0 3040b.dat
1 0 -30 -56 -70 0 0 1 0 1 0 -1 0 0 3040b.dat
1 0 30 -56 -70 0 0 -1 0 1 0 1 0 0 3040b.dat
1 0 -110 -56 -130 -1 0 0 0 1 0 0 0 -1 3040b.dat
1 0 110 -56 -130 -1 0 0 0 1 0 0 0 -1 3040b.dat
1 0 -50 -56 -30 0 0 1 0 1 0 -1 0 0 4286.dat
1 0 50 -56 -30 0 0 -1 0 1 0 1 0 0 4286.dat
1 0 -110 -56 -270 1 0 0 0 1 0 0 0 1 4286.dat
1 0 110 -56 -270 1 0 0 0 1 0 0 0 1 4286.dat
1 1 0 -56 -50 1 0 0 0 1 0 0 0 1 6111.dat
1 1 130 -56 -190 0 0 1 0 1 0 -1 0 0 2357.dat
1 1 -130 -56 -190 -1 0 0 0 1 0 0 0 -1 2357.dat
1 0 140 -56 -170 -1 0 0 0 1 0 0 0 -1 3004.dat
1 0 -140 -56 -170 -1 0 0 0 1 0 0 0 -1 3004.dat
1 0 130 -56 -230 1 0 0 0 1 0 0 0 1 4286.dat
1 0 150 -56 -210 1 0 0 0 1 0 0 0 1 4286.dat
1 0 -130 -56 -230 1 0 0 0 1 0 0 0 1 4286.dat
1 0 -150 -56 -210 1 0 0 0 1 0 0 0 1 4286.dat
1 0 -170 -56 -160 0 0 1 0 1 0 -1 0 0 3298.dat
1 0 170 -56 -160 0 0 -1 0 1 0 1 0 0 3298.dat
1 0 190 -56 -90 1 0 0 0 1 0 0 0 1 3622.dat
1 0 -190 -56 -90 1 0 0 0 1 0 0 0 1 3622.dat
1 7 0 -56 -80 0 0 1 0 1 0 -1 0 0 6232.dat
1 0 -50 -128 20 1 0 0 0 1 0 0 0 1 2340.dat
1 0 50 -128 20 1 0 0 0 1 0 0 0 1 2340.dat
1 0 170 -56 -190 0 0 -1 0 1 0 1 0 0 3040b.dat
1 0 -170 -56 -190 0 0 1 0 1 0 -1 0 0 3040b.dat
1 0 -170 -56 -110 -1 0 0 0 1 0 0 0 -1 2357.dat
1 0 170 -56 -110 0 0 1 0 1 0 -1 0 0 2357.dat
1 1 170 -56 -60 0 0 1 0 1 0 -1 0 0 3004.dat
1 1 -170 -56 -60 0 0 1 0 1 0 -1 0 0 3004.dat
1 0 170 -56 -210 1 0 0 0 1 0 0 0 1 3040b.dat
1 0 -170 -56 -210 1 0 0 0 1 0 0 0 1 3040b.dat
1 1 -170 -80 -150 -1 0 0 0 1 0 0 0 -1 3040b.dat
1 1 170 -80 -150 -1 0 0 0 1 0 0 0 -1 3040b.dat
1 33 190 -64 -110 -1 0 0 0 1 0 0 0 -1 3070b.dat
1 33 210 -64 -90 -1 0 0 0 1 0 0 0 -1 3070b.dat
1 33 -190 -64 -110 -1 0 0 0 1 0 0 0 -1 3070b.dat
1 33 -210 -64 -90 -1 0 0 0 1 0 0 0 -1 3070b.dat
1 0 90 -80 -50 -1 0 0 0 1 0 0 0 -1 2357.dat
1 0 -90 -80 -50 0 0 1 0 1 0 -1 0 0 2357.dat
1 0 0 -104 -60 1 0 0 0 1 0 0 0 1 6061.dat
1 0 0 -84 -40 0 0 1 0 1 0 -1 0 0 3705.dat
1 0 0 -84 -40 0 0 1 1 0 0 0 1 0 3943b.dat
1 33 0 -84 8 0 0 1 1 0 0 0 1 0 3960.dat
1 42 0 -84 24 0 0 1 1 0 0 0 1 0 4740.dat
1 42 0 -84 32 0 0 1 1 0 0 0 1 0 4740.dat
1 1 130 -80 -170 0 0 -1 0 1 0 1 0 0 3005.dat
1 1 -130 -80 -170 0 0 -1 0 1 0 1 0 0 3005.dat
1 0 -110 -64 -270 1 0 0 0 1 0 0 0 1 2555.dat
1 0 110 -64 -270 1 0 0 0 1 0 0 0 1 2555.dat
1 0 -110 -80 -180 0 0 1 0 1 0 -1 0 0 3009.dat
1 0 110 -80 -180 0 0 1 0 1 0 -1 0 0 3009.dat
1 1 130 -80 -190 1 0 0 0 1 0 0 0 1 4286.dat
1 1 -130 -80 -190 1 0 0 0 1 0 0 0 1 4286.dat
1 7 -90 -104 -50 0 0 1 0 1 0 -1 0 0 2357.dat
1 7 90 -104 -50 -1 0 0 0 1 0 0 0 -1 2357.dat
1 33 -30 -112 -70 -1 0 0 0 1 0 0 0 -1 3024.dat
1 33 30 -112 -70 -1 0 0 0 1 0 0 0 -1 3024.dat
1 0 0 -128 -70 -1 0 0 0 1 0 0 0 -1 3004.dat
1 1 160 -80 -170 1 0 0 0 1 0 0 0 1 3298.dat
1 1 -160 -80 -170 1 0 0 0 1 0 0 0 1 3298.dat
1 42 170 -88 -150 1 0 0 0 1 0 0 0 1 6141.dat
1 42 -170 -88 -150 1 0 0 0 1 0 0 0 1 6141.dat
1 42 -110 -70 -252 0 0 -1 -1 0 0 0 1 0 2569.dat
1 42 110 -70 -252 0 0 -1 -1 0 0 0 1 0 2569.dat
1 7 -30 -120 -70 0 0 -1 0 1 0 1 0 0 3070b.dat
1 7 30 -120 -70 0 0 -1 0 1 0 1 0 0 3070b.dat
1 1 30 -128 -50 0 0 -1 0 1 0 1 0 0 4286.dat
1 1 -30 -128 -50 0 0 1 0 1 0 -1 0 0 4286.dat
1 0 -90 -112 -60 0 0 1 0 1 0 -1 0 0 3069b.dat
1 0 90 -112 -60 0 0 1 0 1 0 -1 0 0 3069b.dat
1 0 -150 -40 -90 0 0 1 0 1 0 -1 0 0 3623.dat
1 7 -150 -56 -80 0 0 1 0 1 0 -1 0 0 4531.dat
1 0 -150 -52 -110 1 0 0 0 -0.5 0.866 0 -0.866 -0.5 1789 - Spaceship - Antenna 1 - 1.ldr
1 0 150 -40 -90 0 0 1 0 1 0 -1 0 0 3623.dat
1 7 150 -56 -80 0 0 1 0 1 0 -1 0 0 4531.dat
1 0 150 -52 -110 1 0 0 0 0.2588 0.9659 0 -0.9659 0.2588 1789 - Spaceship - Antenna 2 - 1.ldr
1 0 -110 -104 -170 -1 0 0 0 1 0 0 0 -1 4286.dat
1 0 110 -104 -170 -1 0 0 0 1 0 0 0 -1 4286.dat
1 7 -130 -104 -170 0 0 1 0 1 0 -1 0 0 4286.dat
1 7 130 -104 -170 0 0 -1 0 1 0 1 0 0 4286.dat
1 33 170 -112 -150 0 0 -1 0 1 0 1 0 0 4589.dat
1 33 -170 -112 -150 0 0 -1 0 1 0 1 0 0 4589.dat
1 7 110 -104 -190 0 0 -1 0 1 0 1 0 0 3040b.dat
1 7 -110 -104 -190 0 0 1 0 1 0 -1 0 0 3040b.dat
1 0 0 -136 -70 -1 0 0 0 1 0 0 0 -1 3069bp21.dat
1 0 -50 -136 20 0 0 -1 0 1 0 1 0 0 3475a.dat
1 0 50 -136 20 0 0 1 0 1 0 -1 0 0 3475a.dat
1 0 170 -64 -80 0 0 1 0 1 0 -1 0 0 4625.dat
1 0 -170 -64 -80 0 0 -1 0 1 0 1 0 0 4625.dat
1 0 176 -68 -80 0 0 -1 0 1 0 1 0 0 1789 - Spaceship - Panel.ldr
1 0 -176 -68 -80 0 0.766 0.6428 0 0.6428 -0.766 -1 0 0 1789 - Spaceship - Panel.ldr
1 7 -110 -104 -210 1 0 0 0 1 0 0 0 1 4286.dat
1 7 110 -104 -210 1 0 0 0 1 0 0 0 1 4286.dat
1 7 -110 -112 -170 -1 0 0 0 1 0 0 0 -1 2420.dat
1 7 110 -112 -170 0 0 1 0 1 0 -1 0 0 2420.dat
1 42 -80 -132 60 1 0 0 0 0 -1 0 1 0 4589.dat
1 42 80 -132 60 1 0 0 0 0 -1 0 1 0 4589.dat
1 0 160 8 -180 1 0 0 0 1 0 0 0 1 4746.dat
1 33 160 28 -140 1 0 0 0 0 -1 0 1 0 4740.dat
1 42 160 28 -132 1 0 0 0 0 -1 0 1 0 4589.dat
1 0 -160 8 -180 1 0 0 0 1 0 0 0 1 4746.dat
1 33 -160 28 -140 1 0 0 0 0 -1 0 1 0 4740.dat
1 42 -160 28 -132 1 0 0 0 0 -1 0 1 0 4589.dat
1 0 -40 8 -40 1 0 0 0 1 0 0 0 1 4746.dat
1 33 -40 28 0 1 0 0 0 0 -1 0 1 0 4740.dat
1 42 -40 28 8 1 0 0 0 0 -1 0 1 0 4589.dat
1 0 40 8 -40 1 0 0 0 1 0 0 0 1 4746.dat
1 33 40 28 0 1 0 0 0 0 -1 0 1 0 4740.dat
1 42 40 28 8 1 0 0 0 0 -1 0 1 0 4589.dat

0 FILE 1789 - Spaceship - Door.ldr
0 Spaceship - Door
0 Name: 1789 - Spaceship - Door.ldr
0 Author: Damien Roux [Darats]
0 !LDRAW_ORG Model
0 !LICENSE Redistributable under CCAL version 2.0 : see CAreadme.txt

0 !THEME Space / Unitron

1 0 10 -4 30 0 0 1 0 1 0 -1 0 0 4275b.dat
1 0 30 -4 30 0 0 1 0 1 0 -1 0 0 4275b.dat
1 0 -10 -4 30 0 0 1 0 1 0 -1 0 0 4275b.dat
1 0 -30 -4 30 0 0 1 0 1 0 -1 0 0 4275b.dat
1 1 0 4 50 -1 0 0 0 1 0 0 0 -1 3020.dat
1 7 0 -4 90 -1 0 0 0 1 0 0 0 -1 6104.dat
1 1 0 -12 50 -1 0 0 0 1 0 0 0 -1 3031.dat
1 0 0 -12 110 -1 0 0 0 1 0 0 0 -1 3068b.dat
1 1 0 -12 140 -1 0 0 0 1 0 0 0 -1 3069b.dat
1 1 -30 -12 120 -1 0 0 0 1 0 0 0 -1 3070b.dat
1 1 30 -12 120 -1 0 0 0 1 0 0 0 -1 3070b.dat
1 33 -30 -12 100 -1 0 0 0 1 0 0 0 -1 3070b.dat
1 33 30 -12 100 -1 0 0 0 1 0 0 0 -1 3070b.dat
1 1 -50 -12 80 -1 0 0 0 1 0 0 0 -1 3070b.dat
1 1 -50 -12 40 -1 0 0 0 1 0 0 0 -1 3070b.dat
1 1 50 -12 80 -1 0 0 0 1 0 0 0 -1 3070b.dat
1 1 50 -12 40 -1 0 0 0 1 0 0 0 -1 3070b.dat
1 33 -50 -12 60 -1 0 0 0 1 0 0 0 -1 3070b.dat
1 33 50 -12 60 -1 0 0 0 1 0 0 0 -1 3070b.dat
1 0 -20 -20 70 -1 0 0 0 1 0 0 0 -1 3068b.dat
1 0 -20 -20 30 -1 0 0 0 1 0 0 0 -1 3068b.dat
1 0 20 -20 70 -1 0 0 0 1 0 0 0 -1 3068b.dat
1 0 20 -20 30 -1 0 0 0 1 0 0 0 -1 3068b.dat
1 42 -10 -12 160 -1 0 0 0 1 0 0 0 -1 6141.dat
1 42 10 -12 160 -1 0 0 0 1 0 0 0 -1 6141.dat

0 FILE 1789 - Spaceship - Antenna 1 - 1.ldr
0 Spaceship - Antenna 1 - 1
0 Name: 1789 - Spaceship - Antenna 1 - 1.ldr
0 Author: Damien Roux [Darats]
0 !LDRAW_ORG Model
0 !LICENSE Redistributable under CCAL version 2.0 : see CAreadme.txt

0 !THEME Space / Unitron

1 0 0 0 -30 1 0 0 0 -1 0 0 0 -1 2923.dat
1 0 0 8 -60 1 0 0 0 -0.1736 -0.9848 0 0.9848 -0.1736 1789 - Spaceship - Antenna 1 - 2.ldr

0 FILE 1789 - Spaceship - Antenna 1 - 2.ldr
0 Spaceship - Antenna 1 - 2
0 Name: 1789 - Spaceship - Antenna 1 - 2.ldr
0 Author: Damien Roux [Darats]
0 !LDRAW_ORG Model
0 !LICENSE Redistributable under CCAL version 2.0 : see CAreadme.txt

0 !THEME Space / Unitron

1 0 0 -4 -30 0 0 -1 0 1 0 1 0 0 4275b.dat
1 33 0 -12 -20 0 0 -1 0 1 0 1 0 0 3070b.dat
1 0 0 -28 -40 -1 0 0 0 1 0 0 0 -1 4070.dat
1 42 0 -18 -50 0 0 -1 1 0 0 0 -1 0 4740.dat
1 42 0 -18 -58 0 0 -1 1 0 0 0 -1 0 4740.dat
1 42 0 -18 -66 0 0 -1 1 0 0 0 -1 0 4740.dat
1 33 0 -18 -74 0 0 -1 1 0 0 0 -1 0 4589.dat
1 47 0 -18 -98 0 0 -1 1 0 0 0 -1 0 6141.dat

0 FILE 1789 - Spaceship - Antenna 2 - 1.ldr
0 Spaceship - Antenna 2 - 1
0 Name: 1789 - Spaceship - Antenna 2 - 1.ldr
0 Author: Damien Roux [Darats]
0 !LDRAW_ORG Model
0 !LICENSE Redistributable under CCAL version 2.0 : see CAreadme.txt

0 !THEME Space / Unitron

1 0 0 0 -30 1 0 0 0 -1 0 0 0 -1 2923.dat
1 0 0 8 -60 1 0 0 0 0.342 -0.9397 0 0.9397 0.342 1789 - Spaceship - Antenna 2 - 2.ldr

0 FILE 1789 - Spaceship - Antenna 2 - 2.ldr
0 Spaceship - Antenna 2 - 2
0 Name: 1789 - Spaceship - Antenna 2 - 2.ldr
0 Author: Damien Roux [Darats]
0 !LDRAW_ORG Model
0 !LICENSE Redistributable under CCAL version 2.0 : see CAreadme.txt

0 !THEME Space / Unitron

1 0 0 -4 -30 0 0 -1 0 1 0 1 0 0 4275b.dat
1 7 0 -12 -30 0 0 -1 0 1 0 1 0 0 3023.dat
1 0 0 -28 -30 1 0 0 0 1 0 0 0 1 4595.dat
1 33 0 -36 -40 1 0 0 0 1 0 0 0 1 3070b.dat
1 7 18 -18 -30 0 -1 0 0 0 -1 1 0 0 2412b.dat
1 47 0 -18 -66 -1 0 0 0 0 -1 0 -1 0 6141.dat
1 0 -18 -18 -20 0 1 0 0 0 -1 -1 0 0 2420.dat
1 7 -26 -28 -20 0 1 0 -1 0 0 0 0 1 3794a.dat
1 42 -34 -28 -20 0 1 0 -1 0 0 0 0 1 6141.dat
1 33 -42 -28 -20 0 1 0 -1 0 0 0 0 1 4740.dat

0 FILE 1789 - Spaceship - Panel.ldr
0 Spaceship - Panel
0 Name: 1789 - Spaceship - Panel.ldr
0 Author: Damien Roux [Darats]
0 !LDRAW_ORG Model
0 !LICENSE Redistributable under CCAL version 2.0 : see CAreadme.txt

0 !THEME Space / Unitron

1 0 0 -52 56 1 0 0 0 1 0 0 0 1 3031.dat
1 7 0 -60 26 1 0 0 0 1 0 0 0 1 3023.dat
1 1 -30 -76 66 -1 0 0 0 1 0 0 0 -1 3040b.dat
1 1 30 -76 66 -1 0 0 0 1 0 0 0 -1 3040b.dat
1 7 0 -76 66 -1 0 0 0 1 0 0 0 -1 3298.dat
1 42 -30 -60 26 -1 0 0 0 1 0 0 0 -1 6141.dat
1 42 30 -60 26 -1 0 0 0 1 0 0 0 -1 6141.dat
1 0 0 -76 46 -1 0 0 0 1 0 0 0 -1 3010.dat
1 33 0 -68 26 1 0 0 0 1 0 0 0 1 2582.dat
1 0 0 -76 26 1 0 0 0 1 0 0 0 1 3710.dat
1 0 0 -100 66 1 0 0 0 1 0 0 0 1 3297.dat

0 FILE 1789 - Minifig 1.ldr
0 Minifig 1
0 Name: 1789 - Minifig 1.ldr
0 Author: Damien Roux [Darats]
0 !LDRAW_ORG Model
0 !LICENSE Redistributable under CCAL version 2.0 : see CAreadme.txt

0 !THEME Space / Unitron

1 0 0 -21.596 27.17 0.796002 0 -0.605294 0.231636 0.92388 0.304617 0.559219 -0.382683 0.73541 1789 - Minifig 1 - Helmet.ldr
1 14 0 -21.596 27.17 0.796002 0 -0.605294 0.231636 0.92388 0.304617 0.559219 -0.382683 0.73541 3626bp68.dat
1 1 0 3.349 16.838 1 0 0 0 0.92388 0.382683 0 -0.382683 0.92388 3838.dat
1 8 0 3.349 16.838 1 0 0 0 0.92388 0.382683 0 -0.382683 0.92388 973p64.dat
1 14 0 32.914 4.592 1 0 0 0 0.92388 0.382683 0 -0.382683 0.92388 3815.dat
1 7 -15.552 11.665 13.394 0.985 -0.154072 -0.0718451 0.15706 0.66303 0.731421 -0.0650562 -0.732075 0.678016 3818.dat
1 7 15.552 11.665 13.394 0.985 0.0636831 0.157621 -0.15706 -0.0139179 0.987113 0.0650562 -0.997812 -0.00340427 3819.dat
1 1 -22.823 15.737 -7.002 0.985 -0.159724 0.0581346 0.15706 0.985877 0.0483519 -0.0650562 -0.0382195 0.996934 3820.dat
1 1 20.242 0.399 -4.953 0.985 0.156462 0.0664143 -0.15706 0.688049 0.707729 0.0650562 -0.70786 0.703046 3820.dat
1 7 0 44 0 1 0 0 0 0 1 0 -1 0 3816.dat
1 7 0 44 0 1 0 0 0 0 1 0 -1 0 3817.dat

0 FILE 1789 - Minifig 1 - Helmet.ldr
0 Minifig 1 - Helmet
0 Name: 1789 - Minifig 1 - Helmet.ldr
0 Author: Damien Roux [Darats]
0 !LDRAW_ORG Model
0 !LICENSE Redistributable under CCAL version 2.0 : see CAreadme.txt

0 !THEME Space / Unitron

1 14 0 0 0 1 0 0 0 1 0 0 0 1 2446p51.dat
1 33 0 2.889 5.404 1 0 0 0 0.55557 0.83147 0 -0.83147 0.55557 2447.dat

0 FILE 1789 - Minifig 2.ldr
0 Minifig 2
0 Name: 1789 - Minifig 2.ldr
0 Author: Damien Roux [Darats]
0 !LDRAW_ORG Model
0 !LICENSE Redistributable under CCAL version 2.0 : see CAreadme.txt

0 !THEME Space / Unitron

1 0 0 -27 0 0.891007 0 -0.45399 0 1 0 0.45399 0 0.891007 1789 - Minifig 2 - Helmet.ldr
1 14 0 -27 0 0.891007 0 -0.45399 0 1 0 0.45399 0 0.891007 3626bp69.dat
1 1 0 0 0 1 0 0 0 1 0 0 0 1 3838.dat
1 8 0 0 0 1 0 0 0 1 0 0 0 1 973p64.dat
1 14 0 32 0 1 0 0 0 1 0 0 0 1 3815.dat
1 7 15.552 9 0 0.985 0.142574 -0.0925886 -0.17 0.826091 -0.536469 0 0.544639 0.838671 3819.dat
1 1 24.3044 29.1512 1.56205 0.973646 -0.153256 -0.16626 -0.127806 0.233438 -0.96333 0.186611 0.960031 0.20788 3820.dat
1 0 23.534 37.7408 11.4695 0.9736 0.1889 0.1242 -0.1278 0.0067 0.9909 0.1866 -0.9815 0.0307 1789 - Minifig 2 - Handle.ldr
1 7 0 44 0 1 0 0 0 0.97437 0.224951 0 -0.224951 0.97437 3816.dat
1 7 0 44 0 1 0 0 0 0.987688 -0.156434 0 0.156434 0.987688 3817.dat
1 7 -15.552 9 0 0.985 -0.0875565 -0.145718 0.17 0.507313 0.84431 0 -0.857167 0.515038 3818.dat
1 1 -20.8127 8.91957 -21.397 0.941458 0.333291 -0.0411205 -0.314597 0.918202 0.238257 0.117268 -0.211558 0.970149 3820.dat
1 0 -28.7463 -15.9264 -24.3884 0.1205 0.3133 0.9415 -0.0089 0.9483 -0.3146 -0.9922 0.0296 0.1173 1789 - Minifig 2 - Camera.ldr
0 MLCAD BTG Hose
1 256 18.6228 37.5669 36.9895 -0.9736 -0.1889 0.1242 0.1278 -0.0067 0.9909 -0.1866 0.9815 0.0307 755.dat
0 MLCAD BTG Hose
1 256 -34.1954 -7.7522 41.3361 0.9415 -0.1205 -0.3133 -0.3146 0.0089 -0.9483 0.1173 0.9922 -0.0296 755.dat
0 MLCAD BTG Hose
1 256 -34.4425 -7.3343 48.2603 -0.9172 0.0791 -0.3893 0.3967 0.1309 -0.9077 0.0207 0.9878 0.1513 756.dat
0 MLCAD BTG Hose
1 256 -34.2804 -7.066 50.2854 -0.9044 0.1329 -0.4045 0.4226 0.1653 -0.8902 0.0515 0.9768 0.2056 756.dat
0 MLCAD BTG Hose
1 256 -34.0062 -6.7251 52.3003 -0.8895 0.1868 -0.4161 0.4491 0.2004 -0.8698 0.0791 0.9612 0.2621 756.dat
0 MLCAD BTG Hose
1 256 -33.6235 -6.3146 54.2693 -0.8729 0.2402 -0.4237 0.4759 0.236 -0.8463 0.1033 0.9411 0.3203 756.dat
0 MLCAD BTG Hose
1 256 -33.1287 -5.8284 56.2082 -0.855 0.2924 -0.4274 0.5028 0.2717 -0.8196 0.1236 0.9164 0.3794 756.dat
0 MLCAD BTG Hose
1 256 -32.5305 -5.2725 58.0828 -0.8362 0.343 -0.427 0.5294 0.3073 -0.7897 0.1398 0.8871 0.4386 756.dat
0 MLCAD BTG Hose
1 256 -31.8247 -4.6401 59.9083 -0.8169 0.3915 -0.4227 0.5557 0.3424 -0.7566 0.1516 0.8536 0.4973 756.dat
0 MLCAD BTG Hose
1 256 -31.0247 -3.9403 61.6526 -0.7977 0.4373 -0.4144 0.5809 0.3768 -0.7204 0.1591 0.816 0.5547 756.dat
0 MLCAD BTG Hose
1 256 -30.1255 -3.1654 63.3306 -0.7787 0.4803 -0.4026 0.6052 0.4103 -0.681 0.1622 0.7746 0.6103 756.dat
0 MLCAD BTG Hose
1 256 -29.1378 -2.3217 64.9232 -0.7607 0.5201 -0.3875 0.6281 0.4426 -0.6389 0.161 0.7298 0.6634 756.dat
0 MLCAD BTG Hose
1 256 -28.0684 -1.4116 66.424 -0.7439 0.5562 -0.3696 0.6491 0.4734 -0.5942 0.1558 0.6823 0.7133 756.dat
0 MLCAD BTG Hose
1 256 -26.9317 -0.4441 67.8185 -0.7287 0.5887 -0.349 0.6682 0.5026 -0.5472 0.147 0.6324 0.7597 756.dat
0 MLCAD BTG Hose
1 256 -25.7205 0.5902 69.1197 -0.7152 0.6175 -0.3264 0.6851 0.5303 -0.4981 0.1348 0.5802 0.8024 756.dat
0 MLCAD BTG Hose
1 256 -24.4494 1.6818 70.3141 -0.7037 0.6424 -0.3023 0.6996 0.5561 -0.4472 0.1195 0.5265 0.8409 756.dat
0 MLCAD BTG Hose
1 256 -23.1348 2.8198 71.3916 -0.6945 0.6635 -0.277 0.7115 0.5799 -0.3951 0.1019 0.4718 0.875 756.dat
0 MLCAD BTG Hose
1 256 -21.7763 4.0073 72.3577 -0.6875 0.6809 -0.2508 0.7208 0.602 -0.3418 0.0821 0.416 0.9049 756.dat
0 MLCAD BTG Hose
1 256 -20.3722 5.2485 73.2155 -0.6828 0.6947 -0.2245 0.7274 0.622 -0.2876 0.0605 0.3598 0.9303 756.dat
0 MLCAD BTG Hose
1 256 -18.9483 6.5235 73.9531 -0.6803 0.705 -0.1983 0.7312 0.6401 -0.2331 0.0378 0.3037 0.9513 756.dat
0 MLCAD BTG Hose
1 256 -17.5027 7.836 74.5757 -0.68 0.712 -0.1725 0.7323 0.6563 -0.1785 0.0143 0.2478 0.968 756.dat
0 MLCAD BTG Hose
1 256 -16.0426 9.1818 75.0838 -0.6819 0.7159 -0.1474 0.7306 0.6706 -0.1238 -0.0098 0.1922 0.9806 756.dat
0 MLCAD BTG Hose
1 256 -14.5652 10.5657 75.4804 -0.6856 0.7168 -0.1236 0.7263 0.6829 -0.0696 -0.0341 0.1374 0.9892 756.dat
0 MLCAD BTG Hose
1 256 -13.0961 11.9654 75.7621 -0.6912 0.7149 -0.1011 0.7195 0.6934 -0.0163 -0.0581 0.084 0.9941 756.dat
0 MLCAD BTG Hose
1 256 -11.6319 13.3856 75.9341 -0.6983 0.7106 -0.0802 0.7102 0.7022 0.0362 -0.0817 0.0317 0.9954 756.dat
0 MLCAD BTG Hose
1 256 -10.169 14.8312 75.9993 -0.7031 0.7082 -0.056 0.7025 0.7049 0.0925 -0.1046 -0.0258 0.9935 756.dat
0 MLCAD BTG Hose
1 256 -8.7124 16.2808 75.9462 -0.7035 0.7095 -0.0239 0.6983 0.6978 0.1563 -0.1273 -0.0935 0.9868 756.dat
0 MLCAD BTG Hose
1 256 -7.2612 17.708 75.755 -0.7058 0.7076 0.0092 0.6916 0.687 0.2204 -0.1493 -0.1622 0.9747 756.dat
0 MLCAD BTG Hose
1 256 -5.8039 19.1227 75.4211 -0.7098 0.7024 0.0423 0.6825 0.6727 0.2839 -0.1706 -0.2306 0.9573 756.dat
0 MLCAD BTG Hose
1 256 -4.368 20.4981 74.9495 -0.7156 0.6937 0.0747 0.6711 0.6551 0.3457 -0.1905 -0.2979 0.9347 756.dat
0 MLCAD BTG Hose
1 256 -2.9402 21.8464 74.3364 -0.723 0.6819 0.1057 0.6574 0.6343 0.4055 -0.2092 -0.3631 0.9073 756.dat
0 MLCAD BTG Hose
1 256 -1.5368 23.1518 73.5892 -0.7318 0.6672 0.1342 0.6418 0.6109 0.4623 -0.2262 -0.425 0.8758 756.dat
0 MLCAD BTG Hose
1 256 -0.1728 24.4007 72.7205 -0.7418 0.6502 0.1602 0.6246 0.5855 0.5158 -0.2412 -0.4832 0.8409 756.dat
0 MLCAD BTG Hose
1 256 1.166 25.6063 71.7256 -0.7528 0.6312 0.1831 0.6059 0.5584 0.5657 -0.2546 -0.5373 0.8033 756.dat
0 MLCAD BTG Hose
1 256 2.4574 26.7488 70.6263 -0.7645 0.6108 0.2029 0.586 0.5302 0.6119 -0.2659 -0.5873 0.7637 756.dat
0 MLCAD BTG Hose
1 256 3.7163 27.8416 69.4159 -0.7768 0.5892 0.2192 0.565 0.5013 0.6545 -0.2755 -0.6329 0.7228 756.dat
0 MLCAD BTG Hose
1 256 4.9229 28.8683 68.1198 -0.7894 0.5669 0.2324 0.5433 0.4722 0.6935 -0.2832 -0.6743 0.6812 756.dat
0 MLCAD BTG Hose
1 256 6.0844 29.8357 66.7382 -0.8022 0.5442 0.2426 0.5209 0.4428 0.7291 -0.2891 -0.7119 0.6391 756.dat
0 MLCAD BTG Hose
1 256 7.2075 30.7497 65.2689 -0.8152 0.5212 0.2498 0.4979 0.4136 0.7616 -0.2935 -0.7459 0.5971 756.dat
0 MLCAD BTG Hose
1 256 8.2759 31.5976 63.7398 -0.828 0.4983 0.2543 0.4746 0.3848 0.7911 -0.2961 -0.7764 0.5554 756.dat
0 MLCAD BTG Hose
1 256 9.2975 32.3865 62.1481 -0.8407 0.4754 0.2563 0.4509 0.3563 0.8178 -0.2973 -0.8038 0.5143 756.dat
0 MLCAD BTG Hose
1 256 10.2721 33.117 60.5002 -0.8532 0.4527 0.2561 0.427 0.3281 0.8421 -0.297 -0.8285 0.4736 756.dat
0 MLCAD BTG Hose
1 256 11.2064 33.7943 58.7901 -0.8655 0.4301 0.2538 0.4027 0.3004 0.8641 -0.2953 -0.8508 0.4335 756.dat
0 MLCAD BTG Hose
1 256 12.0879 34.4098 57.0466 -0.8774 0.4079 0.2496 0.3785 0.2731 0.8839 -0.2923 -0.8707 0.3943 756.dat
0 MLCAD BTG Hose
1 256 12.9235 34.9693 55.2628 -0.8889 0.3858 0.2437 0.3542 0.2461 0.9017 -0.2878 -0.8886 0.3558 756.dat
0 MLCAD BTG Hose
1 256 13.7136 35.4733 53.4431 -0.9 0.3639 0.2364 0.3298 0.2194 0.9177 -0.282 -0.9047 0.3178 756.dat
0 MLCAD BTG Hose
1 256 14.4638 35.9256 51.5781 -0.9108 0.3421 0.2275 0.3053 0.1929 0.932 -0.2749 -0.9191 0.2804 756.dat
0 MLCAD BTG Hose
1 256 15.1639 36.3202 49.6972 -0.9211 0.3204 0.2175 0.281 0.1665 0.9447 -0.2665 -0.932 0.2436 756.dat
0 MLCAD BTG Hose
1 256 15.824 36.6631 47.7772 -0.9309 0.2987 0.2061 0.2567 0.1401 0.9558 -0.2566 -0.9435 0.2074 756.dat
0 MLCAD BTG Hose
1 256 16.435 36.9497 45.8475 -0.9402 0.277 0.1938 0.2326 0.1137 0.9655 -0.2454 -0.9536 0.1716 756.dat
0 MLCAD BTG Hose
1 256 17.0054 37.1839 43.8839 -0.9491 0.2551 0.1804 0.2086 0.0871 0.9737 -0.2327 -0.9625 0.1361 756.dat
0 MLCAD BTG Hose
1 256 17.5306 37.3632 41.9023 -0.9573 0.233 0.166 0.1848 0.0603 0.9805 -0.2185 -0.9701 0.101 756.dat
0 MLCAD BTG Hose
1 256 18.0071 37.4864 39.9188 -0.9659 0.2055 0.1523 0.1613 0.0269 0.9861 -0.1986 -0.9778 0.0592 756.dat
0 GROUP 53 Hose

0 FILE 1789 - Minifig 2 - Helmet.ldr
0 Minifig 2 - Helmet
0 Name: 1789 - Minifig 2 - Helmet.ldr
0 Author: Damien Roux [Darats]
0 !LDRAW_ORG Model
0 !LICENSE Redistributable under CCAL version 2.0 : see CAreadme.txt

0 !THEME Space / Unitron

1 14 0 0 0 1 0 0 0 1 0 0 0 1 2446.dat
1 33 0 0 0 1 0 0 0 1 0 0 0 1 2447.dat

0 FILE 1789 - Minifig 2 - Camera.ldr
0 Minifig 2 - Camera
0 Name: 1789 - Minifig 2 - Camera.ldr
0 Author: Damien Roux [Darats]
0 !LDRAW_ORG Model
0 !LICENSE Redistributable under CCAL version 2.0 : see CAreadme.txt

0 !THEME Space / Unitron

1 0 0 0 0 1 0 0 0 1 0 0 0 1 4360.dat
1 42 32 8 0 0 1 0 0 0 -1 -1 0 0 4589.dat
1 47 16 -2 17.3 0 1 0 0 0 -1 -1 0 0 6141.dat
1 33 -48 8 0 0 1 0 0 0 -1 -1 0 0 6141.dat
1 0 -66 8 0 0 1 0 0 0 -1 -1 0 0 752.dat

0 FILE 1789 - Minifig 2 - Handle.ldr
0 Minifig 2 - Handle
0 Name: 1789 - Minifig 2 - Handle.ldr
0 Author: Damien Roux [Darats]
0 !LDRAW_ORG Model
0 !LICENSE Redistributable under CCAL version 2.0 : see CAreadme.txt

0 !THEME Space / Unitron

1 0 0 0 0 1 0 0 0 1 0 0 0 1 2433.dat
1 42 0 -8 0 -1 0 0 0 1 0 0 0 -1 6141.dat
1 0 0 -26 0 -1 0 0 0 1 0 0 0 -1 752.dat

