0 21109 Exo-Suit
0 Name: 21109_Exo-Suit.ldr
0 Author: Peter Reid
0 bassfoundation@yahoo.com
0 !COLOUR SandBlue CODE 64 VALUE #88A2B5 EDGE 0 ALPHA 255
0 !COLOUR Chrome CODE 65 VALUE #A1A29B EDGE 0 ALPHA 255
0 !COLOUR Silver CODE 66 VALUE #C7C7C7 EDGE 0 ALPHA 255
0 !COLOUR Gold CODE 67 VALUE #BBBD39 EDGE 0 ALPHA 255
0 ROTATION CENTER 0 0 0 1 "Custom" 
0 ROTATION CONFIG 0 0
1 7 60 0 0 0 0 1 0 1 0 -1 0 0 3710.dat
1 7 60 -8 -30 1 0 0 0 1 0 0 0 1 4081b.dat
1 179 60 -16 -30 1 0 0 0 1 0 0 0 1 6141.dat
1 7 60 -24 0 0 0 1 0 1 0 -1 0 0 52107.dat
1 7 60 -24 30 1 0 0 0 1 0 0 0 1 6541.dat
1 179 60 -32 20 0 0 1 0 1 0 -1 0 0 2412b.dat
1 7 60 -16 -20 1 0 0 0 1 0 0 0 1 11477.dat
1 46 78 -14 0 0 -1 0 0 0 1 -1 0 0 3023.dat
1 8 86 -14 0 0 -1 0 0 0 1 -1 0 0 4590.dat
1 7 94 -4 30 0 -1 0 0 0 1 -1 0 0 98138.dat
1 7 90 -14 -10 0 -1 0 0 0 -1 1 0 0 30162.dat
1 46 42 -14 0 0 1 0 0 0 1 1 0 0 3023.dat
1 8 34 -14 0 0 1 0 0 0 1 1 0 0 4590.dat
1 7 30 -14 -10 0 1 0 0 0 -1 -1 0 0 30162.dat
1 7 26 -4 30 0 1 0 0 0 1 1 0 0 98138.dat
1 7 72 -6 -50 0 -1 0 0 0 1 -1 0 0 3070b.dat
1 7 48 -6 -50 0 1 0 0 0 1 1 0 0 3070b.dat
1 1 60 -14 40 0 1 0 0 0 1 1 0 0 3749.dat
1 8 60 -34 50 -1 0 0 0 0 1 0 1 0 32174.dat
0 STEP
1 7 -60 0 0 0 0 1 0 1 0 -1 0 0 3710.dat
1 7 -60 -8 -30 1 0 0 0 1 0 0 0 1 4081b.dat
1 179 -60 -16 -30 1 0 0 0 1 0 0 0 1 6141.dat
1 7 -60 -24 0 0 0 1 0 1 0 -1 0 0 52107.dat
1 7 -60 -24 30 1 0 0 0 1 0 0 0 1 6541.dat
1 179 -60 -32 20 0 0 1 0 1 0 -1 0 0 2412b.dat
1 7 -60 -16 -20 1 0 0 0 1 0 0 0 1 11477.dat
1 46 -42 -14 0 0 -1 0 0 0 1 -1 0 0 3023.dat
1 8 -34 -14 0 0 -1 0 0 0 1 -1 0 0 4590.dat
1 7 -26 -4 30 0 -1 0 0 0 1 -1 0 0 98138.dat
1 7 -30 -14 -10 0 -1 0 0 0 -1 1 0 0 30162.dat
1 46 -78 -14 0 0 1 0 0 0 1 1 0 0 3023.dat
1 8 -86 -14 0 0 1 0 0 0 1 1 0 0 4590.dat
1 7 -90 -14 -10 0 1 0 0 0 -1 -1 0 0 30162.dat
1 7 -94 -4 30 0 1 0 0 0 1 1 0 0 98138.dat
1 7 -48 -6 -50 0 -1 0 0 0 1 -1 0 0 3070b.dat
1 7 -72 -6 -50 0 1 0 0 0 1 1 0 0 3070b.dat
1 1 -60 -14 40 0 1 0 0 0 1 1 0 0 3749.dat
1 8 -60 -34 50 -1 0 0 0 0 1 0 1 0 32174.dat
0 STEP
1 8 60 -82.176 52.465 0 -1 0 0.766044 0 -0.642788 0.642788 0 0.766044 50923.dat
1 0 60 -82.176 52.465 -1 0 0 0 -0.766044 -0.642788 0 -0.642788 0.766044 32062.dat
1 0 60 -97.498 39.609 -1 0 0 0 -0.766044 -0.642788 0 -0.642788 0.766044 32062.dat
1 7 75 -97.498 39.609 0 1 0 -0.642788 0 0.766044 0.766044 0 0.642788 41677.dat
1 7 45 -97.498 39.609 0 1 0 -0.642788 0 0.766044 0.766044 0 0.642788 41677.dat
1 8 60 -112.82 26.753 0 1 0 -0.642788 0 0.766044 0.766044 0 0.642788 32174.dat
1 7 60 -96.749 7.603 0 0 -1 -0.766044 -0.642788 0 -0.642788 0.766044 0 4697b.dat
1 7 80 -70.607 38.676 0 -1 0 0.766044 0 0.642788 -0.642788 0 0.766044 4735.dat
1 7 40 -70.607 38.676 0 1 0 -0.766044 0 0.642788 0.642788 0 0.766044 4735.dat
1 7 60 -89.758 22.605 1 0 0 0 0.766044 -0.642788 0 0.642788 0.766044 92690.dat
1 7 60 -130.816 48.204 1 0 0 0 0.642788 0.766044 0 -0.766044 0.642788 48729.dat
1 7 60 -138.478 41.776 1 0 0 0 0.766044 -0.642788 0 0.642788 0.766044 64644.dat
0 STEP
1 8 -60 -82.176 52.465 0 -1 0 0.766044 0 -0.642788 0.642788 0 0.766044 50923.dat
1 0 -60 -82.176 52.465 -1 0 0 0 -0.766044 -0.642788 0 -0.642788 0.766044 32062.dat
1 0 -60 -97.498 39.609 -1 0 0 0 -0.766044 -0.642788 0 -0.642788 0.766044 32062.dat
1 7 -45 -97.498 39.609 0 1 0 -0.642788 0 0.766044 0.766044 0 0.642788 41677.dat
1 7 -75 -97.498 39.609 0 1 0 -0.642788 0 0.766044 0.766044 0 0.642788 41677.dat
1 8 -60 -112.82 26.753 0 1 0 -0.642788 0 0.766044 0.766044 0 0.642788 32174.dat
1 7 -60 -96.749 7.603 0 0 -1 -0.766044 -0.642788 0 -0.642788 0.766044 0 4697b.dat
1 7 -40 -70.607 38.676 0 -1 0 0.766044 0 0.642788 -0.642788 0 0.766044 4735.dat
1 7 -80 -70.607 38.676 0 1 0 -0.766044 0 0.642788 0.642788 0 0.766044 4735.dat
1 7 -60 -89.758 22.605 1 0 0 0 0.766044 -0.642788 0 0.642788 0.766044 92690.dat
1 7 -60 -130.816 48.204 1 0 0 0 0.642788 0.766044 0 -0.766044 0.642788 48729.dat
1 7 -60 -138.478 41.776 1 0 0 0 0.766044 -0.642788 0 0.642788 0.766044 64644.dat
0 STEP
1 0 60 -129.67 12.612 0 1 0 -1 0 0 0 0 1 53585.dat
1 7 60 -129.67 12.612 1 0 0 0 1 0 0 0 1 4519.dat
1 7 60 -169.67 12.612 1 0 0 0 1 0 0 0 1 4519.dat
1 7 75 -129.67 12.612 0 -1 0 0 0 -1 1 0 0 6632.dat
1 7 45 -129.67 12.612 0 -1 0 0 0 -1 1 0 0 6632.dat
1 7 85 -129.67 12.612 0 0 1 0 -1 0 1 0 0 32123a.dat
1 7 35 -129.67 12.612 0 0 1 0 -1 0 1 0 0 32123a.dat
1 7 35 -169.67 12.612 0 0 1 0 -1 0 1 0 0 32123a.dat
1 7 80 -169.67 12.612 0 1 0 0 0 1 1 0 0 2723.dat
1 8 60 -189.67 12.613 0 1 0 0 0 1 1 0 0 32174.dat
1 0 60 -189.672 -7.387 0 1 0 0 0 1 1 0 0 32062.dat
1 7 60 -189.671 -17.386 0 0 -1 0 1 0 1 0 0 6553.dat
1 7 60 -159.671 -17.386 0 -1 0 0 0 -1 1 0 0 42610.dat
1 7 60 -144.671 -17.386 0 -1 0 0 0 -1 1 0 0 32123a.dat
0 STEP
1 0 -60 -129.67 12.612 0 1 0 -1 0 0 0 0 1 53585.dat
1 7 -60 -129.67 12.612 1 0 0 0 1 0 0 0 1 4519.dat
1 7 -60 -169.67 12.612 1 0 0 0 1 0 0 0 1 4519.dat
1 7 -45 -129.67 12.612 0 -1 0 0 0 -1 1 0 0 6632.dat
1 7 -75 -129.67 12.612 0 -1 0 0 0 -1 1 0 0 6632.dat
1 7 -35 -129.67 12.612 0 0 1 0 -1 0 1 0 0 32123a.dat
1 7 -85 -129.67 12.612 0 0 1 0 -1 0 1 0 0 32123a.dat
1 7 -35 -169.67 12.612 0 0 1 0 -1 0 1 0 0 32123a.dat
1 7 -80 -169.67 12.612 0 -1 0 0 0 1 -1 0 0 2723.dat
1 8 -60 -189.67 12.613 0 1 0 0 0 1 1 0 0 32174.dat
1 0 -60 -189.672 -7.387 0 1 0 0 0 1 1 0 0 32062.dat
1 7 -60 -189.671 -17.386 0 0 -1 0 1 0 1 0 0 6553.dat
1 7 -60 -159.671 -17.386 0 -1 0 0 0 -1 1 0 0 42610.dat
1 7 -60 -144.671 -17.386 0 -1 0 0 0 -1 1 0 0 32123a.dat
0 STEP
1 8 40 -229.671 12.613 1 0 0 0 0 -1 0 1 0 50923.dat
1 8 -40 -229.671 12.613 -1 0 0 0 0 -1 0 -1 0 50923.dat
1 0 0 -249.672 12.613 -1 0 0 0 0 -1 0 -1 0 2780.dat
1 8 10 -259.671 12.612 0 0 -1 0 1 0 1 0 0 85943.dat
1 8 -10 -259.671 12.612 0 0 1 0 1 0 -1 0 0 85943.dat
1 7 40 -229.671 12.613 0 0 1 0 1 0 -1 0 0 4519.dat
1 7 40 -229.671 -17.384 -1 0 0 0 1 0 0 0 -1 59443.dat
1 7 40 -229.67 27.614 -1 0 0 0 1 0 0 0 -1 32123a.dat
1 7 40 -229.671 -41.387 0.707107 -0.707107 0 -0.707107 -0.707107 0 0 0 -1 4697b.dat
1 7 40 -249.671 2.613 0 0 1 0 1 0 -1 0 0 4519.dat
1 7 40 -249.67 -27.387 -1 0 0 0 1 0 0 0 -1 59443.dat
1 7 40 -249.672 -57.386 0 0 -1 -1 0 0 0 1 0 48729.dat
1 7 -40 -229.671 12.613 0 0 1 0 1 0 -1 0 0 4519.dat
1 7 -40 -229.671 -17.384 -1 0 0 0 1 0 0 0 -1 59443.dat
1 7 -40 -229.67 27.614 -1 0 0 0 1 0 0 0 -1 32123a.dat
1 7 -40 -229.671 -41.387 0.707107 0.707107 0 0.707107 -0.707107 0 0 0 -1 4697b.dat
1 7 -40 -249.671 2.613 0 0 1 0 1 0 -1 0 0 4519.dat
1 7 -40 -249.67 -27.387 -1 0 0 0 1 0 0 0 -1 59443.dat
1 7 -40 -249.672 -57.386 0 0 -1 -1 0 0 0 1 0 48729.dat
1 7 0 -235.673 -7.385 0 0 -1 0 1 0 1 0 0 3020.dat
1 0 0 -227.672 22.615 -1 0 0 0 1 0 0 0 -1 99207.dat
1 7 0 -227.673 2.613 1 0 0 0 1 0 0 0 1 99781.dat
1 7 0 -219.672 12.614 1 0 0 0 1 0 0 0 1 4032a.dat
1 8 0 -211.672 12.612 1 0 0 0 1 0 0 0 1 11203.dat
1 46 0 -217.67 -19.386 1 0 0 0 0 -1 0 1 0 3023.dat
1 7 0 -217.671 -51.387 1 0 0 0 0 -1 0 1 0 2432.dat
1 179 0 -267.671 2.613 1 0 0 0 1 0 0 0 1 2412b.dat
1 7 10 -283.671 22.613 0 0 -1 0 1 0 1 0 0 87087.dat
1 7 -10 -283.671 22.613 0 0 1 0 1 0 -1 0 0 87087.dat
1 46 28 -273.67 22.614 0 -1 0 0 0 1 -1 0 0 3024.dat
1 7 36 -273.67 22.614 0 -1 0 0 0 1 -1 0 0 98138.dat
1 46 -28 -273.67 22.614 0 1 0 0 0 1 1 0 0 3024.dat
1 7 -36.001 -273.67 22.614 0 1 0 0 0 1 1 0 0 98138.dat
1 7 30 -291.671 22.613 -1 0 0 0 1 0 0 0 -1 2420.dat
1 7 -30 -291.671 22.613 0 0 1 0 1 0 -1 0 0 2420.dat
1 46 30 -299.67 12.613 0 0 1 0 1 0 -1 0 0 3023.dat
1 46 -30 -299.67 12.613 0 0 1 0 1 0 -1 0 0 3023.dat
1 7 0 -299.67 22.615 -1 0 0 0 1 0 0 0 -1 44728.dat
1 46 0 -323.672 22.614 -1 0 0 0 1 0 0 0 -1 3065.dat
1 8 30 -323.671 12.612 0 0 -1 0 1 0 1 0 0 85943.dat
1 8 -30 -323.671 12.612 0 0 1 0 1 0 -1 0 0 85943.dat
1 7 30 -331.67 22.614 -1 0 0 0 1 0 0 0 -1 2420.dat
1 7 -30 -331.67 22.614 0 0 1 0 1 0 -1 0 0 2420.dat
1 7 0 -339.671 22.614 -1 0 0 0 1 0 0 0 -1 44728.dat
1 7 30 -339.672 2.612 0 0 -1 0 1 0 1 0 0 2555.dat
1 7 -30 -339.672 2.612 0 0 -1 0 1 0 1 0 0 2555.dat
1 7 20 -331.67 22.614 0 0 -1 0 1 0 1 0 0 11477.dat
1 7 -20 -331.67 22.614 0 0 1 0 1 0 -1 0 0 11477.dat
1 7 0 -279.669 44.613 0 0 1 -1 0 0 0 -1 0 3795.dat
1 7 0 -329.67 52.612 1 0 0 0 0 1 0 -1 0 99781.dat
1 7 10 -309.671 52.612 0 0 -1 1 0 0 0 -1 0 4081b.dat
1 7 -10 -309.671 52.612 0 0 1 -1 0 0 0 -1 0 4081b.dat
1 8 10 -279.673 52.613 0 0 -1 1 0 0 0 -1 0 11458.dat
1 8 -10 -279.673 52.613 0 0 -1 1 0 0 0 -1 0 11458.dat
1 8 0 -239.671 52.612 0 0 -1 1 0 0 0 -1 0 15535.dat
1 7 10 -313.672 60.613 0 0 -1 1 0 0 0 -1 0 63864.dat
1 7 -10 -313.672 60.613 0 0 -1 1 0 0 0 -1 0 63864.dat
1 7 0 -351.671 42.612 -1 0 0 0 1 0 0 0 -1 15573.dat
1 7 0 -359.669 42.613 -1 0 0 0 1 0 0 0 -1 2569.dat
1 7 30 -321.672 50.614 -1 0 0 0 0 1 0 1 0 86208.dat
1 179 30 -341.671 50.616 -1 0 0 0 -1 0 0 0 1 6141.dat
1 7 30 -349.673 50.612 0 -1 0 1 0 0 0 0 1 61184.dat
1 7 30 -361.671 50.612 0 -1 0 0 0 1 -1 0 0 42610.dat
1 7 30 -391.672 50.612 0 -1 0 -1 0 0 0 0 -1 4274.dat
1 7 -30 -321.672 50.614 -1 0 0 0 0 1 0 1 0 86208.dat
1 179 -30 -341.671 50.616 -1 0 0 0 -1 0 0 0 1 6141.dat
1 7 -30 -349.673 50.612 0 -1 0 1 0 0 0 0 1 61184.dat
1 7 -30 -361.671 50.612 0 -1 0 0 0 1 -1 0 0 42610.dat
1 7 -30 -391.672 50.612 0 -1 0 -1 0 0 0 0 -1 4274.dat
1 8 34 -345.67 2.612 0 -1 0 0 0 1 -1 0 0 95199.dat
1 7 67.191 -385.892 2.612 0.898794 0 0.438371 0.438371 0 -0.898794 0 1 0 30162.dat
1 8 -34 -345.67 2.612 0 1 0 0 0 1 1 0 0 95199.dat
1 7 -67.191 -385.892 2.612 0.898794 0 -0.438371 -0.438371 0 -0.898794 0 1 0 30162.dat
0 STEP
1 7 0 -275.671 -15.386 1 0 0 0 1 0 0 0 1 fig_NCS-gr_standing.ldr
1 46 0 -243.671 -37.386 1 0 0 0 1 0 0 0 1 3023.dat
1 7 0 -251.671 -37.384 1 0 0 0 1 0 0 0 1 60470a.dat
1 7 10 -259.671 -37.387 0 0 1 0 1 0 -1 0 0 2555.dat
1 7 -10 -259.671 -37.387 0 0 1 0 1 0 -1 0 0 2555.dat
1 7 18 -237.672 -56.387 0 0 -1 0 1 0 1 0 0 58367.dat
1 7 -18 -237.672 -56.387 0 0 1 0 1 0 -1 0 0 58367.dat
1 7 0 -280.2 -51.274 1 0 0 0 -0.615661 -0.788011 0 0.788011 -0.615661 48336.dat
1 7 0 -275.269 -57.577 -1 0 0 0 -0.615661 0.788011 0 0.788011 0.615661 11476.dat
1 8 0 -270.35 -63.881 1 0 0 0 -0.615661 -0.788011 0 0.788011 -0.615661 4590.dat
1 7 0 -265.425 -70.187 1 0 0 0 -0.615661 -0.788011 0 0.788011 -0.615661 3794b.dat
1 7 30 -288.478 -37.435 1 0 0 0 0.788011 -0.615661 0 0.615661 0.788011 58367.dat
1 7 -30 -288.478 -37.435 1 0 0 0 0.788011 -0.615661 0 0.615661 0.788011 58367.dat
1 7 0 -285.12 -44.973 1 0 0 0 -0.615661 -0.788011 0 0.788011 -0.615661 3938.dat
1 7 0 -292.267 -68.323 1 0 0 0 0.788011 -0.615661 0 0.615661 0.788011 98397.dat
1 7 26 -338.116 -35.617 1 0 0 0 0.615661 0.788011 0 -0.788011 0.615661 64644.dat
1 7 -26 -338.116 -35.617 1 0 0 0 0.615661 0.788011 0 -0.788011 0.615661 64644.dat
1 179 26 -352.897 -16.704 1 0 0 0 0.615661 0.788011 0 -0.788011 0.615661 4589.dat
1 179 -26 -352.897 -16.704 1 0 0 0 0.615661 0.788011 0 -0.788011 0.615661 4589.dat
1 7 0 -350.753 6.544 -1 0 0 0 0.788011 0.615661 0 0.615661 -0.788011 98397.dat
1 8 60 -313.672 12.613 1 0 0 0 0 1 0 -1 0 50923.dat
1 8 -60 -313.672 12.613 -1 0 0 0 0 1 0 1 0 50923.dat
1 7 60 -313.672 12.613 0 -1 0 0 0 1 -1 0 0 4519.dat
1 7 60 -313.671 37.614 0 -1 0 1 0 0 0 0 1 32123a.dat
1 7 60 -313.671 -12.386 0 -1 0 1 0 0 0 0 1 32123a.dat
1 7 -60 -313.672 12.613 0 -1 0 0 0 1 -1 0 0 4519.dat
1 7 -60 -313.671 37.614 0 -1 0 1 0 0 0 0 1 32123a.dat
1 7 -60 -313.671 -12.386 0 -1 0 1 0 0 0 0 1 32123a.dat
0 STEP
1 8 90.001 -316.35 12.613 0 -0.866025 0.5 0 0.5 0.866025 -1 0 0 32174.dat
1 7 90.001 -316.351 -13.385 -0.965926 0 0.258819 0.258819 0 0.965926 0 1 0 4697b.dat
1 7 47.502 -325.666 -23.741 -0.25 0.258819 -0.933013 0.0669873 0.965926 0.25 0.965926 0 -0.258819 4735.dat
1 7 57.855 -287.034 -23.741 0.25 -0.258819 -0.933013 -0.0669873 -0.965926 0.25 -0.965926 0 -0.258819 4735.dat
1 7 71.841 -311.488 -20.494 0.258819 -0.25 0.933013 0.965926 0.0669873 -0.25 0 0.965926 0.258819 4081b.dat
1 7 81.636 -330.837 -28.22 -0.866025 -0.12941 0.482963 0.5 -0.224144 0.836516 0 0.965926 0.258819 98138.dat
1 7 100 -299.029 12.614 0.866025 0 -0.5 -0.5 0 -0.866025 0 1 0 4519.dat
1 7 117.32 -309.029 12.613 0 -0.866025 0.5 0 0.5 0.866025 -1 0 0 2825.dat
1 7 82.679 -289.029 12.612 0 0.866025 0.5 0 -0.5 0.866025 1 0 0 2825.dat
1 7 130 -247.068 12.614 0.5 0 -0.866025 0.866025 0 0.5 0 -1 0 4697b.dat
1 8 137.321 -274.391 12.612 -0.5 0.866025 0 -0.866025 -0.5 0 0 0 1 15535.dat
1 8 102.679 -254.389 12.612 0.5 -0.866025 0 0.866025 0.5 0 0 0 1 15535.dat
0 STEP
1 8 -90.001 -316.35 12.613 0 -0.866025 -0.5 0 -0.5 0.866025 -1 0 0 32174.dat
1 7 -90.001 -316.351 -13.385 0.965926 0 0.258819 0.258819 0 -0.965926 0 1 0 4697b.dat
1 7 -57.856 -287.032 -23.742 0.25 0.258819 0.933013 0.0669873 -0.965926 0.25 0.965926 0 -0.258819 4735.dat
1 7 -47.503 -325.668 -23.742 -0.25 -0.258819 0.933013 -0.0669873 0.965926 0.25 -0.965926 0 -0.258819 4735.dat
1 7 -71.842 -311.485 -20.495 0.258819 0.25 -0.933013 -0.965926 0.0669873 -0.25 0 0.965926 0.258819 4081b.dat
1 7 -73.839 -312.021 -28.222 0.258819 0.25 -0.933013 -0.965926 0.0669873 -0.25 0 0.965926 0.258819 98138.dat
1 7 -100 -299.029 12.614 0.866025 0 0.5 0.5 0 -0.866025 0 1 0 4519.dat
1 7 -82.679 -289.029 12.612 0 -0.866025 -0.5 0 -0.5 0.866025 -1 0 0 2825.dat
1 7 -117.322 -309.029 12.613 0 0.866025 -0.5 0 0.5 0.866025 1 0 0 2825.dat
1 7 -130 -247.068 12.614 -0.5 0 -0.866025 0.866025 0 -0.5 0 -1 0 4697b.dat
1 8 -102.679 -254.389 12.612 0.5 0.866025 0 -0.866025 0.5 0 0 0 1 15535.dat
1 8 -137.323 -274.391 12.612 -0.5 -0.866025 0 0.866025 -0.5 0 0 0 1 15535.dat
0 STEP
1 1 120 -264.39 12.613 0.866025 0.453154 -0.211309 -0.5 0.784886 -0.365998 0 0.422618 0.906308 6558.dat
1 7 120 -264.39 12.613 0.866025 0.453154 -0.211309 -0.5 0.784886 -0.365998 0 0.422618 0.906308 32013.dat
1 7 128.452 -249.747 -23.64 -0.211309 0.453154 -0.866025 -0.365998 0.784886 0.5 0.906308 0.422618 0 4519.dat
1 7 126.34 -253.408 -14.575 0.453154 0.211309 -0.866025 0.784886 0.365998 0.5 0.422618 -0.906308 0 4032a.dat
1 8 136.482 -235.84 -58.079 -0.453154 -0.211309 -0.866025 -0.784886 -0.365998 0.5 -0.422618 0.906308 0 2489.dat
1 7 134.792 -238.768 -50.83 -0.453154 -0.866025 0.211309 -0.784886 0.5 0.365998 -0.422618 0 -0.906308 59443.dat
1 19 151.696 -209.489 -123.332 -0.866025 -0.211309 0.453154 0.5 -0.365998 0.784886 0 0.906308 0.422618 30374.dat
1 7 141.554 -227.058 -79.832 0.866025 0.211309 0.453154 -0.5 0.365998 0.784886 0 -0.906308 0.422618 15395.dat
1 7 144.934 -221.201 -94.331 -0.866025 -0.211309 0.453154 0.5 -0.365998 0.784886 0 0.906308 0.422618 15395.dat
0 STEP
1 1 -120 -264.39 12.613 -0.866025 0.453154 0.211309 -0.5 -0.784886 -0.365998 0 -0.422618 0.906308 6558.dat
1 7 -120 -264.39 12.613 -0.866025 0.453154 0.211309 -0.5 -0.784886 -0.365998 0 -0.422618 0.906308 32013.dat
1 7 -128.452 -249.747 -23.64 0.211309 0.453154 0.866025 -0.365998 -0.784886 0.5 0.906308 -0.422618 0 4519.dat
1 7 -126.34 -253.408 -14.575 0.453154 -0.211309 0.866025 -0.784886 0.365998 0.5 -0.422618 -0.906308 0 4032a.dat
1 8 -136.482 -235.84 -58.079 -0.453154 0.211309 0.866025 0.784886 -0.365998 0.5 0.422618 0.906308 0 2489.dat
1 7 -134.792 -238.768 -50.83 -0.453154 0.866025 -0.211309 0.784886 0.5 0.365998 0.422618 0 -0.906308 59443.dat
1 19 -151.696 -209.489 -123.332 0.866025 0.211309 0.453154 0.5 -0.365998 -0.784886 0 0.906308 -0.422618 30374.dat
1 7 -141.554 -227.058 -79.832 -0.866025 -0.211309 0.453154 -0.5 0.365998 -0.784886 0 -0.906308 -0.422618 15395.dat
1 7 -144.934 -221.201 -94.331 0.866025 0.211309 0.453154 0.5 -0.365998 -0.784886 0 0.906308 -0.422618 15395.dat
0 STEP
1 179 150.851 -210.952 -119.707 -0.866025 -0.211309 0.453154 0.5 -0.365998 0.784886 0 0.906308 0.422618 75937.dat
1 7 152.331 -208.391 -126.054 0.453154 -0.211309 0.866025 0.784886 -0.365998 -0.5 0.422618 0.906308 0 14769.dat
1 179 122.444 -217.73 -126.859 0.649399 -0.702175 -0.291944 0.417686 0.00854301 0.908552 -0.635467 -0.711954 0.298836 53989.dat
1 179 134.482 -201.702 -163.82 0.291944 -0.702175 0.649399 -0.908552 0.00854301 0.417686 -0.298836 -0.711954 -0.635467 53451.dat
1 179 124.448 -196.684 -117.896 0.616012 -0.644345 0.453154 0.0669637 0.616012 0.784886 -0.784886 -0.453154 0.422618 53989.dat
1 179 136.257 -183.05 -155.879 -0.453154 -0.644345 0.616012 -0.784886 0.616012 0.0669637 -0.422618 -0.453154 -0.784886 53451.dat
1 179 141.671 -184.429 -108.93 0.328971 -0.147177 0.932801 -0.137312 0.969828 0.201445 -0.934304 -0.194354 0.298836 53989.dat
1 179 151.522 -172.189 -147.934 -0.932801 -0.147177 0.328971 -0.201445 0.969828 -0.137312 -0.298836 -0.194354 -0.934304 53451.dat
1 179 164.023 -188.139 -105.216 -0.0435779 0.498097 0.866025 -0.0754791 0.86273 -0.5 -0.996195 -0.0871557 0 53989.dat
1 179 171.333 -175.48 -144.642 -0.866025 0.498097 -0.0435779 0.5 0.86273 -0.0754791 0 -0.0871557 -0.996195 53451.dat
1 179 176.409 -226.685 -117.894 -0.250014 0.855655 -0.453154 0.566964 -0.250014 -0.784886 -0.784886 -0.453154 -0.422618 53989.dat
1 179 182.312 -209.639 -155.878 0.453154 0.855655 -0.250014 0.784886 -0.250014 0.566964 0.422618 -0.453154 -0.784886 53451.dat
0 STEP
1 179 -150.851 -210.952 -119.707 0.866025 0.211309 0.453154 0.5 -0.365998 -0.784886 0 0.906308 -0.422618 75937.dat
1 7 -152.331 -208.391 -126.054 0.453154 0.211309 -0.866025 -0.784886 -0.365998 -0.5 -0.422618 0.906308 0 14769.dat
1 179 -164.023 -188.139 -105.216 0.0435779 -0.498097 0.866025 -0.0754791 0.86273 0.5 -0.996195 -0.0871557 0 53989.dat
1 179 -171.333 -175.48 -144.642 -0.866025 -0.498097 0.0435779 -0.5 0.86273 -0.0754791 0 -0.0871557 -0.996195 53451.dat
1 179 -141.671 -184.429 -108.93 -0.328971 0.147177 0.932801 -0.137312 0.969828 -0.201445 -0.934304 -0.194354 -0.298836 53989.dat
1 179 -151.522 -172.189 -147.934 -0.932801 0.147177 -0.328971 0.201445 0.969828 -0.137312 0.298836 -0.194354 -0.934304 53451.dat
1 179 -124.448 -196.684 -117.896 -0.616012 0.644345 0.453154 0.0669637 0.616012 -0.784886 -0.784886 -0.453154 -0.422618 53989.dat
1 179 -136.258 -183.051 -155.879 -0.453154 0.644345 -0.616012 0.784886 0.616012 0.0669637 0.422618 -0.453154 -0.784886 53451.dat
1 179 -122.444 -217.73 -126.859 -0.649399 0.702175 -0.291944 0.417686 0.00854301 -0.908552 -0.635467 -0.711954 -0.298836 53989.dat
1 179 -134.482 -201.702 -163.82 0.291944 0.702175 -0.649399 0.908552 0.00854301 0.417686 0.298836 -0.711954 -0.635467 53451.dat
1 179 -176.409 -226.685 -117.894 0.250014 -0.855655 -0.453154 0.566964 -0.250014 0.784886 -0.784886 -0.453154 0.422618 53989.dat
1 179 -182.312 -209.639 -155.878 0.453154 -0.855655 0.250014 -0.784886 -0.250014 0.566964 -0.422618 -0.453154 -0.784886 53451.dat
0 STEP
1 179 -120 -32 -150 1 0 0 0 1 0 0 0 1 30033.dat
1 7 -120 -39 -150 1 0 0 0 1 0 0 0 1 4032a.dat
1 36 -120 -47 -150 0.707107 0 -0.707107 0 1 0 0.707107 0 0.707107 6141.dat
1 7 -96.061 -25.404 -126.059 0.541675 0.454519 -0.707107 -0.642788 0.766044 0 0.541675 0.454519 0.707107 2555.dat
1 7 -92.421 -19.276 -122.421 0.707107 0.454519 0.541675 0 0.766044 -0.642788 -0.707107 0.454519 0.541675 3626c.dat
1 179 -81.517 -0.891 -111.515 0.707107 0.454519 0.541675 0 0.766044 -0.642788 -0.707107 0.454519 0.541675 6141.dat
1 7 -143.941 -25.404 -126.061 -0.541675 -0.454519 -0.707107 -0.642788 0.766044 0 0.541675 0.454519 -0.707107 2555.dat
1 7 -147.579 -19.276 -122.421 0.707107 -0.454519 -0.541675 0 0.766044 -0.642788 0.707107 0.454519 0.541675 3626c.dat
1 179 -158.484 -0.891 -111.517 0.707107 -0.454519 -0.541675 0 0.766044 -0.642788 0.707107 0.454519 0.541675 6141.dat
1 7 -143.94 -25.404 -173.941 -0.541675 -0.454519 0.707107 -0.642788 0.766044 0 -0.541675 -0.454519 -0.707107 2555.dat
1 7 -147.579 -19.276 -177.579 -0.707107 -0.454519 -0.541675 0 0.766044 -0.642788 0.707107 -0.454519 -0.541675 3626c.dat
1 179 -158.483 -0.891 -188.484 -0.707107 -0.454519 -0.541675 0 0.766044 -0.642788 0.707107 -0.454519 -0.541675 6141.dat
1 7 -96.06 -25.403 -173.941 0.541675 0.454519 0.707107 -0.642788 0.766044 0 -0.541675 -0.454519 0.707107 2555.dat
1 7 -92.421 -19.276 -177.579 -0.707107 0.454519 0.541675 0 0.766044 -0.642788 -0.707107 -0.454519 -0.541675 3626c.dat
1 179 -81.516 -0.891 -188.484 -0.707107 0.454519 0.541675 0 0.766044 -0.642788 -0.707107 -0.454519 -0.541675 6141.dat
1 7 -120 -24 -150 1 0 0 0 1 0 0 0 1 2654.dat
1 179 -120 -55 -150 1 0 0 0 1 0 0 0 1 43898.dat
1 7 -120 -63 -150 1 0 0 0 1 0 0 0 1 2555.dat
1 7 -120 -69 -140 0 0 -1 1 0 0 0 -1 0 4697b.dat
1 8 -105 -69 -140 0 0 -1 1 0 0 0 -1 0 11090.dat
1 8 -135 -69 -140 0 0 -1 1 0 0 0 -1 0 11090.dat
1 7 -120 -30 -122 0 0 -1 -0.965926 0.258819 0 0.258819 0.965926 0 48729.dat
1 7 -120 -32 -200 -1 0 0 0 1 0 0 0 -1 11476.dat
1 7 -120 -24 -210 1 0 0 0 1 0 0 0 1 2654.dat
1 36 -130 -32 -220 1 0 0 0 1 0 0 0 1 6141.dat
1 36 -110 -32 -220 1 0 0 0 1 0 0 0 1 6141.dat
1 7 -120 -40 -210 1 0 0 0 1 0 0 0 1 14769.dat
1 8 100 0 -160 1 0 0 0 1 0 0 0 1 4151a.dat
1 34 30 -8 -90 1 0 0 0 1 0 0 0 1 98138.dat
1 34 170 -8 -90 1 0 0 0 1 0 0 0 1 98138.dat
1 34 30 -8 -230 1 0 0 0 1 0 0 0 1 98138.dat
1 34 170 -8 -230 1 0 0 0 1 0 0 0 1 98138.dat
1 8 20 8 -200 0 0 1 0 1 0 -1 0 0 15068.dat
1 8 20 8 -120 0 0 1 0 1 0 -1 0 0 15068.dat
1 8 60 8 -80 -1 0 0 0 1 0 0 0 -1 15068.dat
1 8 140 8 -80 -1 0 0 0 1 0 0 0 -1 15068.dat
1 8 180 8 -120 0 0 -1 0 1 0 1 0 0 15068.dat
1 8 180 8 -200 0 0 -1 0 1 0 1 0 0 15068.dat
1 8 140 8 -240 1 0 0 0 1 0 0 0 1 15068.dat
1 8 60 8 -240 1 0 0 0 1 0 0 0 1 15068.dat
1 14 80 -24 -140 1 0 0 0 1 0 0 0 1 3941.dat
1 14 80 -48 -140 1 0 0 0 1 0 0 0 1 3941.dat
1 14 80 -56 -140 1 0 0 0 1 0 0 0 1 14769.dat
1 14 120 -24 -180 1 0 0 0 1 0 0 0 1 3941.dat
1 14 120 -48 -180 1 0 0 0 1 0 0 0 1 3941.dat
1 14 120 -56 -180 1 0 0 0 1 0 0 0 1 14769.dat
1 0 63 -8 -180 1 0 0 0 0 1 0 -1 0 3962b.dat
1 0 -20 -32 -110 1 0 0 0 1 0 0 0 1 fig_NCS-gr_standing.ldr
0
