0 FILE 21303 - Assemblage.ldr
0 Assemblage
0 Name: 21303 - Assemblage.ldr
0 Author: Christophe Mitillo [Christophe_Mitillo]
0 !LDRAW_ORG Model
0 !LICENSE Redistributable under CCAL version 2.0 : see CAreadme.txt

0 ROTATION CENTER 0 -70 130 1 "Axrot-C" 
0 ROTATION CENTER 0 -118 50 1 "Axrot-Da" 
0 ROTATION CENTER 0 -174 130 1 "Axrot A-02" 
0 ROTATION CENTER 0 2 -80 1 "Axrot - Porte AV" 
0 ROTATION CENTER -10 -188 -70 1 "Axrot Cafard" 
0 ROTATION CONFIG 2 1
1 71 -80 8 20 0 0 1 0 1 0 -1 0 0 3034.dat
1 25 -80 0 -50 1 0 0 0 1 0 0 0 1 99207.dat
1 25 80 0 -50 1 0 0 0 1 0 0 0 1 99207.dat
1 71 80 8 20 0 0 1 0 1 0 -1 0 0 3034.dat
1 71 0 0 0 1 0 0 0 1 0 0 0 1 3030.dat
1 71 0 0 80 1 0 0 0 1 0 0 0 1 3030.dat
0 STEP
1 191 -90 -24 -50 1 0 0 0 1 0 0 0 1 2357.dat
1 191 -70 -24 -10 -1 0 0 0 1 0 0 0 -1 2357.dat
1 191 90 -24 -50 0 0 -1 0 1 0 1 0 0 2357.dat
1 191 70 -24 -10 0 0 1 0 1 0 -1 0 0 2357.dat
0 STEP
1 191 -80 -24 50 -1 0 0 0 1 0 0 0 -1 3004.dat
1 191 80 -24 50 -1 0 0 0 1 0 0 0 -1 3004.dat
1 1 -90 -14 20 -1 0 0 0 1 0 0 0 -1 6558.dat
1 72 -70 -24 20 0 0 -1 0 1 0 1 0 0 3700.dat
1 72 -90 -24 20 0 0 -1 0 1 0 1 0 0 3700.dat
1 1 90 -14 20 1 0 0 0 1 0 0 0 1 6558.dat
1 72 70 -24 20 0 0 1 0 1 0 -1 0 0 3700.dat
1 72 90 -24 20 0 0 1 0 1 0 -1 0 0 3700.dat
0 STEP
1 191 -70 -8 110 -1 0 0 0 1 0 0 0 -1 3623.dat
1 191 70 -8 110 -1 0 0 0 1 0 0 0 -1 3623.dat
1 191 -70 -8 80 -1 0 0 0 1 0 0 0 -1 3021.dat
1 191 70 -8 80 -1 0 0 0 1 0 0 0 -1 3021.dat
1 0 -50 -8 0 0 0 -1 0 1 0 1 0 0 3666.dat
1 0 50 -8 0 0 0 -1 0 1 0 1 0 0 3666.dat
0 STEP
1 191 -20 -8 60 0 0 -1 0 1 0 1 0 0 3795.dat
1 191 20 -8 60 0 0 -1 0 1 0 1 0 0 3795.dat
0 STEP
1 71 -20 -8 -40 -1 0 0 0 1 0 0 0 -1 98286.dat
1 71 20 -8 -40 -1 0 0 0 1 0 0 0 -1 98286.dat
0 STEP
1 71 -70 -32 0 0 0 -1 0 1 0 1 0 0 3666.dat
1 71 70 -32 0 0 0 -1 0 1 0 1 0 0 3666.dat
1 191 -90 -32 0 0 0 -1 0 1 0 1 0 0 6636.dat
1 191 90 -32 0 0 0 -1 0 1 0 1 0 0 6636.dat
0 STEP
1 191 -80 -32 70 1 0 0 0 1 0 0 0 1 3004.dat
1 191 80 -32 70 1 0 0 0 1 0 0 0 1 3004.dat
1 191 -90 -32 90 1 0 0 0 1 0 0 0 1 2357.dat
1 191 90 -32 90 0 0 -1 0 1 0 1 0 0 2357.dat
0 STEP
1 191 70 -32 110 -1 0 0 0 1 0 0 0 -1 3665a.dat
1 191 -70 -32 110 -1 0 0 0 1 0 0 0 -1 3665a.dat
1 70 -40 -32 110 -1 0 0 0 1 0 0 0 -1 3660.dat
1 70 0 -32 110 -1 0 0 0 1 0 0 0 -1 3660.dat
1 70 40 -32 110 -1 0 0 0 1 0 0 0 -1 3660.dat
0 STEP
1 72 0 -16 -40 -1 0 0 0 1 0 0 0 -1 3795.dat
1 72 -40 -16 40 0 0 -1 0 1 0 1 0 0 3795.dat
1 72 40 -16 40 0 0 -1 0 1 0 1 0 0 3795.dat
1 72 0 -16 90 1 0 0 0 1 0 0 0 1 3069b.dat
0 STEP
1 72 -70 -56 50 0 0 1 0 1 0 -1 0 0 3622.dat
1 72 70 -56 50 0 0 1 0 1 0 -1 0 0 3622.dat
1 72 -70 -56 -20 0 0 1 0 1 0 -1 0 0 30414.dat
1 72 70 -56 -20 0 0 -1 0 1 0 1 0 0 30414.dat
1 191 70 -56 110 -1 0 0 0 1 0 0 0 -1 2357.dat
1 191 -70 -56 110 0 0 1 0 1 0 -1 0 0 2357.dat
1 191 0 -56 110 -1 0 0 0 1 0 0 0 -1 3010.dat
0 STEP
1 0 -88 -46 0 0 1 0 0 0 1 1 0 0 3666.dat
1 72 -96 -46 0 0 1 0 0 0 1 1 0 0 6636.dat
1 0 88 -46 0 0 -1 0 0 0 -1 1 0 0 3666.dat
1 72 96 -46 0 0 -1 0 0 0 -1 1 0 0 6636.dat
1 191 -90 -56 80 0 0 -1 0 1 0 1 0 0 3004.dat
1 191 90 -56 80 0 0 -1 0 1 0 1 0 0 3004.dat
0 STEP
1 191 -80 -64 40 0 0 -1 0 1 0 1 0 0 3795.dat
1 72 -80 -64 -40 0 0 -1 0 1 0 1 0 0 3022.dat
1 72 80 -64 -40 0 0 -1 0 1 0 1 0 0 3022.dat
1 191 80 -64 40 0 0 -1 0 1 0 1 0 0 3795.dat
0 STEP
1 72 80 -72 -50 1 0 0 0 1 0 0 0 1 44728.dat
1 72 -80 -72 -50 1 0 0 0 1 0 0 0 1 44728.dat
1 191 -90 -88 -20 0 0 1 0 1 0 -1 0 0 3004.dat
1 191 90 -88 -20 0 0 1 0 1 0 -1 0 0 3004.dat
1 191 -90 -88 10 -1 0 0 0 1 0 0 0 -1 4286.dat
1 191 90 -88 10 -1 0 0 0 1 0 0 0 -1 4286.dat
0 STEP
1 72 -70 -88 20 0 0 -1 0 1 0 1 0 0 3009.dat
1 72 70 -88 20 0 0 -1 0 1 0 1 0 0 3009.dat
1 0 0 -72 90 1 0 0 0 1 0 0 0 1 3460.dat
1 0 0 -80 90 1 0 0 0 1 0 0 0 1 3460.dat
0 STEP
1 0 0 -80 70 1 0 0 0 1 0 0 0 1 2362b.dat
1 191 -90 -88 90 1 0 0 0 1 0 0 0 1 4287a.dat
1 191 90 -88 90 1 0 0 0 1 0 0 0 1 4287a.dat
0 STEP
1 72 -80 -96 -50 1 0 0 0 1 0 0 0 1 3700.dat
1 72 80 -96 -50 1 0 0 0 1 0 0 0 1 3700.dat
1 191 -70 -96 -30 1 0 0 0 1 0 0 0 1 3024.dat
1 191 70 -96 -30 1 0 0 0 1 0 0 0 1 3024.dat
0 STEP
1 72 70 -104 -50 1 0 0 0 1 0 0 0 1 2420.dat
1 72 -70 -104 -50 0 0 -1 0 1 0 1 0 0 2420.dat
0 STEP
1 72 -80 -112 -50 1 0 0 0 1 0 0 0 1 44728.dat
1 72 80 -112 -50 1 0 0 0 1 0 0 0 1 44728.dat
1 191 -70 -112 -30 1 0 0 0 1 0 0 0 1 3024.dat
1 191 70 -112 -30 1 0 0 0 1 0 0 0 1 3024.dat
0 STEP
1 191 -70 -56 130 -1 0 0 0 1 0 0 0 -1 3665a.dat
1 191 70 -56 130 -1 0 0 0 1 0 0 0 -1 3665a.dat
1 191 0 -40 130 -1 0 0 0 1 0 0 0 -1 3666.dat
1 191 0 -48 130 -1 0 0 0 1 0 0 0 -1 3666.dat
1 191 0 -56 130 -1 0 0 0 1 0 0 0 -1 6636.dat
0 STEP
1 71 -50 -80 110 -1 0 0 0 1 0 0 0 -1 3005.dat
1 71 50 -80 110 -1 0 0 0 1 0 0 0 -1 3005.dat
1 19 -70 -80 120 0 0 -1 0 1 0 1 0 0 32000.dat
1 19 70 -80 120 0 0 -1 0 1 0 1 0 0 32000.dat
1 191 -70 -80 150 -1 0 0 0 1 0 0 0 -1 87087.dat
1 191 70 -80 150 -1 0 0 0 1 0 0 0 -1 87087.dat
0 STEP
1 0 50 -70 150 1 0 0 0 1 0 0 0 1 21303 - Appendice AR.ldr
1 0 -50 -70 150 -1 0 0 0 -1 0 0 0 1 21303 - Appendice AR.ldr
0 STEP
1 72 0 -80 110 -1 0 0 0 1 0 0 0 -1 30414.dat
1 191 -70 -88 120 0 0 1 0 1 0 -1 0 0 3710.dat
1 191 70 -88 120 0 0 1 0 1 0 -1 0 0 3710.dat
0 STEP
1 191 -40 -88 110 1 0 0 0 1 0 0 0 1 3023.dat
1 191 40 -88 110 1 0 0 0 1 0 0 0 1 3023.dat
1 191 0 -88 90 0 0 1 0 1 0 -1 0 0 3021.dat
0 STEP
1 191 -90 -56 110 -1 0 0 0 1 0 0 0 -1 3665a.dat
1 191 -90 -80 110 0 0 1 0 1 0 -1 0 0 87087.dat
1 191 -90 -80 130 0 0 1 0 1 0 -1 0 0 87087.dat
1 191 -90 -88 120 0 0 1 0 1 0 -1 0 0 3023.dat
1 191 90 -56 110 -1 0 0 0 1 0 0 0 -1 3665a.dat
1 191 90 -80 110 0 0 -1 0 1 0 1 0 0 87087.dat
1 191 90 -80 130 0 0 -1 0 1 0 1 0 0 87087.dat
1 191 90 -88 120 0 0 1 0 1 0 -1 0 0 3023.dat
0 STEP
1 72 -70 -112 40 0 0 1 0 1 0 -1 0 0 3009.dat
1 72 70 -112 40 0 0 1 0 1 0 -1 0 0 3009.dat
1 71 0 -96 110 -1 0 0 0 1 0 0 0 -1 3666.dat
1 191 -70 -112 130 0 0 1 0 1 0 -1 0 0 3622.dat
1 191 70 -112 130 0 0 1 0 1 0 -1 0 0 3622.dat
0 STEP
1 191 -90 -112 100 0 0 1 0 1 0 -1 0 0 3010.dat
1 191 90 -112 100 0 0 1 0 1 0 -1 0 0 3010.dat
1 191 -90 -112 -30 -1 0 0 0 1 0 0 0 -1 4286.dat
1 191 90 -112 -30 -1 0 0 0 1 0 0 0 -1 4286.dat
0 STEP
1 191 -90 -112 50 1 0 0 0 1 0 0 0 1 4287a.dat
1 191 90 -112 50 1 0 0 0 1 0 0 0 1 4287a.dat
0 STEP
1 1 -50 -120 110 -1 0 0 0 1 0 0 0 -1 87087.dat
1 1 50 -120 110 -1 0 0 0 1 0 0 0 -1 87087.dat
1 71 50 -110 128 -1 0 0 0 0 -1 0 -1 0 98138.dat
1 71 -50 -110 128 -1 0 0 0 0 -1 0 -1 0 98138.dat
1 72 0 -120 110 -1 0 0 0 1 0 0 0 -1 30414.dat
0 STEP
1 191 -70 -136 130 0 0 -1 0 1 0 1 0 0 2357.dat
1 191 70 -136 130 1 0 0 0 1 0 0 0 1 2357.dat
1 191 -80 -120 80 0 0 1 0 1 0 -1 0 0 3020.dat
1 191 80 -120 80 0 0 1 0 1 0 -1 0 0 3020.dat
0 STEP
1 71 40 -128 90 1 0 0 0 1 0 0 0 1 87552.dat
1 71 -40 -128 90 1 0 0 0 1 0 0 0 1 87552.dat
1 191 -60 -128 110 -1 0 0 0 1 0 0 0 -1 3710.dat
1 191 40 -128 110 -1 0 0 0 1 0 0 0 -1 3666.dat
0 STEP
1 71 0 -96 80 -1 0 0 0 1 0 0 0 -1 3022.dat
1 71 0 -104 80 -1 0 0 0 1 0 0 0 -1 3022.dat
1 0 -10 -128 80 0 0 1 0 1 0 -1 0 0 30364.dat
1 0 10 -128 80 0 0 1 0 1 0 -1 0 0 30364.dat
0 STEP
1 191 -80 -136 110 -1 0 0 0 1 0 0 0 -1 3023.dat
1 191 80 -136 110 -1 0 0 0 1 0 0 0 -1 3023.dat
1 191 0 -136 100 -1 0 0 0 1 0 0 0 -1 3795.dat
0 STEP
1 191 -80 -120 0 0 0 -1 0 1 0 1 0 0 3020.dat
1 191 80 -120 0 0 0 -1 0 1 0 1 0 0 3020.dat
0 STEP
1 71 -70 -128 40 0 0 -1 0 1 0 1 0 0 3666.dat
1 191 -90 -128 40 0 0 -1 0 1 0 1 0 0 3666.dat
1 71 70 -128 40 0 0 -1 0 1 0 1 0 0 3666.dat
1 191 90 -128 40 0 0 -1 0 1 0 1 0 0 3666.dat
1 191 -80 -128 -30 1 0 0 0 1 0 0 0 1 3023.dat
1 191 80 -128 -30 1 0 0 0 1 0 0 0 1 3023.dat
0 STEP
1 191 -90 -52 -72 0 0 1 1 0 0 0 1 0 3710.dat
1 72 -70 -32 -72 0 0 1 1 0 0 0 1 0 3023.dat
1 72 -70 -62 -64 0 0 -1 -1 0 0 0 1 0 54200.dat
1 72 -70 -92 -64 0 0 -1 -1 0 0 0 1 0 85984.dat
1 191 -90 -102 -72 0 0 1 1 0 0 0 1 0 3024.dat
1 72 -80 -12 -64 1 0 0 0 0 -1 0 1 0 15068.dat
1 72 -80 -42 -80 1 0 0 0 0 -1 0 1 0 2412b.dat
1 191 -90 -62 -80 1 0 0 0 0 -1 0 1 0 3070b.dat
1 191 -90 -92 -80 0 0 1 1 0 0 0 1 0 3069b.dat
0 STEP
1 191 90 -52 -72 0 0 1 1 0 0 0 1 0 3710.dat
1 72 70 -32 -72 0 0 1 1 0 0 0 1 0 3023.dat
1 72 70 -62 -64 0 0 1 1 0 0 0 1 0 54200.dat
1 72 70 -92 -64 0 0 1 1 0 0 0 1 0 85984.dat
1 191 90 -102 -72 0 0 1 1 0 0 0 1 0 3024.dat
1 72 80 -12 -64 1 0 0 0 0 -1 0 1 0 15068.dat
1 72 80 -42 -80 1 0 0 0 0 -1 0 1 0 2412b.dat
1 191 90 -92 -80 0 0 1 1 0 0 0 1 0 3069b.dat
1 191 90 -62 -80 1 0 0 0 0 -1 0 1 0 3070b.dat
0 STEP
1 191 -50 -160 110 -1 0 0 0 1 0 0 0 -1 2357.dat
1 191 50 -160 110 0 0 1 0 1 0 -1 0 0 2357.dat
1 191 0 -160 110 -1 0 0 0 1 0 0 0 -1 3010.dat
0 STEP
1 72 0 -160 90 -1 0 0 0 1 0 0 0 -1 3700.dat
1 191 90 -160 130 -1 0 0 0 1 0 0 0 -1 2357.dat
1 191 -90 -160 130 0 0 1 0 1 0 -1 0 0 2357.dat
0 STEP
1 0 0 -160.367 21.627 -1 0 0 0 -0.382683 0.92388 0 0.92388 0.382683 21303 - Cou.ldr
0 STEP
1 72 0 -120 -60 -1 0 0 0 1 0 0 0 -1 3832.dat
1 72 0 -128 -50 -1 0 0 0 1 0 0 0 -1 4477.dat
1 71 0 -144 -40 -1 0 0 0 1 0 0 0 -1 3022.dat
1 36 -50 -144 -50 -1 0 0 0 1 0 0 0 -1 6141.dat
1 36 50 -144 -50 -1 0 0 0 1 0 0 0 -1 6141.dat
1 72 0 -144 -70 1 0 0 0 1 0 0 0 1 30414.dat
1 71 50 -144 -70 1 0 0 0 1 0 0 0 1 6231.dat
1 71 -50 -144 -70 0 0 1 0 1 0 -1 0 0 6231.dat
1 191 0 -136 -50 -1 0 0 0 1 0 0 0 -1 3666.dat
0 STEP
1 71 -80 -136 20 0 0 -1 0 1 0 1 0 0 3034.dat
1 71 80 -136 20 0 0 -1 0 1 0 1 0 0 3034.dat
1 72 -30 -144 20 0 0 -1 0 1 0 1 0 0 4162.dat
1 72 30 -144 20 0 0 -1 0 1 0 1 0 0 4162.dat
0 STEP
1 0 0 -160 -70 1 0 0 0 1 0 0 0 1 99206.dat
1 191 0 -160 -50 -1 0 0 0 1 0 0 0 -1 3023.dat
0 STEP
1 191 -80 -168 110 -1 0 0 0 1 0 0 0 -1 3023.dat
1 191 80 -168 110 -1 0 0 0 1 0 0 0 -1 3023.dat
1 191 0 -168 100 -1 0 0 0 1 0 0 0 -1 3795.dat
1 191 0 -152 -30 -1 0 0 0 1 0 0 0 -1 3069b.dat
1 191 -90 -160 130 -1 0 0 0 1 0 0 0 -1 54200.dat
1 191 90 -160 130 -1 0 0 0 1 0 0 0 -1 54200.dat
0 STEP
1 71 -80 -160 90 -1 0 0 0 1 0 0 0 -1 32064b.dat
1 71 -80 -160 -50 -1 0 0 0 1 0 0 0 -1 32064b.dat
1 0 -80 -150 20 0 0 -1 0 1 0 1 0 0 3707.dat
1 71 80 -160 90 -1 0 0 0 1 0 0 0 -1 32064b.dat
1 71 80 -160 -50 -1 0 0 0 1 0 0 0 -1 32064b.dat
1 0 80 -150 20 0 0 -1 0 1 0 1 0 0 3707.dat
0 STEP
1 0 -60 -150 70 0 0 1 0 1 0 -1 0 0 21303 - Epaule Droite.ldr
1 0 60 -150 70 0 0 -1 0 1 0 1 0 0 21303 - Epaule Gauche.ldr
0 STEP
1 71 -80 -168 20 0 0 -1 0 1 0 1 0 0 3034.dat
1 71 80 -168 20 0 0 -1 0 1 0 1 0 0 3034.dat
0 STEP
1 71 -30 -168 -50 -1 0 0 0 1 0 0 0 -1 2357.dat
1 71 30 -168 -50 0 0 1 0 1 0 -1 0 0 2357.dat
1 71 0 -168 -60 0 0 1 0 1 0 -1 0 0 3022.dat
1 71 -80 -168 -70 1 0 0 0 1 0 0 0 1 87552.dat
1 71 80 -168 -70 1 0 0 0 1 0 0 0 1 87552.dat
0 STEP
1 72 0 -176 90 1 0 0 0 1 0 0 0 1 3023.dat
1 71 0 -176 110 -1 0 0 0 1 0 0 0 -1 60470a.dat
1 71 0 -176 -60 -1 0 0 0 1 0 0 0 -1 3832.dat
1 191 60 -176 100 -1 0 0 0 1 0 0 0 -1 3020.dat
1 191 -60 -176 100 -1 0 0 0 1 0 0 0 -1 3020.dat
1 191 -80 -176 20 0 0 -1 0 1 0 1 0 0 3795.dat
1 191 80 -176 20 0 0 -1 0 1 0 1 0 0 3795.dat
0 STEP
1 72 -90 -184 20 0 0 -1 0 1 0 1 0 0 4477.dat
1 72 90 -184 20 0 0 -1 0 1 0 1 0 0 4477.dat
1 72 -40 -184 -70 1 0 0 0 1 0 0 0 1 3710.dat
1 72 40 -184 -70 1 0 0 0 1 0 0 0 1 3710.dat
1 72 -60 -184 110 1 0 0 0 1 0 0 0 1 3023.dat
1 72 60 -184 110 1 0 0 0 1 0 0 0 1 3023.dat
1 191 0 -184 -50 -1 0 0 0 1 0 0 0 -1 2431.dat
1 191 0 -184 100 1 0 0 0 1 0 0 0 1 87079.dat
1 191 60 -184 60 0 0 1 0 1 0 -1 0 0 87079.dat
1 191 60 -184 -20 0 0 1 0 1 0 -1 0 0 87079.dat
1 191 -60 -184 60 0 0 1 0 1 0 -1 0 0 87079.dat
1 191 -60 -184 -20 0 0 1 0 1 0 -1 0 0 87079.dat
0 STEP
1 72 -70 -192 -70 -1 0 0 0 1 0 0 0 -1 63864.dat
1 72 70 -192 -70 -1 0 0 0 1 0 0 0 -1 63864.dat
1 72 -70 -192 110 -1 0 0 0 1 0 0 0 -1 63864.dat
1 72 70 -192 110 -1 0 0 0 1 0 0 0 -1 63864.dat
1 72 -90 -192 20 0 0 -1 0 1 0 1 0 0 4162.dat
1 72 90 -192 20 0 0 -1 0 1 0 1 0 0 4162.dat
1 191 -70 -160 150 -1 0 0 0 1 0 0 0 -1 87087.dat
1 191 70 -160 150 -1 0 0 0 1 0 0 0 -1 87087.dat
0 STEP
0 STEP
1 191 -108 -80 120 0 1 0 1 0 0 0 0 -1 14769.dat
1 191 108 -80 120 0 -1 0 1 0 0 0 0 1 14769.dat
1 191 -70 -184 130 -1 0 0 0 1 0 0 0 -1 3040b.dat
1 191 70 -184 130 -1 0 0 0 1 0 0 0 -1 3040b.dat
0 STEP
1 72 0 -96 128 -1 0 0 0 0 -1 0 -1 0 3031.dat
1 72 -30 -76 136 0 0 -1 1 0 0 0 -1 0 2412b.dat
1 72 30 -76 136 0 0 -1 1 0 0 0 -1 0 2412b.dat
1 191 0 -76 136 0 0 -1 1 0 0 0 -1 0 3068b.dat
1 191 0 -116 136 1 0 0 0 0 1 0 -1 0 87079.dat
0 STEP
1 191 70 -110 168 0 0 -1 1 0 0 0 -1 0 3623.dat
1 191 70 -110 176 0 0 -1 1 0 0 0 -1 0 3070b.dat
1 191 70 -140 160 1 0 0 0 0 1 0 -1 0 11477.dat
1 191 70 -80 160 -1 0 0 0 0 -1 0 -1 0 11477.dat
1 191 -70 -110 168 0 0 -1 1 0 0 0 -1 0 3623.dat
1 191 -70 -110 176 0 0 -1 1 0 0 0 -1 0 3070b.dat
1 191 -70 -140 160 1 0 0 0 0 1 0 -1 0 11477.dat
1 191 -70 -80 160 -1 0 0 0 0 -1 0 -1 0 11477.dat
0 STEP
1 0 0 -148.544 146.97 1 0 0 0 0.707107 0.707107 0 -0.707107 0.707107 21303 - Panneau AR.ldr
0 STEP
1 0 0 -38 -90 -1 0 0 0 0 1 0 1 0 21303 - Porte AV.ldr
0 STEP
1 0 -20 -154 -88 1 0 0 0 0 -1 0 1 0 21303 - Panneau AV droit.ldr
1 0 20 -154 -88 1 0 0 0 0 -1 0 1 0 21303 - Panneau AV Gauche.ldr
0 STEP
1 72 0 8 -20 -1 0 0 0 1 0 0 0 -1 11203.dat
0 STEP
1 72 0 8 20 -1 0 0 0 1 0 0 0 -1 3795.dat
0 STEP
1 1 -90 26 20 -1 0 0 0 1 0 0 0 -1 6558.dat
1 72 -70 16 20 0 0 -1 0 1 0 1 0 0 3700.dat
1 72 -90 16 20 0 0 -1 0 1 0 1 0 0 3700.dat
1 1 90 26 20 1 0 0 0 1 0 0 0 1 6558.dat
1 72 70 16 20 0 0 1 0 1 0 -1 0 0 3700.dat
1 72 90 16 20 0 0 1 0 1 0 -1 0 0 3700.dat
1 71 -50 16 20 0 0 1 0 1 0 -1 0 0 11215.dat
1 71 50 16 20 0 0 -1 0 1 0 1 0 0 11215.dat
1 71 0 24 20 1 0 0 0 1 0 0 0 1 3709b.dat
0 STEP
1 0 -115 46 20 1 0 0 0 1 0 0 0 1 21303 - Assemblage Chenille right.ldr
1 0 115 46 20 1 0 0 0 1 0 0 0 1 21303 - Assemblage Chenille left.ldr

1 0 -13.827 -192 -60.761 -0.92388 0 0.382683 0 1 0 -0.382683 0 -0.92388 21303 - Cafard.ldr






0

0 FILE 21303 - Porte AV.ldr
0 Porte AV
0 Name: 21303 - Porte AV.ldr
0 Author: Christophe Mitillo [Christophe_Mitillo]
0 !LDRAW_ORG Model
0 !LICENSE Redistributable under CCAL version 2.0 : see CAreadme.txt

0 ROTATION CENTER 0 0 0 1 "Custom" 
0 ROTATION CONFIG 0 0
1 71 -40 0 0 1 0 0 0 1 0 0 0 1 98286.dat
1 0 -30 10 40 1 0 0 0 1 0 0 0 1 32054.dat
1 0 30 10 40 -1 0 0 0 1 0 0 0 -1 32054.dat
1 71 0 0 0 1 0 0 0 1 0 0 0 1 98286.dat
0 STEP
1 71 0 -8 -20 -1 0 0 0 1 0 0 0 -1 3036.dat
1 72 0 0 -60 -1 0 0 0 1 0 0 0 -1 3795.dat
1 72 70 0 20 0 0 -1 0 1 0 1 0 0 99780.dat
1 72 70 0 -20 0 0 -1 0 1 0 1 0 0 99780.dat
1 72 70 0 -60 0 0 -1 0 1 0 1 0 0 99780.dat
1 72 -70 0 -60 0 0 1 0 1 0 -1 0 0 99780.dat
1 72 -70 0 -20 0 0 1 0 1 0 -1 0 0 99780.dat
1 72 -70 0 20 0 0 1 0 1 0 -1 0 0 99780.dat
0 STEP
1 191 92 -2 -40 0 -1 0 0 0 1 -1 0 0 2431.dat
1 72 92 -2 20 0 -1 0 0 0 1 -1 0 0 3069b.dat
1 191 -92 -2 -40 0 1 0 0 0 -1 -1 0 0 2431.dat
1 72 -92 -2 20 0 1 0 0 0 -1 -1 0 0 3069b.dat
0 STEP
1 191 70 -16 -40 0 0 1 0 1 0 -1 0 0 2431.dat
1 191 -70 -16 -40 0 0 1 0 1 0 -1 0 0 2431.dat
1 191 0 -16 -70 -1 0 0 0 1 0 0 0 -1 6636.dat
0 STEP
1 191 -40 -16 -40 -1 0 0 0 1 0 0 0 -1 3068b.dat
1 191 0 -16 -40 -1 0 0 0 1 0 0 0 -1 3068b.dat
1 191 40 -16 -40 -1 0 0 0 1 0 0 0 -1 3068b.dat
1 191 -40 -16 -10 -1 0 0 0 1 0 0 0 -1 3069b.dat
1 191 0 -16 -10 -1 0 0 0 1 0 0 0 -1 3069b.dat
1 191 50 -16 -10 0 0 -1 0 1 0 1 0 0 14719.dat
1 191 -60 -16 20 -1 0 0 0 1 0 0 0 -1 3068bp0d.dat
1 191 0 -16 20 -1 0 0 0 1 0 0 0 -1 87079p08.dat
1 191 70 -16 30 -1 0 0 0 1 0 0 0 -1 14719.dat
1 71 40 0 -10 0 0 -1 0 1 0 1 0 0 3021.dat
1 72 0 8 -20 0 0 -1 0 1 0 1 0 0 3031.dat








0

0 FILE 21303 - Appendice AR.ldr
0 Appendice AR
0 Name: 21303 - Appendice AR.ldr
0 Author: Christophe Mitillo [Christophe_Mitillo]
0 !LDRAW_ORG Model
0 !LICENSE Redistributable under CCAL version 2.0 : see CAreadme.txt

0 ROTATION CENTER 0 0 0 1 "Custom" 
0 ROTATION CONFIG 0 0
1 71 0 0 0 1 0 0 0 1 0 0 0 1 32039.dat
1 71 0 0 30 0 -1 0 0 0 1 -1 0 0 62462.dat
1 1 0 0 10 0 0 1 0 1 0 -1 0 0 43093.dat
1 1 10 0 -20 -1 0 0 0 1 0 0 0 -1 43093.dat








0

0 FILE 21303 - Cou.ldr
0 Cou
0 Name: 21303 - Cou.ldr
0 Author: Christophe Mitillo [Christophe_Mitillo]
0 !LDRAW_ORG Model
0 !LICENSE Redistributable under CCAL version 2.0 : see CAreadme.txt

0 ROTATION CENTER 0 10 -50 1 "Axrot Cou B" 
0 ROTATION CONFIG 1 1
1 0 0 62.326 -82.527 -1 0 0 0 0.707107 0.707107 0 0.707107 -0.707107 21303 - Cou B.ldr
1 71 -10 0 0 0 0 1 0 1 0 -1 0 0 30387.dat
1 71 0 24 0 0 0 1 0 1 0 -1 0 0 2654.dat
1 71 0 -8 0 0 0 1 0 1 0 -1 0 0 87079.dat
1 71 10 0 0 0 0 1 0 1 0 -1 0 0 30387.dat








0

0 FILE 21303 - Epaule Droite.ldr
0 Epaule Droite
0 Name: 21303 - Epaule Droite.ldr
0 Author: Christophe Mitillo [Christophe_Mitillo]
0 !LDRAW_ORG Model
0 !LICENSE Redistributable under CCAL version 2.0 : see CAreadme.txt

0 ROTATION CENTER -0 0 -60 1 "Axrot bras" 
0 ROTATION CONFIG 1 1
1 0 80.916 0 -53.027 0 0.0871557 0.996195 1 0 0 0 0.996195 -0.0871557 21303 - Bras droit.ldr
1 72 0 0 0 0 1 0 -1 0 0 0 0 1 64276.dat
1 0 -20 0 0 0 0 1 0 -1 0 1 0 0 45590.dat
1 4 -10 0 0 1 0 0 0 1 0 0 0 1 32062.dat








0

0 FILE 21303 - Epaule Gauche.ldr
0 Epaule Gauche
0 Name: 21303 - Epaule Gauche.ldr
0 Author: Christophe Mitillo [Christophe_Mitillo]
0 !LDRAW_ORG Model
0 !LICENSE Redistributable under CCAL version 2.0 : see CAreadme.txt

0 ROTATION CENTER 0 0 -63 1 "Axrot bras" 
0 ROTATION CONFIG 1 1
1 0 -81.012 0 -60.554 0 -0.130526 -0.991445 -1 0 0 0 0.991445 -0.130526 21303 - Bras gauche.ldr
1 72 0 0 0 0 1 0 -1 0 0 0 0 1 64276.dat
1 0 20 0 0 0 0 1 0 -1 0 1 0 0 45590.dat
1 4 10 0 0 1 0 0 0 1 0 0 0 1 32062.dat








0

0 FILE 21303 - Panneau AR.ldr
0 Panneau AR
0 Name: 21303 - Panneau AR.ldr
0 Author: Christophe Mitillo [Christophe_Mitillo]
0 !LDRAW_ORG Model
0 !LICENSE Redistributable under CCAL version 2.0 : see CAreadme.txt

0 ROTATION CENTER 0 0 0 1 "Custom" 
0 ROTATION CONFIG 0 0
1 191 0 0 0 1 0 0 0 1 0 0 0 1 3795.dat
1 191 -40 -8 0 1 0 0 0 1 0 0 0 1 3022.dat
1 191 40 -8 0 1 0 0 0 1 0 0 0 1 3022.dat
1 191 -10 -8 0 0 0 1 0 1 0 -1 0 0 60478.dat
1 191 10 -8 0 0 0 1 0 1 0 -1 0 0 60478.dat
1 191 0 -16 10 -1 0 0 0 1 0 0 0 -1 6636.dat
1 191 -40 -16 -20 -1 0 0 0 1 0 0 0 -1 3068b.dat
1 191 40 -16 -20 -1 0 0 0 1 0 0 0 -1 3068b.dat
1 191 0 -16 -10 -1 0 0 0 1 0 0 0 -1 3069b.dat








0

0 FILE 21303 - Panneau AV droit.ldr
0 Panneau AV droit
0 Name: 21303 - Panneau AV droit.ldr
0 Author: Christophe Mitillo [Christophe_Mitillo]
0 !LDRAW_ORG Model
0 !LICENSE Redistributable under CCAL version 2.0 : see CAreadme.txt

0 ROTATION CENTER 0 0 0 1 "Custom" 
0 ROTATION CONFIG 0 0
1 71 0 0 0 0 0 1 0 1 0 -1 0 0 3021.dat
1 72 0 -8 20 -1 0 0 0 1 0 0 0 -1 2412b.dat
1 72 0 -8 0 -1 0 0 0 1 0 0 0 -1 2412b.dat
1 72 10 -8 -20 -1 0 0 0 1 0 0 0 -1 3070b.dat
1 36 -10 -8 -20 -1 0 0 0 1 0 0 0 -1 6141.dat








0

0 FILE 21303 - Panneau AV Gauche.ldr
0 Panneau AV Gauche
0 Name: 21303 - Panneau AV Gauche.ldr
0 Author: Christophe Mitillo [Christophe_Mitillo]
0 !LDRAW_ORG Model
0 !LICENSE Redistributable under CCAL version 2.0 : see CAreadme.txt

0 ROTATION CENTER 0 0 0 1 "Custom" 
0 ROTATION CONFIG 0 0
1 71 0 0 0 0 0 1 0 1 0 -1 0 0 3021.dat
1 0 0 -8 20 -1 0 0 0 1 0 0 0 -1 3069b.dat
1 0 0 -8 -10 1 0 0 0 1 0 0 0 1 3068bpc1.dat








0

0 FILE 21303 - Assemblage Chenille right.ldr
0 Assemblage Chenille right
0 Name: 21303 - Assemblage Chenille right.ldr
0 Author: Christophe Mitillo [Christophe_Mitillo]
0 !LDRAW_ORG Model
0 !LICENSE Redistributable under CCAL version 2.0 : see CAreadme.txt

0 ROTATION CENTER 0 0 0 1 "Custom" 
0 ROTATION CONFIG 0 0
1 72 0 0 0 0 -1 0 0 0 -1 1 0 0 32250.dat
1 72 10 0 0 0 -1 0 0 0 -1 1 0 0 32250.dat
1 19 -5 -80 0 1 0 0 0 0 -1 0 1 0 3749.dat
1 19 -5 0 40 1 0 0 0 0 -1 0 1 0 3749.dat
1 0 -25 0 0 1 0 0 0 0 -1 0 1 0 3705.dat
1 71 -55 0 0 0 0 1 1 0 0 0 1 0 3713.dat
1 0 -15 -80 0 1 0 0 0 0.743145 -0.669131 0 0.669131 0.743145 21303 - Chenille articulation.ldr
1 71 -15 0 0 0 1 0 -1 0 0 0 0 1 40490.dat
1 71 -35 0 80 0 0 -1 -0.983 0.182 0 0.182 0.983 0 21303 - Chenille Axe B.ldr
1 71 -35 0 -80 0 0 -1 -1 0 0 0 1 0 21303 - Chenille Axe C.ldr
1 72 -35 0 0 -1 0 0 0 0 1 0 1 0 6536.dat
1 71 -35 10 20 0 0 -1 1 0 0 0 -1 0 4274.dat
1 71 -35 18 20 0 0 -1 0 -1 0 -1 0 0 98138.dat
0 STEP
1 0 0 0 0 1 0 0 0 1 0 0 0 1 21303 - Chenille.ldr








0

0 FILE 21303 - Assemblage Chenille left.ldr
0 Assemblage Chenille left
0 Name: 21303 - Assemblage Chenille left.ldr
0 Author: Johann Eisner [technicbasics]
0 !LDRAW_ORG MODEL
0 !LICENSE Redistributable under CCAL version 2.0 : see CAreadme.txt
0 ROTATION CENTER 0 0 0 1 "Custom" 
0 ROTATION CONFIG 0 0
1 72 -10 0 0 0 -1 0 0 0 -1 1 0 0 32250.dat
1 72 0 0 0 0 -1 0 0 0 -1 1 0 0 32250.dat
1 19 5 -80 0 -1 0 0 0 0 -1 0 -1 0 3749.dat
1 19 5 0 40 -1 0 0 0 0 -1 0 -1 0 3749.dat
1 0 25 0 0 1 0 0 0 0 -1 0 1 0 3705.dat
1 71 55 0 0 0 0 1 1 0 0 0 1 0 3713.dat
1 0 15.001 -80 0 -1 0 0 0 -0.669131 -0.743145 0 -0.743145 0.669131 21303 - Chenille articulation.ldr
1 71 15.001 0 0 0 1 0 -1 0 0 0 0 1 40490.dat
1 71 35 0 80 0 0 1 -0.983 0.182 0 -0.182 -0.983 0 21303 - Chenille Axe B.ldr
1 71 35 0 -80 0 0 1 -1 0 0 0 -1 0 21303 - Chenille Axe C.ldr
1 72 35 0 0 -1 0 0 0 0 1 0 1 0 6536.dat
1 71 35 10 20 0 0 -1 1 0 0 0 -1 0 4274.dat
1 71 35 18 20 0 0 -1 0 -1 0 -1 0 0 98138.dat
0 STEP
1 0 70 0 0 1 0 0 0 1 0 0 0 1 21303 - Chenille.ldr
0

0 FILE 21303 - Chenille articulation.ldr
0 Chenille articulation
0 Name: 21303 - Chenille articulation.ldr
0 Author: Christophe Mitillo [Christophe_Mitillo]
0 !LDRAW_ORG Model
0 !LICENSE Redistributable under CCAL version 2.0 : see CAreadme.txt

0 ROTATION CENTER 0 0 0 1 "Custom" 
0 ROTATION CONFIG 0 0
1 72 0 0 0 0 1 0 -1 0 0 0 0 1 32316.dat
1 1 10 0 20 1 0 0 0 1 0 0 0 1 4274.dat
1 1 10 0 -20 1 0 0 0 1 0 0 0 1 4274.dat
1 1 -2 0 40 0 0 1 -0.147809 0.989016 0 -0.989016 -0.147809 0 21303 - Chenille Axe A.ldr
1 1 -2 0 -40 0 0 1 0.275637 0.961262 0 -0.961262 0.275637 0 21303 - Chenille Axe A.ldr








0

0 FILE 21303 - Chenille Axe A.ldr
0 Chenille Axe A
0 Name: 21303 - Chenille Axe A.ldr
0 Author: Christophe Mitillo [Christophe_Mitillo]
0 !LDRAW_ORG Model
0 !LICENSE Redistributable under CCAL version 2.0 : see CAreadme.txt

0 ROTATION CENTER 0 0 0 1 "Custom" 
0 ROTATION CONFIG 0 0
1 28 0 0 0 0 0 1 0 1 0 -1 0 0 6587.dat
1 71 0 0 -38 0 0 1 1 0 0 0 1 0 4740.dat
1 0 0 0 -18 0 1 0 1 0 0 0 0 -1 57520.dat
1 71 0 0 17 0 1 0 1 0 0 0 0 -1 32123a.dat








0

0 FILE 21303 - Chenille Axe B.ldr
0 Chenille Axe B
0 Name: 21303 - Chenille Axe B.ldr
0 Author: Christophe Mitillo [Christophe_Mitillo]
0 !LDRAW_ORG Model
0 !LICENSE Redistributable under CCAL version 2.0 : see CAreadme.txt

0 ROTATION CENTER 0 0 0 1 "Custom" 
0 ROTATION CONFIG 0 0
1 28 0 0 0 0 0 1 0 1 0 -1 0 0 6587.dat
1 0 0 0 0 0 -1 0 1 0 0 0 0 1 57520.dat
1 71 0 0 15 0 1 0 1 0 0 0 0 -1 32123a.dat

1 71 0 0 25 0 1 0 1 0 0 0 0 -1 4185.dat








0

0 FILE 21303 - Chenille Axe C.ldr
0 Chenille Axe C
0 Name: 21303 - Chenille Axe C.ldr
0 Author: Christophe Mitillo [Christophe_Mitillo]
0 !LDRAW_ORG Model
0 !LICENSE Redistributable under CCAL version 2.0 : see CAreadme.txt

0 ROTATION CENTER 0 0 0 1 "Custom" 
0 ROTATION CONFIG 0 0
1 28 0 0 0 0 0 1 0 1 0 -1 0 0 6587.dat
1 0 0 0 0 0 -1 0 1 0 0 0 0 1 57520.dat
1 71 0 0 20 0 1 0 1 0 0 0 0 -1 3713.dat








0

0 FILE 21303 - Chenille.ldr
0 Chenille
0 Name: 21303 - Chenille.ldr
0 Author: Christophe Mitillo [Christophe_Mitillo]
0 !LDRAW_ORG Model
0 !LICENSE Redistributable under CCAL version 2.0 : see CAreadme.txt

0 ROTATION CENTER -35 0.125591 80.14 1 "Axe-B" 
0 ROTATION CENTER 0 13.1828 -107.11 1 "Axe-B-b" 
0 ROTATION CENTER 0 -106.848 30.1844 1 "Axe-D" 
0 ROTATION CENTER 0 0 80.0383 1 "Axe-A" 
0 ROTATION CENTER 0 -136.797 25.6768 1 "Axe-D-b" 
0 ROTATION CONFIG 3 1
0 MLCAD HIDE 1 12 -35 0 80 0 0 -1 -0.182236 -0.983255 0 -0.983255 0.182236 0 57520.dat
0 MLCAD HIDE 1 12 -35 -107.018 30.009 0 0 -1 -0.833886 -0.551937 0 -0.551937 0.833886 0 57520.dat
0 MLCAD HIDE 1 12 -35 -54 -30 0 0 -1 -0.5373 -0.843391 0 -0.843391 0.5373 0 57520.dat
0 MLCAD HIDE 1 12 -35 0 -80 0 0 -1 0 -1 0 -1 0 0 57520.dat
1 16 -35 -11.794 107.603 1 0 0 0 0.4233 0.906 0 -0.906 0.4233 57518.dat
1 16 -35 19.323 102.619 1 0 0 0 -0.172913 0.984947 0 -0.984947 -0.172913 57518.dat
1 16 -35 29.221 74.596 1 0 0 0 -0.939445 0.342726 0 -0.342726 -0.939445 57518.dat
1 16 -35 -39.933 93.349 1 0 0 0 0.4233 0.906 0 -0.906 0.4233 57518.dat
1 16 -35 -68.495 80.003 1 0 0 0 0.4233 0.906 0 -0.906 0.4233 57518.dat
1 16 -35 -97.057 66.656 1 0 0 0 0.4233 0.906 0 -0.906 0.4233 57518.dat
1 16 -35 -123.623 55.066 1 0 0 0 0.902916 0.42984 0 -0.42984 0.902916 57518.dat
1 16 -35 -136.766 27.837 1 0 0 0 0.886674 -0.462416 0 0.462416 0.886674 57518.dat
1 16 -35 -122.782 0.827 1 0 0 0 0.731914 -0.681393 0 0.681393 0.731914 57518.dat
1 16 -35 -101.523 -21.391 1 0 0 0 0.7495 -0.662 0 0.662 0.7495 57518.dat
1 16 -35 -80.192 -44 1 0 0 0 0.6794 -0.7338 0 0.7338 0.6794 57518.dat
1 16 -35 -57.788 -64.742 1 0 0 0 0.704595 -0.709642 0 0.709642 0.704595 57518.dat
1 16 -35 -36.799 -85.54 1 0 0 0 0.6794 -0.7338 0 0.7338 0.6794 57518.dat
1 16 -35 30 -80 1 0 0 0 -1 0 0 0 -1 57518.dat
1 16 -35 15.024 -106.104 1 0 0 0 -0.866025 -0.5 0 0.5 -0.866025 57518.dat
1 16 -35 -15.094 -106.064 1 0 0 0 0 -1 0 1 0 57518.dat
1 16 -35 30 -49.333 1 0 0 0 -1 0 0 0 -1 57518.dat
1 16 -35 30 -18.667 1 0 0 0 -1 0 0 0 -1 57518.dat
1 16 -35 30 12 1 0 0 0 -1 0 0 0 -1 57518.dat
1 16 -35 30 42.667 1 0 0 0 -1 0 0 0 -1 57518.dat








0

0 FILE 21303 - Cafard.ldr
0 Cafard
0 Name: 21303 - Cafard.ldr
0 Author: Christophe Mitillo [Christophe_Mitillo]
0 !LDRAW_ORG Model
0 !LICENSE Redistributable under CCAL version 2.0 : see CAreadme.txt

0 ROTATION CENTER 0 0 0 1 "Custom" 
0 ROTATION CONFIG 0 0
1 0 0 0 0 0 0 1 0 1 0 -1 0 0 3023.dat
1 0 0 -8 10 -1 0 0 0 1 0 0 0 -1 4592.dat
1 0 0 -8 10 -1 0 0 0 0.382683 0.92388 0 0.92388 -0.382683 4593.dat








0

0 FILE 21303 - Cou B.ldr
0 Cou B
0 Name: 21303 - Cou B.ldr
0 Author: Christophe Mitillo [Christophe_Mitillo]
0 !LDRAW_ORG Model
0 !LICENSE Redistributable under CCAL version 2.0 : see CAreadme.txt

0 ROTATION CENTER 0 -14 50 1 "Axrot Cou C" 
0 ROTATION CONFIG 1 1
1 0 0 -14 50 1 0 0 0 -0.92388 0.382683 0 -0.382683 -0.92388 21303 - Cou C.ldr
1 71 0 0 0 0 0 1 0 1 0 -1 0 0 3021.dat
1 72 0 -24 10 0 0 -1 0 1 0 1 0 0 48171.dat
1 71 10 -24 -30 0 0 1 0 1 0 -1 0 0 30365.dat
1 71 -10 -24 -30 0 0 1 0 1 0 -1 0 0 30365.dat
1 71 20 -14 10 0 1 0 0 0 1 1 0 0 15573.dat
1 71 -20 -14 10 0 -1 0 0 0 1 -1 0 0 15573.dat
1 71 0 -32 10 0 0 1 0 1 0 -1 0 0 3022.dat
1 71 -10 -32 -30 0 0 1 0 1 0 -1 0 0 44728.dat
1 71 10 -32 -30 0 0 -1 0 1 0 1 0 0 44728.dat
1 71 0 -40 -10 0 0 -1 0 1 0 1 0 0 87580.dat
1 71 0 -40 -40 1 0 0 0 1 0 0 0 1 15573.dat
1 71 0 -40 20 1 0 0 0 1 0 0 0 1 15573.dat
1 71 0 -48 -10 0 0 1 0 1 0 -1 0 0 2431.dat
1 71 -32 -12 -30 0 1 0 0 0 1 1 0 0 14769.dat
1 71 32 -12 -30 0 -1 0 0 0 1 -1 0 0 14769.dat








0

0 FILE 21303 - Cou C.ldr
0 Cou C
0 Name: 21303 - Cou C.ldr
0 Author: Christophe Mitillo [Christophe_Mitillo]
0 !LDRAW_ORG Model
0 !LICENSE Redistributable under CCAL version 2.0 : see CAreadme.txt

0 ROTATION CENTER 0 0 0 1 "Axrot Tete" 
0 ROTATION CONFIG 1 1
1 0 0 50 -40 1 0 0 0 0 -1 0 1 0 21303 - Tete A.ldr
1 0 0 2 -50 -1 0 0 0 1 0 0 0 -1 21303 - Cou D.ldr
1 72 0 0 0 0 -1 0 0 0 1 -1 0 0 47455.dat
1 72 0 0 -30 -1 0 0 0 0 1 0 1 0 32523.dat
1 0 0 20 -40 0 1 0 0 0 1 1 0 0 2780.dat








0

0 FILE 21303 - Cou D.ldr
0 Cou D
0 Name: 21303 - Cou D.ldr
0 Author: Christophe Mitillo [Christophe_Mitillo]
0 !LDRAW_ORG Model
0 !LICENSE Redistributable under CCAL version 2.0 : see CAreadme.txt

0 ROTATION CENTER 0 0 0 1 "Custom" 
0 ROTATION CONFIG 0 0
1 72 0 0 0 1 0 0 0 1 0 0 0 1 3023.dat
1 0 0 -8 0 -1 0 0 0 1 0 0 0 -1 99207.dat
1 71 0 -32 0 -1 0 0 0 1 0 0 0 -1 32064b.dat
1 1 0 -22 -10 0 0 -1 0 1 0 1 0 0 43093.dat
1 72 0 -20 22 0 0 -1 1 0 0 0 -1 0 3068b.dat








0

0 FILE 21303 - Tete A.ldr
0 Tete A
0 Name: 21303 - Tete A.ldr
0 Author: Christophe Mitillo [Christophe_Mitillo]
0 !LDRAW_ORG Model
0 !LICENSE Redistributable under CCAL version 2.0 : see CAreadme.txt

0 ROTATION CENTER 40 -14 0 1 "Axrot Oeil Gauche" 
0 ROTATION CENTER -40 -14 0 1 "Axrot Oeil Droit" 
0 ROTATION CONFIG 1 1
1 71 0 0 0 0 0 1 0 1 0 -1 0 0 32000.dat
1 1 0 10 10 -1 0 0 0 1 0 0 0 -1 6558.dat
1 1 0 10 -10 -1 0 0 0 1 0 0 0 -1 6558.dat
1 71 -20 10 10 0 0 -1 1 0 0 0 -1 0 42003.dat
1 71 20 10 10 0 0 -1 1 0 0 0 -1 0 42003.dat
1 14 -20 -10 30 0 0 -1 1 0 0 0 -1 0 4519.dat
1 14 20 -10 30 0 0 -1 1 0 0 0 -1 0 4519.dat
0 STEP
1 72 -20 -5 30 0 0 1 0 1 0 -1 0 0 6632.dat
0 STEP
1 72 -20 -15 30 0 0 1 0 1 0 -1 0 0 6632.dat
1 71 0 -8 0 1 0 0 0 1 0 0 0 1 3021.dat
1 72 0 -16 0 0 0 1 0 1 0 -1 0 0 3023.dat
1 71 -20 -16 0 0 0 1 0 1 0 -1 0 0 60470a.dat
1 71 20 -16 0 0 0 -1 0 1 0 1 0 0 60470a.dat
0 STEP
1 71 0 -40 0 0 0 1 0 1 0 -1 0 0 32000.dat
1 71 0 -48 0 0 0 1 0 1 0 -1 0 0 3069b.dat
1 1 0 -30 10 -1 0 0 0 1 0 0 0 -1 6558.dat
1 1 0 -30 -10 -1 0 0 0 1 0 0 0 -1 6558.dat
1 71 -20 -30 10 0 0 -1 1 0 0 0 -1 0 42003.dat
1 71 20 -30 10 0 0 -1 1 0 0 0 -1 0 42003.dat
0 STEP
1 0 68.501 -2.88 10 -0.984808 -0.173648 0 -0.173648 0.984808 0 0 0 -1 21303 - Oeil gauche.ldr
1 0 -68.501 -2.88 10 -0.984808 0.173648 0 0.173648 0.984808 0 0 0 -1 21303 - Oeil Droit.ldr








0

0 FILE 21303 - Oeil gauche.ldr
0 Oeil gauche
0 Name: 21303 - Oeil gauche.ldr
0 Author: Christophe Mitillo [Christophe_Mitillo]
0 !LDRAW_ORG Model
0 !LICENSE Redistributable under CCAL version 2.0 : see CAreadme.txt

0 ROTATION CENTER 0 0 0 1 "Custom" 
0 ROTATION CONFIG 0 0
1 71 0 0 0 0 0 1 0 1 0 -1 0 0 3002.dat
1 191 0 -8 0 1 0 0 0 1 0 0 0 1 60478.dat
1 191 0 -8 20 1 0 0 0 1 0 0 0 1 60478.dat
0 STEP
1 71 -10 0 -40 0 0 1 0 1 0 -1 0 0 3005.dat
1 71 0 -8 -30 0 0 1 0 1 0 -1 0 0 3022.dat
0 STEP
1 72 10 0 -40 1 0 0 0 1 0 0 0 1 4070.dat
1 0 10 10 -54 0 0 -1 -1 0 0 0 1 0 60897.dat
0 STEP
1 19 0 -32 20 1 0 0 0 1 0 0 0 1 32000.dat
1 0 -10 -22 30 0 0 1 0 1 0 -1 0 0 2780.dat
1 71 0 -16 -40 1 0 0 0 1 0 0 0 1 15573.dat
0 STEP
1 191 -10 -16 -10 0 0 1 0 1 0 -1 0 0 3023.dat
1 72 -10 -24 -10 0 0 1 0 1 0 -1 0 0 3023.dat
0 STEP
1 71 -10 -32 -10 0 0 1 0 1 0 -1 0 0 93274.dat
1 70 10 -32 -10 0 0 -1 0 1 0 1 0 0 3660.dat
1 70 20 -24 -50 1 0 0 0 1 0 0 0 1 3021.dat
1 70 10 -32 -40 1 0 0 0 1 0 0 0 1 15573.dat
1 70 10 -32 -70 1 0 0 0 1 0 0 0 1 3068b.dat
1 70 40 -32 -60 0 0 1 0 1 0 -1 0 0 63864.dat
0 STEP
1 71 10 -10 -86 1 0 0 0 0 -1 0 1 0 6091.dat
1 71 10 -10 -86 1 0 0 0 0 -1 0 1 0 3070b.dat
0 STEP
1 0 4 -12 60 0 1 0 -1 0 0 0 0 1 21303 - Oeil Gauche detail.ldr
0 STEP
1 71 20 -40 30 0 0 1 0 1 0 -1 0 0 3032.dat
1 70 20 -40 -40 -1 0 0 0 1 0 0 0 -1 3710.dat
0 STEP
1 70 20 -48 -30 -1 0 0 0 1 0 0 0 -1 87079.dat
1 70 20 -48 0 -1 0 0 0 1 0 0 0 -1 2431.dat
1 70 20 -48 30 -1 0 0 0 1 0 0 0 -1 3068b.dat
1 70 -10 -48 30 0 0 -1 0 1 0 1 0 0 15573.dat
1 70 50 -48 30 0 0 -1 0 1 0 1 0 0 15573.dat
1 71 -10 -48 70 0 0 -1 0 1 0 1 0 0 15573.dat
1 71 50 -48 70 0 0 -1 0 1 0 1 0 0 15573.dat
1 71 20 -48 80 1 0 0 0 1 0 0 0 1 15573.dat
0 STEP
1 72 20 -56 80 1 0 0 0 1 0 0 0 1 87079.dat
1 72 68 -24 70 0 -1 0 1 0 0 0 0 1 3068b.dat
1 72 20 -56 40 1 0 0 0 1 0 0 0 1 87079.dat
0 STEP
1 71 0 24 10 1 0 0 0 1 0 0 0 1 2654.dat
1 71 0 24 -30 1 0 0 0 1 0 0 0 1 2654.dat
0 STEP
1 71 -32 -2 10 0 1 0 0 0 1 1 0 0 3069b.dat
1 72 -32 -22 10 0 1 0 0 0 1 1 0 0 2412b.dat
1 71 -24 -2 -30 0 1 0 0 0 -1 -1 0 0 85984.dat
1 71 -24 -22 -30 0 1 0 0 0 1 1 0 0 85984.dat
0 STEP
1 0 -44 -12 40 0 1 0 1 0 0 0 0 -1 21303 - Oeil detail b.ldr
0 STEP
1 0 0 0 0 1 0 0 0 1 0 0 0 1 21303 - Cable.ldr







0

0 FILE 21303 - Oeil Gauche detail.ldr
0 Oeil Gauche detail
0 Name: 21303 - Oeil Gauche detail.ldr
0 Author: Christophe Mitillo [Christophe_Mitillo]
0 !LDRAW_ORG Model
0 !LICENSE Redistributable under CCAL version 2.0 : see CAreadme.txt

0 ROTATION CENTER 0 0 0 1 "Custom" 
0 ROTATION CONFIG 0 0
1 71 0 0 0 0 0 1 0 1 0 -1 0 0 3021.dat
1 19 0 -24 -20 -1 0 0 0 1 0 0 0 -1 32000.dat
1 71 -10 -24 10 0 0 1 0 1 0 -1 0 0 11211.dat
1 71 10 -24 10 0 0 -1 0 1 0 1 0 0 11211.dat
1 71 0 -32 20 1 0 0 0 1 0 0 0 1 3023.dat
1 71 0 -40 20 1 0 0 0 1 0 0 0 1 15573.dat
0 STEP
1 71 -10 8 10 0 0 1 0 1 0 -1 0 0 32064b.dat
1 71 10 24 20 0 0 1 0 1 0 -1 0 0 3024.dat
1 71 20 46 10 0 -1 0 0 0 1 -1 0 0 44728.dat
1 72 10 14 10 -1 0 0 0 0 1 0 1 0 4070.dat
1 71 12 46 10 0 -1 0 0 0 -1 1 0 0 11211.dat
0 STEP
1 71 -28 -4 10 0 1 0 0 0 -1 -1 0 0 3022.dat
1 72 -36 16 10 0 1 0 0 0 -1 -1 0 0 47755.dat
1 72 -44 -14 10 0 1 0 0 0 -1 -1 0 0 3069b.dat
1 72 -44 26 20 0 1 0 0 0 -1 -1 0 0 50950.dat
1 72 -44 26 0 0 1 0 0 0 -1 -1 0 0 50950.dat
0 STEP
1 0 10 14 34 1 0 0 0 0 -1 0 1 0 21303 - Oeil Iris.ldr








0

0 FILE 21303 - Oeil detail b.ldr
0 Oeil detail b
0 Name: 21303 - Oeil detail b.ldr
0 Author: Christophe Mitillo [Christophe_Mitillo]
0 !LDRAW_ORG Model
0 !LICENSE Redistributable under CCAL version 2.0 : see CAreadme.txt

0 ROTATION CENTER 0 0 0 1 "Custom" 
0 ROTATION CONFIG 0 0
1 72 0 0 0 1 0 0 0 1 0 0 0 1 3004.dat
1 72 0 8 0 0 0 1 0 1 0 -1 0 0 93273.dat
1 72 -30 8 -20 0 0 1 0 1 0 -1 0 0 3623.dat
1 72 -30 16 -20 0 0 1 0 1 0 -1 0 0 3623.dat
1 72 30 8 -20 0 0 1 0 1 0 -1 0 0 3623.dat
1 72 30 16 -20 0 0 1 0 1 0 -1 0 0 3623.dat
1 72 0 0 -30 1 0 0 0 1 0 0 0 1 98282.dat
1 72 0 8 -20 0 0 1 0 1 0 -1 0 0 93273.dat
1 72 0 8 -40 0 0 1 0 1 0 -1 0 0 93273.dat








0

0 FILE 21303 - Oeil Iris.ldr
0 Oeil Iris
0 Name: 21303 - Oeil Iris.ldr
0 Author: Christophe Mitillo [Christophe_Mitillo]
0 !LDRAW_ORG Model
0 !LICENSE Redistributable under CCAL version 2.0 : see CAreadme.txt

0 ROTATION CENTER 0 0 0 1 "Custom" 
0 ROTATION CONFIG 0 0
1 72 0 0 0 1 0 0 0 1 0 0 0 1 43898.dat
1 72 0 8 0 1 0 0 0 1 0 0 0 1 6141.dat
1 0 0 16 0 1 0 0 0 1 0 0 0 1 2654.dat








0

0 FILE 21303 - Oeil Droit.ldr
0 Oeil Droit
0 Name: 21303 - Oeil Droit.ldr
0 Author: Christophe Mitillo [Christophe_Mitillo]
0 !LDRAW_ORG Model
0 !LICENSE Redistributable under CCAL version 2.0 : see CAreadme.txt

0 ROTATION CENTER -30 10 0 1 "Custom" 
0 ROTATION CONFIG 1 1
1 71 0 0 0 0 0 1 0 1 0 -1 0 0 3002.dat
1 191 0 -8 0 -1 0 0 0 1 0 0 0 -1 60478.dat
1 191 0 -8 20 -1 0 0 0 1 0 0 0 -1 60478.dat
0 STEP
1 71 10 0 -40 0 0 1 0 1 0 -1 0 0 3005.dat
1 71 0 -8 -30 0 0 1 0 1 0 -1 0 0 3022.dat
0 STEP
1 72 -10 0 -40 1 0 0 0 1 0 0 0 1 4070.dat
1 0 -10 10 -54 0 0 1 1 0 0 0 1 0 60897.dat
0 STEP
1 19 0 -32 20 1 0 0 0 1 0 0 0 1 32000.dat
1 0 10 -22 30 0 0 1 0 1 0 -1 0 0 2780.dat
1 71 0 -16 -40 1 0 0 0 1 0 0 0 1 15573.dat
0 STEP
1 191 10 -16 -10 0 0 1 0 1 0 -1 0 0 3023.dat
1 72 10 -24 -10 0 0 1 0 1 0 -1 0 0 3023.dat
0 STEP
1 71 10 -32 -10 0 0 -1 0 1 0 1 0 0 93274.dat
1 70 -10 -32 -10 0 0 1 0 1 0 -1 0 0 3660.dat
1 70 -20 -24 -50 -1 0 0 0 1 0 0 0 -1 3021.dat
1 70 -10 -32 -40 -1 0 0 0 1 0 0 0 -1 15573.dat
1 70 -10 -32 -70 1 0 0 0 1 0 0 0 1 3068b.dat
1 70 -40 -32 -60 0 0 1 0 1 0 -1 0 0 63864.dat
0 STEP
1 71 -10 -10 -86 1 0 0 0 0 -1 0 1 0 6091.dat
1 71 -10 -10 -86 1 0 0 0 0 -1 0 1 0 3070b.dat
0 STEP
1 0 -4 -12 60 0 -1 0 1 0 0 0 0 1 21303 - Oeil Droit detail.ldr
0 STEP
1 71 -20 -40 30 0 0 1 0 1 0 -1 0 0 3032.dat
1 70 -20 -40 -40 -1 0 0 0 1 0 0 0 -1 3710.dat
0 STEP
1 70 -20 -48 -30 -1 0 0 0 1 0 0 0 -1 87079.dat
1 70 -20 -48 0 -1 0 0 0 1 0 0 0 -1 2431.dat
1 70 0 -48 30 -1 0 0 0 1 0 0 0 -1 3068b.dat
1 70 -30 -48 30 0 0 -1 0 1 0 1 0 0 15573.dat
1 70 -50 -48 30 0 0 -1 0 1 0 1 0 0 15573.dat
1 71 10 -48 70 0 0 -1 0 1 0 1 0 0 15573.dat
1 71 -50 -48 70 0 0 -1 0 1 0 1 0 0 15573.dat
1 71 -20 -48 80 1 0 0 0 1 0 0 0 1 15573.dat
0 STEP
1 72 -20 -56 80 1 0 0 0 1 0 0 0 1 87079.dat
1 72 -68 -24 70 0 1 0 1 0 0 0 0 -1 3068b.dat
1 72 -20 -56 40 1 0 0 0 1 0 0 0 1 87079.dat
0 STEP
1 71 0 24 10 1 0 0 0 1 0 0 0 1 2654.dat
1 71 0 24 -30 1 0 0 0 1 0 0 0 1 2654.dat
0 STEP
1 71 32 -2 10 0 -1 0 0 0 1 -1 0 0 3069b.dat
1 72 32 -22 10 0 -1 0 0 0 1 -1 0 0 2412b.dat
1 71 24 -2 -30 0 -1 0 0 0 -1 1 0 0 85984.dat
1 71 24 -22 -30 0 -1 0 0 0 1 -1 0 0 85984.dat
0 STEP
1 0 44 -12 40 0 -1 0 -1 0 0 0 0 -1 21303 - Oeil detail b.ldr
0 STEP
1 0 -109.072 -26.342 0 0.891007 -0.45399 0 0.45399 0.891007 0 0 0 1 21303 - Cable 1.ldr
0 STEP








0

0 FILE 21303 - Oeil Droit detail.ldr
0 Oeil Droit detail
0 Name: 21303 - Oeil Droit detail.ldr
0 Author: Christophe Mitillo [Christophe_Mitillo]
0 !LDRAW_ORG Model
0 !LICENSE Redistributable under CCAL version 2.0 : see CAreadme.txt

0 ROTATION CENTER 0 0 0 1 "Custom" 
0 ROTATION CONFIG 0 0
1 71 0 0 0 0 0 1 0 1 0 -1 0 0 3021.dat
1 19 0 -24 -20 -1 0 0 0 1 0 0 0 -1 32000.dat
1 71 10 -24 10 0 0 -1 0 1 0 1 0 0 11211.dat
1 71 -10 -24 10 0 0 1 0 1 0 -1 0 0 11211.dat
1 71 0 -32 20 1 0 0 0 1 0 0 0 1 3023.dat
1 71 0 -40 20 1 0 0 0 1 0 0 0 1 15573.dat
0 STEP
1 71 10 8 10 0 0 1 0 1 0 -1 0 0 32064b.dat
1 71 -10 24 20 0 0 1 0 1 0 -1 0 0 3024.dat
1 71 -20 46 10 0 1 0 0 0 1 1 0 0 44728.dat
1 72 -10 14 10 -1 0 0 0 0 1 0 1 0 4070.dat
1 71 -12 46 10 0 1 0 0 0 -1 -1 0 0 11211.dat
0 STEP
1 71 28 -4 10 0 -1 0 0 0 -1 1 0 0 3022.dat
1 72 36 16 10 0 -1 0 0 0 -1 1 0 0 47755.dat
1 72 44 -14 10 0 -1 0 0 0 -1 1 0 0 3069b.dat
1 72 44 26 0 0 -1 0 0 0 -1 1 0 0 50950.dat
1 72 44 26 20 0 -1 0 0 0 -1 1 0 0 50950.dat
0 STEP
1 0 -10 14 34 1 0 0 0 0 -1 0 1 0 21303 - Oeil Iris.ldr






0

0 FILE 21303 - Cable.ldr
0 Cable
0 Name: 21303 - Cable.ldr
0 Author: Christophe Mitillo [Christophe_Mitillo]
0 !LDRAW_ORG Model
0 !LICENSE Redistributable under CCAL version 2.0 : see CAreadme.txt

0 ROTATION CENTER 30 -6 0 1 "Custom" 
0 ROTATION CONFIG 1 1
0 STEP
0 STEP
0 MLCAD HIDE 1 125 0 -8 0 1 0 0 0 1 0 0 0 1 60478.dat
0 MLCAD HIDE 1 125 0 -8 20 1 0 0 0 1 0 0 0 1 60478.dat
0 STEP
0 STEP
0 MLCAD HIDE 1 47 10 10 -54 0 0 -1 -1 0 0 0 1 0 60897.dat
0 STEP
0 STEP
0 STEP
0 STEP
0 STEP
0 STEP
0 STEP
0 STEP
0 STEP
0 MLCAD HIDE 1 0 30 10 -110 0 0 1 0 1 0 -1 0 0 73590b.dat
0 STEP
0 STEP
0 STEP
0 STEP
0 MLCAD HIDE 1 0 70 -2 -38 1 0 0 0 0 -1 0 1 0 21303 - Cou D.ldr

1 16 29.86 9.999 -46 0.999962 0 0.00872654 0.00872654 0 -0.999962 0 1 0 752.dat
1 16 58.769 3.399 -88 0.983255 0 0.182236 0.182236 0 -0.983255 0 1 0 752.dat
0 STEP
0 STEP
0 SYNTH BEGIN HOSE_FLEXIBLE_8.5L 16
0 SYNTH SHOW
0 MLCAD HIDE 1 0 29.86 9.999 -46 0.999962 0 0.00872654 0.00872654 0 -0.999962 0 1 0 LS100.dat
0 MLCAD HIDE 1 0 58.769 3.399 -93 -0.983255 0 0.182236 -0.182236 0 -0.983255 0 -1 0 LS100.dat
0 SYNTH SYNTHESIZED BEGIN
1 16 29.86 9.999 -46 0.9999 0.0078 0.0087 0.0087 -0.0018 -1 0.0078 -1 0.0018 755.dat
1 16 29.9522 9.9779 -52.9522 0.9997 0.0205 -0.0117 -0.0116 -0.0047 -0.9999 0.0205 -0.9998 0.0044 756.dat
1 16 30.0334 9.9594 -55.4638 0.9992 0.0304 -0.0247 -0.0245 -0.0069 -0.9997 0.0306 -0.9995 0.0062 756.dat
1 16 30.1393 9.9352 -57.9691 0.9985 0.0403 -0.0377 -0.0374 -0.0092 -0.9993 0.0406 -0.9991 0.0077 756.dat
1 16 30.2701 9.9054 -60.4702 0.9975 0.0502 -0.0507 -0.0502 -0.0115 -0.9987 0.0507 -0.9987 0.0089 756.dat
1 16 30.426 9.8698 -62.9693 0.9962 0.0602 -0.0637 -0.0629 -0.0138 -0.9979 0.061 -0.9981 0.0099 756.dat
1 16 30.6072 9.8284 -65.4685 0.9946 0.0703 -0.0766 -0.0757 -0.0161 -0.997 0.0713 -0.9974 0.0106 756.dat
1 16 30.8143 9.7811 -67.9702 0.9927 0.0805 -0.0896 -0.0884 -0.0184 -0.9959 0.0818 -0.9966 0.0111 756.dat
1 16 31.0468 9.728 -70.4634 0.9906 0.0908 -0.1025 -0.1011 -0.0207 -0.9947 0.0924 -0.9957 0.0114 756.dat
1 16 31.3062 9.6688 -72.9632 0.9881 0.1012 -0.1155 -0.1137 -0.0231 -0.9932 0.1031 -0.9946 0.0113 756.dat
1 16 31.5906 9.6039 -75.4444 0.9854 0.1117 -0.1283 -0.1263 -0.0255 -0.9917 0.114 -0.9934 0.011 756.dat
1 16 31.9034 9.5325 -77.9356 0.9824 0.1224 -0.1412 -0.1388 -0.028 -0.9899 0.1252 -0.9921 0.0105 756.dat
1 16 32.2441 9.4547 -80.4248 0.979 0.1334 -0.154 -0.1513 -0.0305 -0.988 0.1365 -0.9906 0.0096 756.dat
1 16 32.6114 9.3708 -82.8984 0.9753 0.1445 -0.1667 -0.1637 -0.033 -0.986 0.148 -0.9889 0.0085 756.dat
1 16 33.0082 9.2803 -85.3715 0.9713 0.156 -0.1794 -0.176 -0.0356 -0.9837 0.1599 -0.9871 0.0071 756.dat
1 16 33.4355 9.1827 -87.8447 0.9669 0.1678 -0.1921 -0.1883 -0.0383 -0.9814 0.172 -0.9851 0.0054 756.dat
1 16 33.892 9.0785 -90.3028 0.9622 0.18 -0.2046 -0.2004 -0.0411 -0.9788 0.1846 -0.9828 0.0035 756.dat
1 16 34.3816 8.9667 -92.7608 0.957 0.1927 -0.217 -0.2125 -0.044 -0.9762 0.1976 -0.9803 0.0011 756.dat
1 16 34.906 8.847 -95.2182 0.9513 0.2059 -0.2294 -0.2245 -0.047 -0.9733 0.2112 -0.9774 -0.0015 756.dat
1 16 35.4634 8.7197 -97.6572 0.9452 0.2197 -0.2416 -0.2364 -0.0502 -0.9704 0.2253 -0.9743 -0.0045 756.dat
1 16 36.0588 8.5838 -100.092 0.9385 0.2343 -0.2537 -0.2481 -0.0535 -0.9672 0.2402 -0.9707 -0.0079 756.dat
1 16 36.6902 8.4397 -102.502 0.9311 0.2499 -0.2656 -0.2597 -0.057 -0.964 0.256 -0.9666 -0.0118 756.dat
1 16 37.3688 8.2847 -104.919 0.923 0.2666 -0.2774 -0.2711 -0.0609 -0.9606 0.273 -0.9619 -0.0161 756.dat
