0 FILE 5920 - Island Racer.ldr
0 Island Racer
0 Name: 5920 - Island Racer.ldr
0 Author: Stan Isachenko [angmarec]
0 !LDRAW_ORG Model
0 !LICENSE Redistributable under CCAL version 2.0 : see CAreadme.txt
0 !THEME Adventurers, Dino Island
1 0 0 0 0 1 0 0 0 1 0 0 0 1 5920 - Car.ldr
1 0 0 -61 0 1 0 0 0 1 0 0 0 1 5920 - Minifig - Baron VonBarron.ldr


0 FILE 5920 - Car.ldr
0 Car
0 Name: 5920 - Car.ldr
0 Author: Stan Isachenko [angmarec]
0 !LDRAW_ORG Model
0 !LICENSE Redistributable under CCAL version 2.0 : see CAreadme.txt
0 !THEME Adventurers, Dino Island
1 4 10 -40 62 -1 0 0 0 1 0 0 0 -1 6091.dat
1 8 10 -24 62 0 0 -1 0 1 0 1 0 0 3665.dat
1 14 0 -32 -58 1 0 0 0 1 0 0 0 1 3004.dat
1 8 0 -24 -28 0 0 1 0 1 0 -1 0 0 4854.dat
1 4 30 -32 12 0 0 -1 0 1 0 1 0 0 3666.dat
1 7 0 -24 32 1 0 0 0 1 0 0 0 1 6249.dat
1 4 -30 -32 12 0 0 -1 0 1 0 1 0 0 3666.dat
1 0 -10 -24 -98 0 0 1 0 1 0 -1 0 0 4070.dat
1 4 0 0 -48 0 0 -1 0 1 0 1 0 0 3029.dat
1 0 10 -24 -98 0 0 -1 0 1 0 1 0 0 4070.dat
1 7 0 -8 -158 1 0 0 0 1 0 0 0 1 2540.dat
1 0 -10 -24 -78 0 0 1 0 1 0 -1 0 0 4070.dat
1 7 0 -24 -128 1 0 0 0 1 0 0 0 1 6249.dat
1 0 10 -24 -78 0 0 -1 0 1 0 1 0 0 4070.dat
1 8 0 -32 -108 0 0 -1 0 1 0 1 0 0 3020.dat
1 0 0 -40 -58 1 0 0 0 1 0 0 0 1 3023.dat
1 8 0 -64 -88 0 0 -1 0 1 0 1 0 0 30165.dat
1 8 0 -64 -128 0 0 -1 0 1 0 1 0 0 30165.dat
1 47 -30 -38 -168 0 0 1 -1 0 0 0 -1 0 6141.dat
1 47 30 -38 -168 0 0 1 -1 0 0 0 -1 0 6141.dat
1 8 -10 -24 62 0 0 1 0 1 0 -1 0 0 3665.dat
1 4 -10 -56 -58 0 0 1 0 1 0 -1 0 0 6091.dat
1 4 10 -56 -58 0 0 -1 0 1 0 1 0 0 6091.dat
1 47 0 -72 -58 1 0 0 0 1 0 0 0 1 4865a.dat
1 7 -28.85 -10 -78 0 0 1 0 -1 0 1 0 0 4599a.dat
1 7 -28.85 -10 -98 0 0 1 0 -1 0 1 0 0 4599a.dat
1 4 -10 -40 62 -1 0 0 0 1 0 0 0 -1 6091.dat
1 7 28.85 -10 -98 0 0 -1 0 -1 0 -1 0 0 4599a.dat
1 7 28.85 -10 -78 0 0 -1 0 -1 0 -1 0 0 4599a.dat
1 8 0 -64 62 -1 0 0 0 1 0 0 0 -1 2432.dat
1 4 0 -80 32 1 0 0 0 1 0 0 0 1 6216.dat
1 8 0 -64 -158 1 0 0 0 1 0 0 0 1 30147.dat
1 0 0 -16 -158 1 0 0 0 1 0 0 0 1 3023.dat
1 0 0 -40 -108 0 0 -1 0 1 0 1 0 0 3020.dat
1 7 50 -14 -128 0 0 -1 0 1 0 1 0 0 30155.dat
1 256 50 -14 -128 0 0 -1 0 1 0 1 0 0 50861.dat
1 7 50 -14 32 0 0 -1 0 1 0 1 0 0 30155.dat
1 256 50 -14 32 0 0 -1 0 1 0 1 0 0 50861.dat
1 7 -50 -14 32 0 0 -1 0 1 0 1 0 0 30155.dat
1 256 -50 -14 32 0 0 -1 0 1 0 1 0 0 50861.dat
1 7 -50 -14 -128 0 0 -1 0 1 0 1 0 0 30155.dat
1 256 -50 -14 -128 0 0 -1 0 1 0 1 0 0 50861.dat
1 15 0 -16 -38 1 0 0 0 1 0 0 0 1 3829c01.dat



0 FILE 5920 - Minifig - Baron VonBarron.ldr
0 Minifig - Baron VonBarron
0 Name: 5920 - Minifig - Baron VonBarron.ldr
0 Author: Stan Isachenko [angmarec]
0 !LDRAW_ORG Model
0 !LICENSE Redistributable under CCAL version 2.0 : see CAreadme.txt
0 !THEME Adventurers, Dino Island
1 7 0 -27 0 1 0 0 0 1 0 0 0 1 30171.dat
1 8 0 -18.596 -0.294 1 0 0 0 0.808 0.589 0 -0.589 0.808 30170.dat
1 14 0 -27 0 1 0 0 0 1 0 0 0 1 3626bpa7.dat
1 15 0 -3 0 1 0 0 0 1 0 0 0 1 2526.dat
1 19 0 0 0 1 0 0 0 1 0 0 0 1 973pa7.dat
1 19 -15.6021 8.95763 0.00481987 0.985 -0.0873377 -0.145516 0.17 0.507751 0.844845 0 -0.857099 0.514899 3818.dat
1 19 15.6 8.964 0 0.984 0.123 0.123 -0.174 0.696 0.696 0 -0.707 0.707 3819.dat
1 0 -20.7352 9.34695 -21.2964 0.985 -0.164991 -0.0411036 0.17 0.95598 0.238159 0 -0.240846 0.969325 3820.dat
1 8 21.627 14.358 -20.3612 -0.17 0.985 0 -0.985 -0.17 0 0 0.001 0.999 2531.dat
1 7 0 32 0 1 0 0 0 1 0 0 0 1 3815c02.dat
1 8 -19.2057 0.476662 -30.7241 0.984902 -0.170354 0.00146682 0.170563 0.985372 -0.00846973 0.000579713 0.00888313 1 30132.dat




