0 FILE 6071 - main.ldr
0 main
0 Name: 6071 - main.ldr
0 Author: Takeshi Takahashi [RainbowDolphin]
0 !LDRAW_ORG Model
0 !LICENSE Redistributable under CCAL version 2.0 : see CAreadme.txt
0 ROTATION CENTER 0 0 0 1 "Custom"
0 ROTATION CONFIG 0 0
1 0 0 0 0 1 0 0 0 1 0 0 0 1 6071 - Building.ldr
1 0 -180 -248 50 1 0 0 0 1 0 0 0 1 6071 - Minifig 1.ldr
1 15 -360 -56 -120 1 0 0 0 1 0 0 0 1 4493c02.dat
1 4 -360 -64 -120 1 0 0 0 1 0 0 0 1 4491a.dat
1 0 -360 -136 -120 1 0 0 0 1 0 0 0 1 6071 - Minifig 2.ldr
1 0 -120 -400 50 1 0 0 0 1 0 0 0 1 6071 - Minifig 3.ldr
1 0 -160 -72 -130 1 0 0 0 1 0 0 0 1 6071 - Minifig 4.ldr
1 0 280 -72 -130 1 0 0 0 1 0 0 0 1 6071 - Minifig 5.ldr
1 2 210 -48 -130 -1 0 0 0 1 0 0 0 -1 2488.dat
1 6 -160 -32 -80 1 0 0 0 1 0 0 0 1 4738b.dat
1 14 -180 -16 -80 1 0 0 0 1 0 0 0 1 6141.dat
1 14 -140 -16 -80 1 0 0 0 1 0 0 0 1 6141.dat
1 6 -160 -48 -80 1 0 0 0 1 0 0 0 1 4739a.dat





0 FILE 6071 - Building.ldr
0 Building
0 Name: 6071 - Building.ldr
0 Author: Takeshi Takahashi [RainbowDolphin]
0 !LDRAW_ORG Model
0 !LICENSE Redistributable under CCAL version 2.0 : see CAreadme.txt
0 ROTATION CENTER 0 0 0 1 "Custom"
0 ROTATION CONFIG 0 0
1 2 0 0 0 1 0 0 0 1 0 0 0 1 3857p02.dat
1 7 -250 -24 40 0 0 1 0 1 0 -1 0 0 3009.dat
1 7 -200 -8 -30 1 0 0 0 1 0 0 0 1 2431.dat
1 7 -200 -8 110 1 0 0 0 1 0 0 0 1 2431.dat
1 7 -140 -8 110 1 0 0 0 1 0 0 0 1 3069b.dat
1 0 -150 -24 -10 1 0 0 0 1 0 0 0 1 3040b.dat
1 0 -70 -24 90 0 0 -1 0 1 0 1 0 0 3040b.dat
1 0 170 -24 110 0 0 1 0 1 0 -1 0 0 3040b.dat
1 0 170 -24 10 0 0 1 0 1 0 -1 0 0 3040b.dat
1 0 270 -24 110 0 0 -1 0 1 0 1 0 0 3040b.dat
1 0 270 -24 10 0 0 -1 0 1 0 1 0 0 3040b.dat
1 0 -70 -24 0 0 0 -1 0 1 0 1 0 0 3039.dat
1 0 220 -24 -30 1 0 0 0 1 0 0 0 1 3039.dat
1 7 220 -24 110 1 0 0 0 1 0 0 0 1 3010.dat
1 7 220 -24 10 1 0 0 0 1 0 0 0 1 3010.dat
1 0 220 -24 150 1 0 0 0 1 0 0 0 1 3004.dat
0 STEP
1 7 -250 -48 40 0 0 1 0 1 0 -1 0 0 3004.dat
1 0 220 -48 150 1 0 0 0 1 0 0 0 1 3004.dat
1 0 220 -48 -30 1 0 0 0 1 0 0 0 1 3004.dat
1 0 170 -48 110 1 0 0 0 1 0 0 0 1 3005.dat
1 0 170 -48 10 1 0 0 0 1 0 0 0 1 3005.dat
1 0 270 -48 110 1 0 0 0 1 0 0 0 1 3005.dat
1 0 270 -48 10 1 0 0 0 1 0 0 0 1 3005.dat
0 STEP
1 7 -240 -48 100 0 0 -1 0 1 0 1 0 0 3831.dat
1 7 -240 -48 100 1 0 0 0 1 0 0 0 1 6071 - Door back.ldr
1 0 190 -168 130 -1 0 0 0 1 0 0 0 -1 2345.dat
1 0 250 -168 130 0 0 -1 0 1 0 1 0 0 2345.dat
0 STEP
1 0 190 -168 -10 0 0 1 0 1 0 -1 0 0 2345.dat
1 0 250 -168 -10 1 0 0 0 1 0 0 0 1 2345.dat
1 7 -240 -48 -20 0 0 -1 0 1 0 1 0 0 3830.dat
1 7 -240 -48 -20 1 0 0 0 1 0 0 0 1 6071 - Door front.ldr
0 STEP
1 7 -250 -72 40 0 0 1 0 1 0 -1 0 0 3009.dat
1 0 220 -168 110 1 0 0 0 1 0 0 0 1 3010.dat
1 0 220 -168 10 1 0 0 0 1 0 0 0 1 3010.dat
1 0 210 -168 -10 0 0 1 0 1 0 -1 0 0 2357.dat
0 STEP
1 7 -250 -96 0 0 0 1 0 1 0 -1 0 0 3004.dat
1 0 230 -192 0 0 0 1 0 1 0 -1 0 0 3004.dat
1 7 -240 -96 100 0 0 -1 0 1 0 1 0 0 3831.dat
1 7 190 -192 110 1 0 0 0 1 0 0 0 1 3005.dat
1 7 190 -192 10 1 0 0 0 1 0 0 0 1 3005.dat
1 7 250 -192 110 1 0 0 0 1 0 0 0 1 3005.dat
1 7 250 -192 10 1 0 0 0 1 0 0 0 1 3005.dat
0 STEP
1 7 -250 -120 90 1 0 0 0 1 0 0 0 1 3005.dat
1 7 -240 -120 -20 0 0 -1 0 1 0 1 0 0 3830.dat
1 0 170 -240 110 0 0 -1 0 1 0 1 0 0 2339.dat
1 0 170 -240 10 0 0 -1 0 1 0 1 0 0 2339.dat
1 0 270 -240 110 0 0 1 0 1 0 -1 0 0 2339.dat
1 0 270 -240 10 0 0 1 0 1 0 -1 0 0 2339.dat
0 STEP
1 0 230 -240 -30 -1 0 0 0 1 0 0 0 -1 2339.dat
1 7 -100 -120 90 1 0 0 0 1 0 0 0 1 2454a.dat
0 STEP
1 0 -70 -144 50 0 0 -1 0 1 0 1 0 0 4444.dat
1 0 180 -216 60 0 0 1 0 1 0 -1 0 0 2456.dat
1 0 230 -216 -20 0 0 1 0 1 0 -1 0 0 3004.dat
1 0 260 -216 110 1 0 0 0 1 0 0 0 1 3004.dat
1 0 250 -216 10 1 0 0 0 1 0 0 0 1 3622.dat
0 STEP
1 7 -250 -144 10 1 0 0 0 1 0 0 0 1 3005.dat
1 0 -110 -144 -10 1 0 0 0 1 0 0 0 1 4444.dat
1 7 -80 -144 90 1 0 0 0 1 0 0 0 1 3004.dat
1 0 220 -224 110 1 0 0 0 1 0 0 0 1 3460.dat
1 0 220 -224 10 1 0 0 0 1 0 0 0 1 3460.dat
1 0 230 -224 -30 0 0 1 0 1 0 -1 0 0 3623.dat
0 STEP
1 7 -180 -168 90 1 0 0 0 1 0 0 0 1 3308a.dat
1 7 -200 -168 -10 1 0 0 0 1 0 0 0 1 3307.dat
1 0 -70 -216 10 0 0 1 0 1 0 -1 0 0 2339.dat
1 0 -70 -216 -10 -1 0 0 0 1 0 0 0 -1 2339.dat
1 0 210 -248 110 0 0 1 0 1 0 -1 0 0 3040b.dat
1 0 250 -248 10 0 0 -1 0 1 0 1 0 0 3040b.dat
1 0 230 -248 60 0 0 1 0 1 0 -1 0 0 3455.dat
0 STEP
1 0 -250 -192 70 0 0 -1 0 1 0 1 0 0 2339.dat
1 7 -130 -168 -10 1 0 0 0 1 0 0 0 1 4070.dat
1 7 -100 -168 -10 1 0 0 0 1 0 0 0 1 3004.dat
1 7 -90 -168 90 1 0 0 0 1 0 0 0 1 3005.dat
1 7 -70 -168 60 0 0 1 0 1 0 -1 0 0 3010.dat
1 0 230 -272 110 0 0 1 0 1 0 -1 0 0 3040b.dat
1 7 230 -272 10 0 0 -1 0 1 0 1 0 0 3040b.dat
0 STEP
1 7 -250 -168 40 0 0 1 0 1 0 -1 0 0 3659.dat
1 0 230 -256 60 0 0 1 0 1 0 -1 0 0 3023.dat
1 0 230 -264 60 0 0 -1 0 1 0 1 0 0 2436a.dat
1 0 230 -272 60 0 0 1 0 1 0 -1 0 0 3023.dat
0 STEP
1 7 -160 -176 40 1 0 0 0 1 0 0 0 1 3033.dat
1 0 230 -320 -10 0 0 -1 0 1 0 1 0 0 2339.dat
1 0 230 -320 -30 0 0 1 0 1 0 -1 0 0 2339.dat
0 STEP
1 7 -230 -200 10 0 0 1 0 1 0 -1 0 0 2462.dat
1 7 -230 -200 70 -1 0 0 0 1 0 0 0 -1 2462.dat
1 7 -190 -200 -10 1 0 0 0 1 0 0 0 1 3005.dat
1 7 -70 -200 70 1 0 0 0 1 0 0 0 1 3005.dat
1 7 -70 -200 -10 1 0 0 0 1 0 0 0 1 3005.dat
1 6 -130 -158 -24 1 0 0 0 1 0 0 0 1 3846p48.dat
1 7 -70 -296 90 1 0 0 0 1 0 0 0 1 2453a.dat
1 0 230 -280 40 0 0 1 0 1 0 -1 0 0 3460.dat
0 STEP
1 7 -250 -224 40 0 0 1 0 1 0 -1 0 0 3004.dat
1 7 -210 -224 90 1 0 0 0 1 0 0 0 1 3005.dat
1 7 -210 -224 -10 1 0 0 0 1 0 0 0 1 3005.dat
1 0 -120 -200 -10 1 0 0 0 1 0 0 0 1 3633.dat
1 7 -70 -320 30 0 0 -1 0 1 0 1 0 0 4444.dat
1 0 230 -288 60 0 0 -1 0 1 0 1 0 0 3023.dat
1 0 230 -296 60 0 0 -1 0 1 0 1 0 0 3023.dat
1 0 230 -304 60 0 0 -1 0 1 0 1 0 0 2436a.dat
1 0 230 -328 60 0 0 -1 0 1 0 1 0 0 3004.dat
0 STEP
1 7 -170 -296 -10 1 0 0 0 1 0 0 0 1 2453a.dat
1 7 -170 -296 90 1 0 0 0 1 0 0 0 1 2453a.dat
1 0 230 -376 90 1 0 0 0 1 0 0 0 1 2339.dat
1 0 230 -376 30 -1 0 0 0 1 0 0 0 -1 2339.dat
0 STEP
1 7 -120 -320 90 1 0 0 0 1 0 0 0 1 3455.dat
1 7 -120 -320 -10 1 0 0 0 1 0 0 0 1 3455.dat
1 7 -70 -320 70 1 0 0 0 1 0 0 0 1 3005.dat
1 0 230 -336 60 0 0 1 0 1 0 -1 0 0 3710.dat
0 STEP
1 7 -120 -328 40 1 0 0 0 1 0 0 0 1 3958.dat
1 7 -70 -336 60 0 0 1 0 1 0 -1 0 0 3710.dat
1 0 230 -344 60 0 0 -1 0 1 0 1 0 0 2436a.dat
0 STEP
1 6 80 -360 60 0 0 1 0 1 0 -1 0 0 2549.dat
1 6 244 -224 60 0 -1 0 1 0 0 0 0 1 4207a.dat
0 STEP
1 2 -330 -192 70 0 0 1 0 1 0 -1 0 0 2417.dat
1 2 -70 -216 -90 1 0 0 0 1 0 0 0 1 2417.dat
1 2 10 -216 10 0 0 -1 0 1 0 1 0 0 2417.dat
1 2 90 -240 10 0 0 1 0 1 0 -1 0 0 2417.dat
1 2 90 -240 110 0 0 1 0 1 0 -1 0 0 2417.dat
1 2 150 -320 -10 0 0 1 0 1 0 -1 0 0 2417.dat
1 2 230 -240 -110 1 0 0 0 1 0 0 0 1 2417.dat
1 2 230 -376 -50 1 0 0 0 1 0 0 0 1 2417.dat
1 2 230 -376 170 -1 0 0 0 1 0 0 0 -1 2417.dat
1 2 310 -320 -30 0 0 -1 0 1 0 1 0 0 2417.dat
1 2 370 -240 150 0 0 -1 0 1 0 1 0 0 2417.dat
1 2 370 -240 -30 0 0 -1 0 1 0 1 0 0 2417.dat
1 7 -150 -352 -10 0 0 1 0 1 0 -1 0 0 2462.dat
1 7 -90 -352 -10 1 0 0 0 1 0 0 0 1 2462.dat
0 STEP
1 0 -310 -200 70 1 0 0 0 1 0 0 0 1 3623.dat
1 0 -70 -224 -70 0 0 1 0 1 0 -1 0 0 3623.dat
1 0 -10 -224 10 1 0 0 0 1 0 0 0 1 3623.dat
1 0 110 -248 10 1 0 0 0 1 0 0 0 1 3623.dat
1 0 110 -248 110 1 0 0 0 1 0 0 0 1 3623.dat
1 0 230 -248 -90 0 0 1 0 1 0 -1 0 0 3623.dat
1 0 330 -248 10 1 0 0 0 1 0 0 0 1 3623.dat
1 0 330 -248 110 1 0 0 0 1 0 0 0 1 3623.dat
1 0 170 -328 -10 1 0 0 0 1 0 0 0 1 3623.dat
1 0 290 -328 -30 1 0 0 0 1 0 0 0 1 3623.dat
1 0 230 -384 -30 0 0 1 0 1 0 -1 0 0 3623.dat
1 0 230 -384 150 0 0 1 0 1 0 -1 0 0 3623.dat
1 7 -170 -376 10 1 0 0 0 1 0 0 0 1 3005.dat
1 7 -70 -376 10 1 0 0 0 1 0 0 0 1 3005.dat
1 7 -120 -376 -30 1 0 0 0 1 0 0 0 1 3004.dat
1 0 -70 -368 90 1 0 0 0 1 0 0 0 1 3957a.dat
1 4 -70 -448 90 0 0 1 0 1 0 -1 0 0 4495a.dat




0 FILE 6071 - Door back.ldr
0 Door back
0 Name: 6071 - Door back.ldr
0 Author: Takeshi Takahashi [RainbowDolphin]
0 !LDRAW_ORG Model
0 !LICENSE Redistributable under CCAL version 2.0 : see CAreadme.txt
0 ROTATION CENTER 0 0 0 1 "Custom"
0 ROTATION CONFIG 0 0
1 7 60 32 10 1 0 0 0 1 0 0 0 1 3710.dat
0 STEP
1 7 60 24 10 1 0 0 0 1 0 0 0 1 3666.dat
0 STEP
1 7 0 0 0 1 0 0 0 1 0 0 0 1 3830.dat
1 7 60 0 10 1 0 0 0 1 0 0 0 1 3004.dat
1 7 100 0 20 1 0 0 0 1 0 0 0 1 3003.dat
0 STEP
1 7 60 -24 10 1 0 0 0 1 0 0 0 1 3009.dat
0 STEP
1 7 0 -48 0 1 0 0 0 1 0 0 0 1 3830.dat
1 7 80 -48 10 1 0 0 0 1 0 0 0 1 3010.dat
0 STEP
1 7 60 -72 10 1 0 0 0 1 0 0 0 1 3009.dat
1 7 60 -80 10 -1 0 0 0 1 0 0 0 -1 2436a.dat
1 7 60 -88 10 1 0 0 0 1 0 0 0 1 3023.dat
1 7 60 -96 10 1 0 0 0 1 0 0 0 1 3023.dat
0 STEP
1 7 30 -96 10 0 0 1 0 1 0 -1 0 0 3040b.dat
1 7 90 -96 10 0 0 -1 0 1 0 1 0 0 3040b.dat
0 STEP
1 7 60 -104 10 1 0 0 0 1 0 0 0 1 3710.dat
1 2 50 -70 32 -1 0 0 0 0 -1 0 -1 0 2417.dat




0 FILE 6071 - Door front.ldr
0 Door front
0 Name: 6071 - Door front.ldr
0 Author: Takeshi Takahashi [RainbowDolphin]
0 !LDRAW_ORG Model
0 !LICENSE Redistributable under CCAL version 2.0 : see CAreadme.txt
0 ROTATION CENTER 0 0 0 1 "Custom"
0 ROTATION CONFIG 0 0
1 7 40 32 -10 1 0 0 0 1 0 0 0 1 3023.dat
0 STEP
1 7 40 24 -10 1 0 0 0 1 0 0 0 1 3710.dat
0 STEP
1 7 0 0 0 -1 0 0 0 1 0 0 0 -1 3831.dat
1 7 60 0 -20 1 0 0 0 1 0 0 0 1 3003.dat
0 STEP
1 7 40 -24 -10 1 0 0 0 1 0 0 0 1 3010.dat
0 STEP
1 7 40 -48 -10 1 0 0 0 1 0 0 0 1 3010.dat
0 STEP
1 7 0 -72 0 -1 0 0 0 1 0 0 0 -1 3831.dat
1 7 60 -72 -10 1 0 0 0 1 0 0 0 1 3004.dat
0 STEP
1 7 10 -80 -10 1 0 0 0 1 0 0 0 1 3024.dat
1 7 70 -80 -10 1 0 0 0 1 0 0 0 1 3024.dat
0 STEP
1 7 40 -80 -10 1 0 0 0 1 0 0 0 1 2436a.dat
1 7 30 -104 -10 0 0 1 0 1 0 -1 0 0 3040b.dat
1 7 50 -104 -10 0 0 -1 0 1 0 1 0 0 3040b.dat
1 2 30 -70 -32 1 0 0 0 0 -1 0 1 0 2417.dat




0 FILE 6071 - Minifig 1.ldr
0 Minifig 1
0 Name: 6071 - Minifig 1.ldr
0 Author: Takeshi Takahashi [RainbowDolphin]
0 !LDRAW_ORG Model
0 !LICENSE Redistributable under CCAL version 2.0 : see CAreadme.txt
0 ROTATION CENTER 0 0 0 1 "Custom"
0 ROTATION CONFIG 0 0
1 2 0 -27 0 1 0 0 0 1 0 0 0 1 4506.dat
1 4 -12 -31 5 1 0 0 0 1 0 0 0 1 87693.dat
1 14 0 -27 0 1 0 0 0 1 0 0 0 1 3626bp01.dat
1 6 0 0 0 -1 0 0 0 1 0 0 0 -1 4498.dat
1 2 0 0 0 1 0 0 0 1 0 0 0 1 973p50.dat
1 2 0 32 0 1 0 0 0 1 0 0 0 1 3815b.dat
1 0 -15.552 9 0 0.985 -0.147224 -0.085 0.17 0.853035 0.4925 0 -0.5 0.866025 3818.dat
1 0 15.552 9 0 0.985 0.17 0 -0.17 0.985 0 0 0 1 3819.dat
1 14 -22.5588 19.0367 -18.3187 0.985 -0.164183 0.0439926 0.17 0.951293 -0.254898 0 0.25878 0.96578 3820.dat
1 14 23.8634 26.5956 -10.321 0.985 0.12019 -0.12019 -0.17 0.696395 -0.696395 0 0.707 0.707 3820.dat
1 6 -23.1033 22.1919 -26.526 0.894238 -0.148611 -0.421135 -0.0915078 0.861069 -0.498496 0.437091 0.484735 0.757064 4499.dat
1 2 0 44 0 1 0 0 0 1 0 0 0 1 3816b.dat
1 2 0 44 0 1 0 0 0 1 0 0 0 1 3817b.dat




0 FILE 6071 - Minifig 2.ldr
0 Minifig 2
0 Name: 6071 - Minifig 2.ldr
0 Author: Takeshi Takahashi [RainbowDolphin]
0 !LDRAW_ORG Model
0 !LICENSE Redistributable under CCAL version 2.0 : see CAreadme.txt
0 ROTATION CENTER 0 0 0 1 "Custom"
0 ROTATION CONFIG 0 0
1 6 0 -24 0 1 0 0 0 1 0 0 0 1 4506.dat
1 14 -12 -28 5 1 0 0 0 1 0 0 0 1 87692.dat
1 14 0 -24 0 1 0 0 0 1 0 0 0 1 3626bp01.dat
1 2 0 0 0 1 0 0 0 1 0 0 0 1 973p49.dat
1 2 0 32 0 1 0 0 0 1 0 0 0 1 3815b.dat
1 1 -15.552 9 0 0.985 -0.085 -0.147224 0.17 0.4925 0.853035 0 -0.866025 0.5 3818.dat
1 1 15.552 9 0 0.985 0.147224 0.085 -0.17 0.853035 0.4925 0 -0.5 0.866025 3819.dat
1 14 -20.7492 8.55162 -21.408 0.985 -0.164183 -0.0439926 0.17 0.951293 0.254898 0 -0.25878 0.96578 3820.dat
1 14 22.5588 19.0367 -18.3187 0.985 0.164183 -0.0439926 -0.17 0.951293 -0.254898 0 0.25878 0.96578 3820.dat
1 8 -18.3144 -5.55574 -29.8924 0.985 -0.169903 -0.00294063 0.17 0.98444 0.0170383 0 -0.0172978 0.999431 3847.dat
1 2 0 44 0 1 0 0 0 1 0 0 0 1 3816b.dat
1 2 0 44 0 1 0 0 0 1 0 0 0 1 3817b.dat




0 FILE 6071 - Minifig 3.ldr
0 Minifig 3
0 Name: 6071 - Minifig 3.ldr
0 Author: Takeshi Takahashi [RainbowDolphin]
0 !LDRAW_ORG Model
0 !LICENSE Redistributable under CCAL version 2.0 : see CAreadme.txt
0 ROTATION CENTER 0 0 0 1 "Custom"
0 ROTATION CONFIG 0 0
1 2 0 -24 0 1 0 0 0 1 0 0 0 1 4506.dat
1 14 -12 -28 5 1 0 0 0 1 0 0 0 1 87693.dat
1 14 0 -24 0 1 0 0 0 1 0 0 0 1 3626bp01.dat
1 2 0 0 0 1 0 0 0 1 0 0 0 1 973p48.dat
1 2 0 32 0 1 0 0 0 1 0 0 0 1 3815b.dat
1 4 -15.552 9 0 0.985 -0.17 0 0.17 0.985 0 0 0 1 3818.dat
1 4 15.552 9 0 0.985 0.085 0.147224 -0.17 0.4925 0.853035 0 -0.866025 0.5 3819.dat
1 14 -23.8634 26.5956 -10.321 0.985 -0.12019 0.12019 0.17 0.696395 -0.696395 0 0.707 0.707 3820.dat
1 14 20.7492 8.55162 -21.408 0.985 0.164183 0.0439926 -0.17 0.951293 0.254898 0 -0.25878 0.96578 3820.dat
1 6 13.5571 -33.1201 -29.4081 0.985 0.169903 0.00294063 -0.17 0.98444 0.0170383 0 -0.0172978 0.999431 4497.dat
1 2 0 44 0 1 0 0 0 1 0 0 0 1 3816b.dat
1 2 0 44 0 1 0 0 0 1 0 0 0 1 3817b.dat




0 FILE 6071 - Minifig 4.ldr
0 Minifig 4
0 Name: 6071 - Minifig 4.ldr
0 Author: Takeshi Takahashi [RainbowDolphin]
0 !LDRAW_ORG Model
0 !LICENSE Redistributable under CCAL version 2.0 : see CAreadme.txt
0 ROTATION CENTER 0 0 0 1 "Custom"
0 ROTATION CONFIG 0 0
1 6 0 -27 0 1 0 0 0 1 0 0 0 1 4506.dat
1 4 -12 -31 5 1 0 0 0 1 0 0 0 1 87692.dat
1 14 0 -27 0 1 0 0 0 1 0 0 0 1 3626bp01.dat
1 6 0 0 0 -1 0 0 0 1 0 0 0 -1 4498.dat
1 2 0 0 0 1 0 0 0 1 0 0 0 1 973p46.dat
1 2 0 32 0 1 0 0 0 1 0 0 0 1 3815b.dat
1 2 -15.552 9 0 0.985 -0.147224 -0.085 0.17 0.853035 0.4925 0 -0.5 0.866025 3818.dat
1 2 15.552 9 0 0.985 0.17 0 -0.17 0.985 0 0 0 1 3819.dat
1 14 -22.5588 19.0367 -18.3187 0.985 -0.164183 0.0439926 0.17 0.951293 -0.254898 0 0.25878 0.96578 3820.dat
1 14 23.8634 26.5956 -10.321 0.985 0.12019 -0.12019 -0.17 0.696395 -0.696395 0 0.707 0.707 3820.dat
1 6 -23.1033 22.1919 -26.526 0.894238 -0.148611 -0.421135 -0.0915078 0.861069 -0.498496 0.437091 0.484735 0.757064 4499.dat
1 2 0 44 0 1 0 0 0 1 0 0 0 1 3816b.dat
1 2 0 44 0 1 0 0 0 1 0 0 0 1 3817b.dat




0 FILE 6071 - Minifig 5.ldr
0 Minifig 5
0 Name: 6071 - Minifig 5.ldr
0 Author: Takeshi Takahashi [RainbowDolphin]
0 !LDRAW_ORG Model
0 !LICENSE Redistributable under CCAL version 2.0 : see CAreadme.txt
0 ROTATION CENTER 0 0 0 1 "Custom"
0 ROTATION CONFIG 0 0
1 2 0 -27 0 1 0 0 0 1 0 0 0 1 2543.dat
1 14 0 -27 0 1 0 0 0 1 0 0 0 1 3626bp40.dat
1 6 0 0 0 -1 0 0 0 1 0 0 0 -1 4498.dat
1 15 0 0 0 1 0 0 0 1 0 0 0 1 973p4q.dat
1 2 0 32 0 1 0 0 0 1 0 0 0 1 3815b.dat
1 2 -15.552 9 0 0.985 -0.147224 -0.085 0.17 0.853035 0.4925 0 -0.5 0.866025 3818.dat
1 2 15.552 9 0 0.985 0.17 0 -0.17 0.985 0 0 0 1 3819.dat
1 14 -22.5588 19.0367 -18.3187 0.985 -0.164183 0.0439926 0.17 0.951293 -0.254898 0 0.25878 0.96578 3820.dat
1 14 23.8634 26.5956 -10.321 0.985 0.12019 -0.12019 -0.17 0.696395 -0.696395 0 0.707 0.707 3820.dat
1 6 -23.1033 22.1919 -26.526 0.894238 -0.148611 -0.421135 -0.0915078 0.861069 -0.498496 0.437091 0.484735 0.757064 4499.dat
1 2 0 44 0 1 0 0 0 1 0 0 0 1 3816b.dat
1 2 0 44 0 1 0 0 0 1 0 0 0 1 3817b.dat








