0 FILE 6232 - Skeleton Crew.ldr
0 Skeleton Crew
0 Name: 6232 -  Skeleton Crew.ldr
0 Author: Stan Isachenko [angmarec]
0 !LDRAW_ORG Model
0 !LICENSE Redistributable under CCAL version 2.0 : see CAreadme.txt

0 !THEME Pirates

0 !HISTORY 2016-02-14 [legolijntje] Swapped inlined parts for official versions

1 16 0 0 0 1 0 0 0 1 0 0 0 1 6232 - Island.ldr
1 16 20 -12 10 1 0 0 0 1 0 0 0 1 6232 - Skeleton.ldr
1 16 -60 0 -50 1 0 0 0 1 0 0 0 1 6232 - Pirate.ldr

0 FILE 6232 - Island.ldr
0 Island
0 Name: 6232 -  Island.ldr
0 Author: Stan Isachenko [angmarec]
0 !LDRAW_ORG Model
0 !LICENSE Redistributable under CCAL version 2.0 : see CAreadme.txt
0 !THEME Pirates
1 14 0 0 0 1 0 0 0 1 0 0 0 1 3036.dat
1 7 70 -24 30 0 0 -1 0 1 0 1 0 0 3622.dat
1 7 -30 -24 30 0 0 -1 0 1 0 1 0 0 3622.dat
1 7 20 -24 40 0 0 -1 0 1 0 1 0 0 3003.dat
1 7 -30 -48 40 0 0 -1 0 1 0 1 0 0 3004.dat
1 7 70 -48 40 0 0 -1 0 1 0 1 0 0 3004.dat
1 7 20 -48 50 -1 0 0 0 1 0 0 0 -1 3004.dat
1 7 -10 -72 20 0 0 -1 0 1 0 1 0 0 4215a.dat
1 7 50 -72 20 0 0 1 0 1 0 -1 0 0 4215a.dat
1 7 50 -96 20 0 0 -1 0 1 0 1 0 0 3004.dat
1 7 20 -80 50 -1 0 0 0 1 0 0 0 -1 3710.dat
1 7 -10 -80 20 0 0 1 0 1 0 -1 0 0 3023.dat
1 2 40 -104 30 -1 0 0 0 1 0 0 0 -1 6148.dat
1 6 60 -40 -40 -1 0 0 0 1 0 0 0 -1 2489.dat
1 334 60 -12 -40 -1 0 0 0 1 0 0 0 -1 70501a.dat
1 334 60 -16 -40 -1 0 0 0 1 0 0 0 -1 70501b.dat
1 334 60 -20 -40 -1 0 0 0 1 0 0 0 -1 70501c.dat
1 334 60 -24 -40 -1 0 0 0 1 0 0 0 -1 70501d.dat

0 FILE 6232 - Pirate.ldr
0 Pirate
0 Name: 6232 - Pirate.ldr
0 Author: Stan Isachenko [angmarec]
0 !LDRAW_ORG Model
0 !LICENSE Redistributable under CCAL version 2.0 : see CAreadme.txt
0 !THEME Pirates
1 4 0 -96 0 1 0 0 0 1 0 0 0 1 2543.dat
1 14 0 -96 0 1 0 0 0 1 0 0 0 1 3626bp35.dat
1 15 0 -72 0 1 0 0 0 1 0 0 0 1 973p3c.dat
1 1 0 -40 0 1 0 0 0 1 0 0 0 1 3815.dat
1 15 -15.552 -63 0 0.985 -0.147 -0.085 0.17 0.853 0.492 0 -0.5 0.866 3818.dat
1 15 15.552 -63 0 0.985 0.164 0.044 -0.17 0.951 0.255 0 -0.259 0.966 3819.dat
1 14 -22.559 -52.963 -18.319 0.985 -0.164 0.044 0.17 0.951 -0.255 0 0.259 0.966 3820.dat
1 14 23.301 -48.665 -14.825 0.985 0.147 -0.085 -0.17 0.853 -0.492 0 0.5 0.866 3820.dat
1 6 -22.806 -51.53 -27.495 0.985 -0.149 0.082 0.17 0.861 -0.477 0 0.485 0.874 2562.dat
1 8 23.821 -45.65 -24.007 0.985 0.122 -0.118 -0.17 0.708 -0.684 0 0.694 0.719 2530.dat
1 1 0 -28 0 1 0 0 0 1 0 0 0 1 3816.dat
1 1 0 -28 0 1 0 0 0 1 0 0 0 1 3817.dat

0 FILE 6232 - Skeleton.ldr
0 Skeleton
0 Name: 6232 - Skeleton.ldr
0 Author: Stan Isachenko [angmarec]
0 !LDRAW_ORG Model
0 !LICENSE Redistributable under CCAL version 2.0 : see CAreadme.txt
0 !THEME Pirates
1 15 0 -69 0 1 0 0 0 1 0 0 0 1 82359.dat
1 0 0 -69 0 1 0 0 0 1 0 0 0 1 30048.dat
1 15 0 -45 0 1 0 0 0 1 0 0 0 1 6260.dat
1 15 21.2 -38.2 0 0.985 0 -0.174 -0.174 0 -0.985 0 1 0 6265.dat
1 15 -21.2 -38.2 0 -0.985 0 0.174 -0.174 0 -0.985 0 1 0 6265.dat
1 15 -10 0 0 1 0 0 0 0 1 0 -1 0 6266.dat
1 15 10 0 0 1 0 0 0 0 1 0 -1 0 6266.dat