0 FILE 6235 - Main.ldr
0 Main
0 Name: 6235 - Main.ldr
0 Author: Stefan Frenz [smf]
0 !LDRAW_ORG Model
0 !LICENSE Redistributable under CCAL version 2.0 : see CAreadme.txt

1 1 0 0 0 1 0 0 0 1 0 0 0 1 6235 - Buried Treasure.ldr



0 FILE 6235 - Buried Treasure.ldr
0 Buried Treasure
0 Name: 6235 - Buried Treasure.ldr
0 Author: Stefan Frenz [smf]
0 !LDRAW_ORG Model
0 !LICENSE Redistributable under CCAL version 2.0 : see CAreadme.txt

1 14 0 0 0 1 0 0 0 1 0 0 0 1 3032.dat
0 STEP
1 14 -50 -8 0 0 0 -1 0 1 0 1 0 0 3023.dat
1 14 -30 -8 -30 -1 0 0 0 1 0 0 0 -1 3623.dat
1 7 -20 -24 30 -1 0 0 0 1 0 0 0 -1 3010.dat
0 STEP
1 7 -50 -48 30 1 0 0 0 1 0 0 0 1 4070.dat
1 14 -50 -16 -20 0 0 -1 0 1 0 1 0 0 3023.dat
0 STEP
1 6 0 -32 0 1 0 0 0 1 0 0 0 1 4738b.dat
1 0 -50 -56 30 -1 0 0 0 1 0 0 0 -1 3957a.dat
1 2 -50 -38 16 -0.174 0 0.985 0.985 0 0.174 0 1 0 2423.dat
1 334 -4 -16 5 -0.866 0 -0.5 0 1 0 0.5 0 -0.866 70501a.dat
1 334 -25 -12 5 0.866 0 0.5 0 1 0 -0.5 0 0.866 70501a.dat
1 334 15 -12 5 0 0 1 0 1 0 -1 0 0 70501b.dat
1 334 8 -20 0 0.966 0 0.259 0 1 0 -0.259 0 0.966 70501b.dat
1 334 -4 -12 -5 0.866 0 0.5 0 1 0 -0.5 0 0.866 70501c.dat
1 334 -22 -16 -5 -0.866 0 0.5 0 1 0 -0.5 0 -0.866 70501c.dat
1 334 14 -16 -5 -0.707 0 -0.707 0 1 0 0.707 0 -0.707 70501d.dat
1 334 -13 -20 -1 -0.5 0 0.866 0 1 0 -0.866 0 -0.5 70501d.dat
1 6 0 -48 0 1 0 0 0 1 0 0 0 1 4739.dat
0 STEP
1 15 -50 -140 30 0 0 1 0 1 0 -1 0 0 2335p30.dat
1 6 -80.034 -102.657 15 0 0.862 -0.508 0 0.508 0.862 1 0 0 2550c01.dat
1 16 40 -40 -29 1 0 0 0 1 0 0 0 1 6235 - MiniFig1.ldr
1 8 -50 -122 0 0 0 -1 0 1 0 1 0 0 2530.dat


0 FILE 6235 - MiniFig1.ldr
0 MiniFig1
0 Name: 6235 - MiniFig1.ldr
0 Author: Stefan Frenz [smf]
0 !LDRAW_ORG Model
0 !LICENSE Redistributable under CCAL version 2.0 : see CAreadme.txt

1 15 0 0 0 1 0 0 0 1 0 0 0 1 3815c01.dat
1 14 0 -32 0 1 0 0 0 1 0 0 0 1 973p3e.dat
1 14 -15.552 -23 0 0.985 -0.087 -0.146 0.17 0.505 0.846 0 -0.859 0.513 3818.dat
1 14 15.552 -23 0 0.985 0.17 0 -0.17 0.985 0 0 0 1 3819.dat
1 14 0 -56 0 1 0 0 0 1 0 0 0 1 3626bp35.dat
1 4 0 -56 0 1 0 0 0 1 0 0 0 1 2543.dat
1 8 -19.236 -12.404 -30.492 -0.985 -0.082 -0.152 0.084 -0.996 -0.001 -0.151 -0.014 0.988 3837.dat
1 14 -20.682 -22.675 -21.281 0.995 0.096 -0.042 -0.083 0.967 0.241 0.063 -0.236 0.97 3820.dat
1 14 23.688 -5.24 -9.884 0.985 -0.12 -0.12 0.002 0.717 -0.697 0.17 0.686 0.707 3820.dat
1 6 25.048 0.805 -17.866 0.985 -0.146 -0.086 0.002 0.52 -0.854 0.17 0.842 0.513 2562.dat



