0   ROTATION CONFIG 0 0
0 Name: Crocodile Cage.ldr
0 Author: MLCad

1  2 -20 80 0 1 0 0 0 1 0 0 0 1 3028.DAT
1  2 10 56 -100 0 0 1 0 1 0 -1 0 0 6026.DAT
1  2 -30 70 -100 0 -0.5 0.866025 0 0.866025 0.5 -1 0 0 6027.DAT
1  2 65 61 -100 0 0 1 0 1 0 -1 0 0 6028.DAT
1  14 70 72 20 0 0 1 0 1 0 -1 0 0 3023.DAT
1  7 70 64 20 0 0 1 0 1 0 -1 0 0 3023.DAT
1  0 70 56 10 0 0 -1 0 1 0 1 0 0 4085A.DAT
1  8 90 60 10 0 0 -1 0 1 0 1 0 0 2530.DAT
1  6 90 40 30 1 0 0 0 -1 0 0 0 -1 2561.DAT
1  0 70 56 30 0 0 -1 0 1 0 1 0 0 4085A.DAT
1  0 -90 64 -30 -0.707107 0 0.707107 0 1 0 -0.707107 0 -0.707107 4085A.DAT
1  38 -104.1421 66 -15.85786 0.707107 0.707107 0 0 0 -1 -0.707107 0.707107 0 6126.DAT
1  0 -90 72 -30 0 0 -1 0 1 0 1 0 0 2420.DAT
1  7 40 56 50 1 0 0 0 1 0 0 0 1 3010.DAT
1  7 40 32 50 1 0 0 0 1 0 0 0 1 3004.DAT
1  7 40 -16 50 1 0 0 0 1 0 0 0 1 3004.DAT
1  7 30 8 50 1 0 0 0 1 0 0 0 1 4589.DAT
1  7 50 8 50 1 0 0 0 1 0 0 0 1 4589.DAT
1  14 10 56 -10 1 0 0 0 1 0 0 0 1 3005.DAT
1  14 70 56 -10 1 0 0 0 1 0 0 0 1 3005.DAT
1  7 0 56 20 1 0 0 0 1 0 0 0 1 3003.DAT
1  7 10 -16 20 0 0 -1 0 1 0 1 0 0 4215A.DAT
1  0 10 -24 20 0 0 1 0 1 0 -1 0 0 4623.DAT
1  6 -5 20 5 1 0 0 0 1 0 0 0 1 4499.DAT
1  0 10 -24 -10 0 0 1 0 1 0 -1 0 0 3070B.DAT
1  0 70 -24 30 0 0 1 0 1 0 -1 0 0 3070B.DAT
1  0 70 -24 0 0 0 1 0 1 0 -1 0 0 3069B.DAT
1  0 40 -24 50 1 0 0 0 1 0 0 0 1 4625.DAT
1  0 40 -32 20 1 0 0 0 1 0 0 0 1 4213.DAT
1  0 10 -40 -10 1 0 0 0 1 0 0 0 1 4085A.DAT
1  6 10 28 -30 1 0 0 0 -1 0 0 0 -1 4497.DAT
1  6 30 28 -30 1 0 0 0 -1 0 0 0 -1 4497.DAT
1  6 50 28 -30 1 0 0 0 -1 0 0 0 -1 4497.DAT
1  6 70 28 -30 1 0 0 0 -1 0 0 0 -1 4497.DAT
1  4 40 -48 -10 1 0 0 0 1 0 0 0 1 3710.DAT
1  4 70 -32 30 0 0 1 0 1 0 -1 0 0 2546P01.DAT
1  4 40 -56 -10 1 0 0 0 1 0 0 0 1 3794A.DAT
1  0 40 -64 -10 0 0 1 0 1 0 -1 0 0 2555.DAT
1  0 -50 -24 30 0 0 1 0 1 0 -1 0 0 2555.DAT
1  4 -50 72 30 1 0 0 0 1 0 0 0 1 3957A.DAT
1  14 -50 -16 30 1 0 0 0 1 0 0 0 1 4589.DAT
1  0 30 -40 -10 1 0 0 0 1 0 0 0 1 4085A.DAT
1  0 50 -40 -10 1 0 0 0 1 0 0 0 1 4085A.DAT
1  0 70 -40 -10 1 0 0 0 1 0 0 0 1 4085A.DAT
1  7 70 -16 20 0 0 1 0 1 0 -1 0 0 4215A.DAT
1  7 -120 56 40 1 0 0 0 1 0 0 0 1 3003.DAT
1  2 -120 56 40 1 0 0 0 1 0 0 0 1 6064.DAT
1  15 -49 -30 30 1 0 0 0 1 0 0 0 1 6029A.DAT
1  15 41 -70 -10 1 0 0 0 1 0 0 0 1 6029A.DAT
0 Assembly 2
1  0 40 59 8 1 0 0 0 1 0 0 0 1 3815.DAT
0 Assembly 2
1  0 40 71 8 1 0 0 0 0 1 0 -1 0 3817.DAT
1  6 40 71 8 1 0 0 0 0 1 0 -1 0 2532.DAT
1  14 40 27 8 1 0 0 0 1 0 0 0 1 973P31.DAT
1  14 24.39959 35.96409 8 0.9848071 -0.1045064 -0.1386846 0.173652 0.5926718 0.7865018 0 -0.7986354 0.601815 3818.DAT
1  14 55.60041 35.96409 8 0.9848071 0.1198339 0.1256768 -0.1736514 0.6795986 0.7127348 0 -0.7237303 0.6900829 3819.DAT
1  14 18.87329 38.51136 -13.05187 0.984807 -0.171962 -0.02416768 0.173652 0.9752229 0.1370586 0 -0.139173 0.9902679 3820.DAT
1  14 61.54517 40.88453 -12.50997 0.9848071 0.1736011 0.0041795 -0.1736514 0.9845219 0.02370277 0 -0.02406844 1 3820.DAT
1  14 40 1 8 0.9238795 0 -0.3826834 0 1 0 0.3826834 0 0.9238795 3626BP35.DAT
1  0 40 1 8 0.9238795 0 -0.3826834 0 1 0 0.3826834 0 0.9238795 2544.DAT
0 Assembly 4
1  2 -40 40 -29 1 0 0 0 1 0 0 0 1 3815.DAT
0 Assembly 4
1  14 -40 52 -29 1 0 0 0 1 0 0 0 1 3816P3J.DAT
0 Assembly 4
1  14 -40 52 -29 1 0 0 0 1 0 0 0 1 3817P3J.DAT
1  14 -40 8 -29 1 0 0 0 1 0 0 0 1 973PAC.DAT
1  14 -40 -18 -29 0.8660254 0 -0.5 0 1 0 0.5 0 0.8660254 3626BP3J.DAT
1  6 -40 8 -29 -1 0 0 0 1 0 0 0 -1 4498.DAT
1  14 -24.39959 16.96409 -29 0.9848071 0.173652 0 -0.173652 0.9848071 0 0 0 1 3819.DAT
1  14 -55.60041 16.96409 -29 0.9848072 0.03015427 -0.1710135 0.1736517 -0.1710098 0.9698456 0 -0.9848076 -0.173648 3818.DAT
1  14 -58.26159 3.262772 -45.89383 0.9026693 0.4061451 -0.1422471 -0.1320444 0.5760108 0.8067065 0.409576 -0.7094062 0.5735765 3820.DAT
1  14 -16.19353 34.70868 -38.89949 0.4211026 0.8986628 -0.1227908 -0.6817366 0.2243045 -0.6963638 -0.5982538 0.3769516 0.7071066 3820.DAT
1  0 -40 -18 -29 0.8660254 0 -0.5 0 1 0 0.5 0 0.8660254 6025.DAT
1  15 -40 -34 -29 0.8660254 0 -0.5 0 1 0 0.5 0 0.8660254 6029A.DAT
1  6 -47.82424 14.7129 -65.20538 0.9026691 -0.3575913 0.2394087 -0.1320444 -0.75965 -0.6367854 0.4095759 0.5431939 -0.7329307 4497.DAT
1  15 -15.06379 40.94344 -50.5135 0.8392921 0.01647341 -0.5434308 0.04280032 0.9944364 0.09624691 0.5419931 -0.1040384 0.833918 2586P30.DAT

0 WORLD  -49.89451 -29.82789 -17.13217 0.8029903 0.2182532 0.5545921 0.160543 0.8169264 -0.5539445 -0.5739626 0.5338494 0.6209457
0 CENTRE  0 0 0
0 LOOKAT  0 0 0
0 ZOOM  50
0 ROTANGLE 0
