
1  4 0 0 0 1 0 0 0 1 0 0 0 1 6021.DAT
1  0 100 -72 -50 1 0 0 0 1 0 0 0 1 6108.DAT
1  0 100 -72 50 1 0 0 0 1 0 0 0 1 6108.DAT
1  4 200 0 0 1 0 0 0 1 0 0 0 1 6021.DAT
1  0 10 -96 -70 -1 0 0 0 1 0 0 0 -1 2339.DAT
1  0 190 -96 -70 -1 0 0 0 1 0 0 0 -1 2339.DAT
1  0 190 -96 70 1 0 0 0 1 0 0 0 1 2339.DAT
1  0 10 -96 70 1 0 0 0 1 0 0 0 1 2339.DAT
1  14 10 -56 0 0 0 1 0 1 0 -1 0 0 3460.DAT
1  14 190 -56 0 0 0 1 0 1 0 -1 0 0 3460.DAT
1  0 190 -64 -50 0 0 -1 0 1 0 1 0 0 6019.DAT
1  0 10 -64 -50 0 0 1 0 1 0 -1 0 0 6019.DAT
1  4 10 -72 -50 0 0 1 0 1 0 -1 0 0 4073.DAT
1  4 190 -72 -50 0 0 1 0 1 0 -1 0 0 4073.DAT
1  0 100 -80 70 -1 0 0 0 1 0 0 0 -1 2419.DAT
1  0 100 -80 -70 1 0 0 0 1 0 0 0 1 2419.DAT
1  4 180 -80 -50 -1 0 0 0 1 0 0 0 -1 3023.DAT
1  4 20 -80 -50 -1 0 0 0 1 0 0 0 -1 3023.DAT
1  4 100 -88 90 -1 0 0 0 1 0 0 0 -1 2540.DAT
1  4 190 -96 150 -1 0 0 0 1 0 0 0 -1 6019.DAT
1  4 10 -96 150 -1 0 0 0 1 0 0 0 -1 6019.DAT
1  4 102 -95.0798 127.8201 0 -1 0 0.8910066 0 -0.4539905 0.4539905 0 0.8910066 4085B.DAT
1  4 110 -95.0798 127.8201 0 -1 0 0.4539905 0 0.8910066 -0.8910066 0 0.4539905 2555.DAT
1  15 189 -94 170 -1 0 0 0 0 -1 0 -1 0 6029A.DAT
1  15 9 -94 170 -1 0 0 0 0 -1 0 -1 0 6029A.DAT
1  15 210 -62 -49 0 -1 0 0 0 -1 1 0 0 6029A.DAT
1  6 -10 -62 -56 0 0 1 1 0 0 0 1 0 4497.DAT
1  14 10 -112 -150 -1 0 0 0 1 0 0 0 -1 3062B.DAT
1  14 190 -112 -150 -1 0 0 0 1 0 0 0 -1 3062B.DAT
1  14 100 -88 -90 1 0 0 0 1 0 0 0 1 4623.DAT
1  0 100 -88 0 0 0 1 0 1 0 -1 0 0 3032.DAT
1  14 70 -96 -20 0 0 1 0 1 0 -1 0 0 4623.DAT
1  14 130 -96 -20 0 0 -1 0 1 0 1 0 0 4623.DAT
0 Assembly 1
1  7 100 -96 -20 -0.7547095 0 -0.6560591 0 1 0 0.6560591 0 -0.7547095 3679.DAT
0 Assembly 1
1  14 100 -96 -20 0 0 -1 0 1 0 1 0 0 3680.DAT
1  4 116 -109.3359 120.5563 0 0 1 0.4539905 0.8910066 0 -0.8910066 0.4539905 0 2542.DAT
1  4 10 -112 -150 1 0 0 0 1 0 0 0 1 2546P01.DAT
1  4 190 -112 -150 1 0 0 0 1 0 0 0 1 2546P01.DAT
1  4 48 -124 -20 0 0 1 0 1 0 -1 0 0 3941.DAT
1  15 48 -132 -20 0 0 1 0 1 0 -1 0 0 4150P30.DAT
1  0 100 -176 -20 0.6560591 0 -0.7547095 0 1 0 0.7547095 0 0.6560591 4318.DAT
1  0 116.2327 -187.7216 -34.11086 -0.6560591 0.306968 0.6894615 0 0.9135455 -0.4067366 -0.7547096 -0.2668432 -0.5993398 4319.DAT
1  0 86.23209 -189.8995 -8.031761 0.6560591 -0.5336602 -0.5336602 0 0.7071068 -0.7071068 0.7547095 0.4639038 0.4639038 2375.DAT
1  15 100 -94 -112 1 0 0 0 1 0 0 0 1 2586P30.DAT
0 Assembly 5
1  2 102 -24 -80 1 0 0 0 1 0 0 0 1 6026.DAT
0 Assembly 5
1  2 102 -10 -120 1 0 0 0 0.936672 0.3502073 0 -0.3502073 0.936672 6027.DAT
0 Assembly 5
1  2 102 -19 -25 1 0 0 0 1 0 0 0 1 6028.DAT
0 Assembly 10
1  2 100 -120 -70 1 0 0 0 1 0 0 0 1 3815.DAT
0 Assembly 10
1  14 100 -108 -70 1 0 0 0 1 0 0 0 1 3816P3J.DAT
0 Assembly 10
1  14 100 -108 -70 1 0 0 0 1 0 0 0 1 3817P3J.DAT
1  14 100 -152 -70 1 0 0 0 1 0 0 0 1 973PAC.DAT
1  14 115.6004 -143.0359 -70 0.9848069 0.1651528 0.05366139 -0.173652 0.9366071 0.3043221 0 -0.3090169 0.9510565 3819.DAT
1  14 84.39959 -143.0359 -70 0.984807 -0.1206286 -0.1249145 0.1736516 0.6841045 0.7084109 0 -0.7193397 0.6946585 3818.DAT
1  14 78.43226 -137.9875 -90.47076 0.9925387 0.1218911 -0.003029812 -0.121822 0.9924029 0.01718711 0.00510174 -0.01668975 1 3820.DAT
1  14 123.1146 -129.2149 -85.25542 0.561565 0.8236681 -0.07883662 -0.7584008 0.4742737 -0.4470932 -0.3308663 0.3108616 0.8910062 3820.DAT
1  14 109 -116 40 0 0 -1 0 1 0 1 0 0 3817P3J.DAT
1  2 115.1805 -126.286 40 0 -0.515038 -0.8571673 0 0.8571673 -0.515038 1 0 0 3815.DAT
1  14 131.6617 -153.7154 40 0 -0.515038 -0.8571673 0 0.8571673 -0.515038 1 0 0 973PAC.DAT
1  14 109 -116 40 0 0 -1 0 1 0 1 0 0 3816P3J.DAT
1  14 127.0448 -146.0316 55.6004 0.08943735 0.8096986 -0.5799902 -0.1488488 0.5866502 0.7960435 0.984807 0.01513481 0.1729912 3819.DAT
1  14 127.0448 -146.0316 24.3996 -0.08943719 -0.507213 -0.8571673 0.1488485 0.8441443 -0.515038 0.984807 -0.1736516 0 3818.DAT
1  14 148.5369 -143.5686 59.09799 0.1606669 0.09256408 -0.9826582 0.3793918 0.9133116 0.1480632 0.9111792 -0.3966015 0.111621 3820.DAT
1  14 126.3912 -125.7229 16.19354 -0.08943719 -0.9647623 -0.2474549 0.1488485 0.2327133 -0.9610869 0.9848069 -0.1227902 0.1227902 3820.DAT
1  14 144.0226 -174.2874 40 0.6061088 -0.5150381 -0.6061089 0.3641869 0.8571672 -0.3641869 0.7071067 0 0.7071068 3626BP40.DAT
1  14 100 -176 -70 0.8660254 0 -0.5 0 1 0 0.5 0 0.8660254 3626BP3K.DAT
1  4 100 -176 -70 0.8660254 0 -0.5 0 1 0 0.5 0 0.8660254 30105.DAT
1  15 100 -184 -70 0.8660254 0 -0.5 0 1 0 0.5 0 0.8660254 6029B.DAT
1  4 73.22533 -181.2534 -110.5989 0.7833171 -0.1172499 0.6104637 -0.2348299 -0.9650946 0.1159598 0.5755588 -0.2341886 -0.7835094 3957A.DAT
1  4 72.28732 -188.9742 -112.4724 -0.783317 -0.1172499 -0.6104637 0.23483 -0.9650943 -0.1159597 -0.5755589 -0.2341886 0.7835093 6019.DAT
1  15 85.04542 -188.8201 -128.0354 -0.783317 0.11725 0.6104637 0.2348301 0.9650944 0.1159596 -0.575559 0.2341886 -0.7835093 6029A.DAT
1  33 71.3493 -196.6951 -114.3459 -0.1222258 -0.1172499 -0.9855518 0.2480458 -0.9650944 0.08405408 -0.9610062 -0.2341886 0.147043 3024.DAT
1  6 92.25707 -139.0092 -115.1784 0.5615649 0.7776917 -0.2825601 -0.7584007 0.3472205 -0.5516028 -0.3308662 0.5240545 0.784789 4497.DAT
1  6 150.0075 -97.69991 39.7401 0.1606667 0.1564281 0.9745333 0.3793921 -0.9212916 0.08533362 0.9111792 0.3560198 -0.2073687 4497.DAT
1  0 144.0226 -174.2874 40 0.6061088 -0.5150381 -0.6061089 0.3641869 0.8571672 -0.3641869 0.7071067 0 0.7071068 6025.DAT
1  15 153.1739 -189.7885 40 0.6061088 -0.5150383 -0.6061087 0.3641868 0.8571671 -0.364187 0.7071066 0 0.7071065 6029B.DAT

0 WORLD  -111.297 -158.0712 262.7194 0.8843704 0.0191671 0.4664022 0.1527904 0.9322258 -0.3280209 -0.4410767 0.3613489 0.8215057
0 CENTRE  228 -179 -210
0 LOOKAT  27 -206 0
0 ZOOM  45
0 ROTANGLE 0
