0 Name: Forbidden Cove.ldr
0 Author: MLCad

0 ROTATION CENTER 0 0 0 1 "Custom" 
0 ROTATION CONFIG 0 0
1 1 0 24 0 1 0 0 0 1 0 0 0 1 3857.dat
1 6 -384 8 -10 -1 0 0 0 1 0 0 0 -1 2551.DAT
1 0 -384 -96 -120 -1 0 0 0 -1 0 0 0 1 3957a.dat
1 15 -384 -88 -120 -0.5 0 -0.866025 0 1 0 0.866025 0 -0.5 2335p30.dat
1 4 -354 0 -90 0 0 -1 0 1 0 1 0 0 3023.dat
1 4 -414 0 -90 0 0 -1 0 1 0 1 0 0 3023.dat
1 4 -384 -8 10 -1 0 0 0 1 0 0 0 -1 3020.dat
1 4 -384 -8 -90.001 -1 0 0 0 1 0 0 0 -1 3020.dat
1 4 -354 0 10 0 0 -1 0 1 0 1 0 0 3023.dat
1 4 -414 0 10 0 0 -1 0 1 0 1 0 0 3023.dat
1 7 -120 0 150 1 0 0 0 1 0 0 0 1 3010.dat
1 14 -300 16 150 1 0 0 0 1 0 0 0 1 3023.dat
1 14 -180 16 150 1 0 0 0 1 0 0 0 1 3023.dat
1 14 -180 16 90 1 0 0 0 1 0 0 0 1 3023.dat
1 14 -300 16 90.001 1 0 0 0 1 0 0 0 1 3023.dat
1 14 180 16 150 1 0 0 0 1 0 0 0 1 3023.dat
1 14 300 16 150 1 0 0 0 1 0 0 0 1 3023.dat
1 14 300 16 90.001 1 0 0 0 1 0 0 0 1 3023.dat
1 14 180 16 90 1 0 0 0 1 0 0 0 1 3023.dat
1 14 240 16 70 1 0 0 0 1 0 0 0 1 3710.dat
1 14 -240 16 70 1 0 0 0 1 0 0 0 1 3710.dat
1 7 -50 16 -40 0 0 1 0 1 0 -1 0 0 3069b.dat
1 7 50 16 -40 0 0 1 0 1 0 -1 0 0 3069b.dat
1 8 -129.999 -144 60 0 0 1 0 1 0 -1 0 0 6083.dat
1 8 129.999 -144 60 0 0 -1 0 1 0 1 0 0 6083.dat
1 14 -240 8 120 1 0 0 0 1 0 0 0 1 3035.dat
1 4 -240 -16 120 1 0 0 0 1 0 0 0 1 3941.dat
1 14 240 8 120 1 0 0 0 1 0 0 0 1 3035.dat
1 6 280 0 120 1 0 0 0 1 0 0 0 1 2563.dat
1 6 280 -36 120 1 0 0 0 1 0 0 0 1 2536.dat
1 6 280 -72 120 1 0 0 0 1 0 0 0 1 2536.dat
1 6 280 -104 120 1 0 0 0 1 0 0 0 1 2536.dat
1 6 280 -136 120 1 0 0 0 1 0 0 0 1 2536.dat
1 6 280 -168 120 1 0 0 0 1 0 0 0 1 2536.dat
1 6 280 -200 120 1 0 0 0 1 0 0 0 1 2536.dat
1 6 280 -232 120 1 0 0 0 1 0 0 0 1 2536.dat
1 6 280 -280 120 1 0 0 0 1 0 0 0 1 2566.dat
1 2 270 -288 120 0 0 1 0 1 0 -1 0 0 2518.dat
1 2 290 -288 120 0 0 -1 0 1 0 1 0 0 2518.dat
1 2 280 -304 120 0 0 -1 0 1 0 1 0 0 4032a.dat
1 2 280 -328 120 0 0 -1 0 1 0 1 0 0 3062b.dat
1 2 280 -296 130 -1 0 0 0 1 0 0 0 -1 2518.dat
1 7 120 0 150 1 0 0 0 1 0 0 0 1 3010.dat
1 7 120 0 130 1 0 0 0 1 0 0 0 1 3004.dat
1 7 -120 0 130 1 0 0 0 1 0 0 0 1 3004.dat
1 7 120 0 -20 1 0 0 0 1 0 0 0 1 3003.dat
1 7 -120 0 -20 1 0 0 0 1 0 0 0 1 3003.dat
1 7 -90.001 -24 -10 1 0 0 0 1 0 0 0 1 3005.dat
1 7 90.001 -24 -10 1 0 0 0 1 0 0 0 1 3005.dat
1 7 100 -48 -10 1 0 0 0 1 0 0 0 1 3004.dat
1 7 110 -96 0 0 0 -1 0 1 0 1 0 0 3004.dat
1 7 -110 -96 0 0 0 -1 0 1 0 1 0 0 3004.dat
1 7 -100 -48 -10 1 0 0 0 1 0 0 0 1 3701.dat
1 0 0 -192 90.001 1 0 0 0 1 0 0 0 1 6108.dat
1 0 -50 -192 -10 1 0 0 0 1 0 0 0 1 4490.dat
1 0 50 -192 -10 1 0 0 0 1 0 0 0 1 4490.dat
1 0 0 -200 40 1 0 0 0 1 0 0 0 1 3033.dat
1 6 50 -232 50 0 0 1 0 1 0 -1 0 0 4738a.dat
1 6 50 -248 50 0 0 1 0 1 0 -1 0 0 4739.dat
1 0 0 -256 -10 1 0 0 0 1 0 0 0 1 3460.dat
1 0 0 -384 90.001 1 0 0 0 1 0 0 0 1 4477.dat
1 0 0 -360 80.001 1 0 0 0 1 0 0 0 1 3832.dat
1 0 -90 -256 40 0 0 1 0 1 0 -1 0 0 3710.dat
1 0 90 -256 40 0 0 1 0 1 0 -1 0 0 3710.dat
1 4 0 -224 -10 1 0 0 0 1 0 0 0 1 3004.dat
1 4 0 -248 -10 1 0 0 0 1 0 0 0 1 3004.dat
1 4 90 -224 80 0 0 -1 0 1 0 1 0 0 3004.dat
1 4 90 -248 80 0 0 -1 0 1 0 1 0 0 3004.dat
1 4 -90 -224 80 0 0 -1 0 1 0 1 0 0 3004.dat
1 4 90.001 -224 -10 0 0 -1 0 1 0 1 0 0 2357.dat
1 4 90.001 -248 -10 0 0 -1 0 1 0 1 0 0 2357.dat
1 4 -90.001 -224 -10 1 0 0 0 1 0 0 0 1 2357.dat
1 4 -90.001 -248 -10 1 0 0 0 1 0 0 0 1 2357.dat
1 4 -90.001 -272 -10 1 0 0 0 1 0 0 0 1 3005.dat
1 4 -90.001 -296 -10 1 0 0 0 1 0 0 0 1 3005.dat
1 4 -90.001 -320 -10 1 0 0 0 1 0 0 0 1 3005.dat
1 4 90.001 -272 -10 1 0 0 0 1 0 0 0 1 3005.dat
1 4 90.001 -296 -10 1 0 0 0 1 0 0 0 1 3005.dat
1 4 90.001 -320 -10 1 0 0 0 1 0 0 0 1 3005.dat
1 4 90 -272 90 1 0 0 0 1 0 0 0 1 3005.dat
1 4 90 -296 90 1 0 0 0 1 0 0 0 1 3005.dat
1 4 90 -320 90 1 0 0 0 1 0 0 0 1 3005.dat
1 4 -90 -272 90 1 0 0 0 1 0 0 0 1 3005.dat
1 4 -90 -296 90 1 0 0 0 1 0 0 0 1 3005.dat
1 4 -90 -320 90 1 0 0 0 1 0 0 0 1 3005.dat
1 0 -80 -48 -30 -1 0 0 0 1 0 0 0 -1 2458.dat
1 0 -40 -48 -30 -1 0 0 0 1 0 0 0 -1 3004.dat
1 0 -50 -24 -30 0 0 1 0 1 0 -1 0 0 4287.dat
1 0 50 -24 -30 0 0 -1 0 1 0 1 0 0 4287.dat
1 0 60 -48 -30 1 0 0 0 1 0 0 0 1 3010.dat
1 0 60 -72 -30 1 0 0 0 1 0 0 0 1 3010.dat
1 0 0 -96 -30 1 0 0 0 1 0 0 0 1 6111.dat
1 0 -50 -120 -30 1 0 0 0 1 0 0 0 1 3005.dat
1 0 -50 -128 -30 1 0 0 0 1 0 0 0 1 4085a.dat
1 0 50 -128 -30 1 0 0 0 1 0 0 0 1 4085a.dat
1 2 77.071 -128 -37.071 0.707107 0 0.707107 0 1 0 -0.707107 0 0.707107 2518.dat
1 2 -77.071 -128 -37.071 -0.707107 0 0.707107 0 1 0 -0.707107 0 -0.707107 2518.dat
1 0 50 -120 -30 1 0 0 0 1 0 0 0 1 3005.dat
1 0 -70 -120 -30 0 0 1 0 1 0 -1 0 0 3040b.dat
1 0 -50 -152 -30 0 0 1 0 1 0 -1 0 0 3040b.dat
1 0 70 -120 -30 0 0 -1 0 1 0 1 0 0 3040b.dat
1 0 50 -152 -30 0 0 -1 0 1 0 1 0 0 3040b.dat
1 7 10 -120 -30 0 0 -1 0 1 0 1 0 0 3665.dat
1 7 -10 -120 -30 0 0 1 0 1 0 -1 0 0 3665.dat
1 7 0 -144 -30 -1 0 0 0 1 0 0 0 -1 3010.dat
1 0 -60 -72 -30 1 0 0 0 1 0 0 0 1 3010.dat
1 7 -10 -72 -30 1 0 0 0 1 0 0 0 1 2449.dat
1 7 10 -72 -30 1 0 0 0 1 0 0 0 1 2449.dat
1 7 -20 -152 -30 1 0 0 0 1 0 0 0 1 3794a.dat
1 7 20 -152 -30 1 0 0 0 1 0 0 0 1 3794a.dat
1 7 0 -80 -50 1 0 0 0 1 0 0 0 1 3794a.dat
1 7 0 -88 -50 1 0 0 0 1 0 0 0 1 3623.dat
1 7 0 -160 -30 1 0 0 0 1 0 0 0 1 3623.dat
1 7 0 -200 -30 1 0 0 0 1 0 0 0 1 3623.dat
1 7 0 -208 -30 0 0 1 0 1 0 -1 0 0 2555.dat
1 7 0 -200 -50 1 0 0 0 1 0 0 0 1 3024.dat
1 7 0 -184 -30 1 0 0 0 1 0 0 0 1 3005.dat
1 7 -20 -184 -30 1 0 0 0 1 0 0 0 1 4070.dat
1 7 20 -184 -30 1 0 0 0 1 0 0 0 1 4070.dat
1 7 0 -184 -50 1 0 0 0 1 0 0 0 1 4460.dat
1 7 -20 -192 -30 0 0 1 0 1 0 -1 0 0 6019.dat
1 7 20 -192 -30 0 0 -1 0 1 0 1 0 0 6019.dat
1 7 0 -192 -40 0 0 -1 0 1 0 1 0 0 3023.dat
1 7 0 -112 -50 1 0 0 0 1 0 0 0 1 4490.dat
1 0 -30 -24 -50 0 0 -1 0 1 0 1 0 0 2357.dat
1 0 30 -24 -50 1 0 0 0 1 0 0 0 1 2357.dat
1 0 0 0 -40 1 0 0 0 1 0 0 0 1 3795.dat
1 0 -50 8 -40 0 0 -1 0 1 0 1 0 0 3023.dat
1 0 50 8 -40 0 0 -1 0 1 0 1 0 0 3023.dat
1 4 -90 -248 80 0 0 -1 0 1 0 1 0 0 3004.dat
1 7 0 -168 -10 1 0 0 0 1 0 0 0 1 6108.dat
1 7 -110 -72 -10 0 0 -1 0 1 0 1 0 0 3040b.dat
1 7 110 -72 -10 0 0 1 0 1 0 -1 0 0 3040b.dat
1 7 -129.999 -144 70 -1 0 0 0 1 0 0 0 -1 3665.dat
1 7 129.999 -144 70 -1 0 0 0 1 0 0 0 -1 3665.dat
1 4 100 0 60 0 0 1 0 1 0 -1 0 0 3001.dat
1 4 -100 0 60 0 0 1 0 1 0 -1 0 0 3001.dat
1 7 90 0 -20.001 0 0 1 0 1 0 -1 0 0 3039.dat
1 7 -90 0 -20.001 0 0 -1 0 1 0 1 0 0 3039.dat
1 0 -110 -144 -10 0 0 1 0 1 0 -1 0 0 3665.dat
1 0 -120 -152 40 0 0 1 0 1 0 -1 0 0 3795.dat
1 0 120 -152 40 0 0 1 0 1 0 -1 0 0 3795.dat
1 0 120 -160 90 -1 0 0 0 1 0 0 0 -1 2540.dat
1 0 120 -160 -10 1 0 0 0 1 0 0 0 1 4623.dat
1 0 130 -160 10 0 0 -1 0 1 0 1 0 0 4085a.dat
1 0 -150 -80 30 0 0 1 0 1 0 -1 0 0 4085a.dat
1 2 -190 -82 30 0 0 -1 0 1 0 1 0 0 2488.dat
1 2 190 -138 10 0 0 1 0 1 0 -1 0 0 2488.dat
1 0 -120 -160 90 -1 0 0 0 1 0 0 0 -1 2540.dat
1 0 110 -144 -10 0 0 -1 0 1 0 1 0 0 3665.dat
1 0 -90.001 -168 -10 0 0 -1 0 1 0 1 0 0 3005.dat
1 0 -90 -192 40 0 0 -1 0 1 0 1 0 0 3455.dat
1 4 -90 -344 40 0 0 -1 0 1 0 1 0 0 3455.dat
1 0 -90 -352 80 0 0 -1 0 1 0 1 0 0 3023.dat
1 0 -90 -376 80 0 0 -1 0 1 0 1 0 0 3023.dat
1 0 0 -368 90.001 -1 0 0 0 1 0 0 0 -1 3794a.dat
1 0 0 -368 69.999 -1 0 0 0 1 0 0 0 -1 3794a.dat
1 0 0 -392 90.001 -1 0 0 0 1 0 0 0 -1 3794a.dat
1 0 0 -400 90.001 -1 0 0 0 1 0 0 0 -1 3957a.dat
1 2 90 -368 80 0 0 1 0 1 0 -1 0 0 2518.dat
1 2 -90 -368 80 0 0 1 0 1 0 -1 0 0 2518.dat
1 2 0 -376 80.001 0 0 1 0 1 0 -1 0 0 2518.dat
1 0 90 -376 80 0 0 -1 0 1 0 1 0 0 3023.dat
1 4 90 -376 70 0 0 1 0 1 0 -1 0 0 2546p01.dat
1 0 90 -352 80 0 0 -1 0 1 0 1 0 0 3023.dat
1 4 90 -344 40 0 0 -1 0 1 0 1 0 0 3455.dat
1 0 90 -192 40 0 0 -1 0 1 0 1 0 0 3455.dat
1 0 90.001 -168 -10 0 0 -1 0 1 0 1 0 0 3005.dat
1 6 120 -158 110 1 0 0 0 0.258819 0.965926 0 -0.965926 0.258819 6020.dat
1 6 -120 -158 110 1 0 0 0 0.258819 0.965926 0 -0.965926 0.258819 6020.dat
1 0 -240 -24 120 1 0 0 0 1 0 0 0 1 4032a.dat
1 15 -240 -32 120 1 0 0 0 1 0 0 0 1 4150p30.dat
1 0 0 -488 90.001 1 0 0 0 1 0 0 0 1 4589.dat
1 0 0 -512 90.001 1 0 0 0 1 0 0 0 1 3626b.dat
1 15 120 -168 -32 1 0 0 0 1 0 0 0 1 2586p30.dat
1 15 0 -214 -30 -1 0 0 0 1 0 0 0 -1 6029B.DAT
1 15 -50 -125 -50 0 0 -1 -1 0 0 0 1 0 6029a.dat
1 15 50 -125 -50 0 0 -1 -1 0 0 0 1 0 6029a.dat
0 Assembly 1
1 2 -210 -16 -70 0 0 1 0 1 0 -1 0 0 6026.dat
0 Assembly 1
1 2 -250 -2 -70 0 -0.430511 0.902585 0 0.902585 0.430511 -1 0 0 6027.dat
0 Assembly 1
1 2 -155 -11 -70 0 0 1 0 1 0 -1 0 0 6028.dat
1 2 280 -296 110 1 0 0 0 1 0 0 0 1 2518.dat
1 14 -384 -59.872 27.898 1 0 0 0 0.97437 0.224951 0 -0.224951 0.97437 973p33.dat
1 14 -368.4 -51.138 25.882 0.984807 0.120629 0.124915 -0.169201 0.504755 0.846518 0.0390632 -0.854793 0.517497 3819.dat
1 14 -399.6 -51.138 25.882 0.984807 -0.116196 -0.129048 0.169201 0.474904 0.863619 -0.0390631 -0.872333 0.487349 3818.dat
1 14 -405.443 -51.558 4.765 0.629474 -0.776968 -0.00908819 0.748643 0.60331 0.274862 -0.208076 -0.179823 0.96144 3820.dat
1 14 -362.433 -50.824 4.798 0.576654 0.816982 0.00303237 -0.793194 0.558966 0.241662 0.195738 -0.14176 0.970355 3820.dat
1 484 -384 -83.257 33.296 0.923879 0 -0.382684 0.086085 0.97437 0.207828 0.372875 -0.224951 0.900201 3626bp31.dat
1 1 -384 -83.257 33.296 0.923879 0 -0.382684 0.086085 0.97437 0.207828 0.372875 -0.224951 0.900201 2543.dat
1 14 -290 -55.036 135.6 0 0.656059 -0.75471 -0.173652 0.743243 0.646092 0.984807 0.131057 0.113926 3819.dat
1 14 -290 -55.036 104.4 0 0 -1 0.173652 0.984807 0 0.984807 -0.173652 0 3818.dat
1 14 -280.101 -37.291 96.193 0 -0.707107 -0.707107 0.173652 0.696364 -0.696364 0.984807 -0.12279 0.12279 3820.dat
1 14 -290 -64 120 0 0 -1 0 1 0 1 0 0 973p3a.dat
0 Assembly 2
1 0 -290 -32 120 0 0 -1 0 1 0 1 0 0 3815.dat
0 Assembly 2
1 0 -290 -20 120 0 0 -1 0 1 0 1 0 0 3817.dat
0 Assembly 2
1 6 -290 -20 120 0 -0.5 -0.866025 0 0.866025 -0.5 1 0 0 2532.dat
1 484 -290 -88 120 0.707107 0 -0.707107 0 1 0 0.707107 0 0.707107 3626bp34.dat
1 0 -290 -88 120 0.707107 0 -0.707107 0 1 0 0.707107 0 0.707107 2528p30.dat
1 7 -270.13 -48.253 141.873 0.0171291 0.0676213 -0.997563 -0.0728971 -0.99497 -0.0686969 -0.997192 0.0738961 -0.0121136 2531.dat
1 14 -163 -47.036 -214.601 0 0 1 -0.173652 0.984807 0 -0.984807 -0.173652 0 3819.dat
1 14 -163 -47.036 -183.4 0 -0.173649 -0.984807 0.173652 -0.969845 0.171011 -0.984807 -0.171013 0.0301544 3818.dat
1 14 -172.899 -29.291 -222.807 -0.442936 0.551187 0.707106 -0.571568 0.434036 -0.696364 -0.690736 -0.712604 0.122791 3820.dat
1 14 -156.533 -67.927 -182.006 -0.434085 -0.69468 -0.573575 -0.152066 -0.571051 0.806707 -0.887945 0.4374 0.142247 3820.dat
0 Assembly 3
1 2 -163 -24 -199 0 0 1 0 1 0 -1 0 0 3815.dat
0 Assembly 3
1 14 -163 -12 -199 0 0 1 0 1 0 -1 0 0 3816p3j.dat
0 Assembly 3
1 14 -163 -12 -199 0 0 1 0 1 0 -1 0 0 3817p3j.dat
1 14 -163 -56 -199 0 0 1 0 1 0 -1 0 0 973pac.dat
1 0 -163 -80 -199 0 0 1 0 1 0 -1 0 0 6025.dat
1 14 -163 -80 -199 0 0 1 0 1 0 -1 0 0 3626bp3k.dat
1 14 -114.78 -165.066 137.569 0.295387 0.713515 0.635328 0.380554 0.522095 -0.76328 -0.876313 0.46724 -0.117311 3817p3j.dat
1 2 -117.809 -175.309 132.1 0.295387 0.25238 0.92144 0.380554 0.853577 -0.355787 -0.876313 0.455753 0.156091 3815.dat
1 14 -125.885 -202.623 117.515 0.295387 0.25238 0.92144 0.380554 0.853577 -0.355787 -0.876313 0.455753 0.156091 973pac.dat
1 14 -114.78 -165.066 137.569 0.295387 -0.557265 0.776017 0.380554 0.813672 0.43945 -0.876313 0.165509 0.452418 3816p3j.dat
1 14 -119.015 -189.035 107.93 0.247073 0.484865 0.838964 0.226547 0.812907 -0.536524 -0.942142 0.322625 0.0910022 3819.dat
1 14 -128.23 -200.908 135.272 0.334725 -0.579073 0.743393 0.522997 0.770403 0.364625 -0.783857 0.266744 0.560728 3818.dat
1 14 -116.92 -167.227 108.416 0 0.968146 0.250385 0.169171 0.246776 -0.954192 -0.985586 0.0423579 -0.163782 3820.dat
1 14 -148.208 -192.572 138.682 0.334725 0.116192 0.935124 0.522997 0.802586 -0.286929 -0.783857 0.58511 0.207878 3820.dat
1 14 -132.447 -224.816 105.666 0.625521 0.25238 0.73826 0.215432 0.853577 -0.474336 -0.749874 0.455753 0.47956 3626bp3j.dat
1 6 -125.885 -202.623 117.515 -0.295387 0.25238 -0.92144 -0.380554 0.853577 0.355787 0.876313 0.455753 -0.156091 4498.dat
1 8 -258.091 -48.424 142.093 -0.017129 -0.0676214 -0.997563 0.0728971 0.99497 -0.0686976 0.997192 -0.0738962 -0.0121134 2530.dat
1 6 -272.695 -30.887 95.064 0 -0.861632 -0.507534 0.173652 0.499823 -0.848541 0.984807 -0.0881341 0.149624 2562.dat
0 Assembly 4
1 2 -384 -28.692 20.7 1 0 0 0 0.97437 0.224951 0 -0.224951 0.97437 3815.dat
0 Assembly 4
1 2 -384 -17 18 1 0 0 0 0 1 0 -1 0 3816.dat
0 Assembly 4
1 2 -384 -17 18 1 0 0 0 0 1 0 -1 0 3817.dat
1 4 -377.234 -64.387 -6.557 0.576653 0.791717 -0.201624 -0.793192 0.601668 0.0940066 0.195737 0.105718 0.97494 2542.dat
1 4 -391.277 -66.398 -5.775 -0.527546 -0.754493 0.390423 -0.542938 0.652913 0.528127 -0.653381 0.0666359 -0.754088 2542.dat
1 15 -163 -96 -199 0 0 1 0 1 0 -1 0 0 6029B.DAT
1 4 -113 16 -199 0 0 -1 0 1 0 1 0 0 6021.dat
1 6 -170 -80 30 -1 0 0 0 1 0 0 0 -1 2561.dat
1 6 -155.676 -186.595 139.48 0.495771 0.346632 0.796277 0.42204 0.705178 -0.569742 -0.759008 0.618522 0.203314 4499.dat
1 0 -132.447 -224.816 105.666 0.625521 0.25238 0.73826 0.215432 0.853577 -0.474336 -0.749874 0.455753 0.47956 6025.dat
1 15 -135.429 -237.791 99.081 0.625521 0.25238 0.738259 0.215432 0.853577 -0.474336 -0.749874 0.455753 0.47956 6029a.dat
1 15 -182.47 -25.541 -225.537 0.710678 -0.586509 0.388513 0.245851 0.724475 0.643966 -0.65916 -0.362137 0.659062 2586p30.dat
1 6 -173.302 -85.321 -170.83 -0.209903 0.816167 -0.538341 0.920279 0.350873 0.173129 0.330192 -0.459084 -0.824751 4497.dat
1 6 -11 10 -188 0 -1 0 0 0 1 -1 0 0 2542.dat
1 6 -11 10 -208 0 -1 0 0 0 1 -1 0 0 2542.dat

0 WORLD  -704.1647 -164.5632 -622.3059 0.9973889 0.01871127 0.06963786 0.008994397 0.9259031 -0.3776103 -0.071545 0.3772468 0.9233403
0 CENTRE  0 0 0
0 LOOKAT  -1073 -231 0
0 ZOOM  65
0 ROTANGLE 0
0
