0  ROTATION CONFIG 0 0
0 Name: Enchanted Island.ldr
0 Author: MLCad

1  2 330 72 420 0 0 1 0 1 0 -1 0 0 6024.DAT
1  2 130 -72 340 0 0 1 0 1 0 -1 0 0 6064.DAT
1  2 650 64 180 0 0 1 0 1 0 -1 0 0 6064.DAT
1  0 650 -114 180 -1 0 0 0 0 -1 0 -1 0 3849.DAT
1  15 650 -142 180 1 0 0 0 1 0 0 0 1 4589.DAT
1  0 650 -150 180 0 0 1 0 1 0 -1 0 0 2555.DAT
1  2 1250 72 180 0 0 1 0 1 0 -1 0 0 6064.DAT
1  6 1230 64 680 0 0 1 0 1 0 -1 0 0 2563.DAT
1  6 1230 28 680 0 0 1 0 1 0 -1 0 0 2536.DAT
1  6 1230 -4 680 0 0 1 0 1 0 -1 0 0 2536.DAT
1  6 1230 -36 680 0 0 1 0 1 0 -1 0 0 2536.DAT
1  6 1230 -68 680 0 0 1 0 1 0 -1 0 0 2536.DAT
1  6 1230 -100 680 0 0 1 0 1 0 -1 0 0 2536.DAT
1  6 1230 -132 680 0 0 1 0 1 0 -1 0 0 2536.DAT
1  2 1230 -184 680 0 0 1 0 1 0 -1 0 0 2566.DAT
1  2 1240 -196 680 0 0 1 0 1 0 -1 0 0 2518.DAT
1  2 1220 -196 680 0 0 -1 0 1 0 1 0 0 2518.DAT
1  2 1230 -204 690 1 0 0 0 1 0 0 0 1 2518.DAT
1  2 1230 -204 670 -1 0 0 0 1 0 0 0 -1 2518.DAT
1  2 1230 -208 680 -1 0 0 0 1 0 0 0 -1 4032A.DAT
1  2 970 72 420 1 0 0 0 1 0 0 0 1 2359P02.DAT
1  0 850 -72 570 1 0 0 0 1 0 0 0 1 2454.DAT
1  0 910 -80 620 1 0 0 0 1 0 0 0 1 3036.DAT
1  0 910 -240 570 1 0 0 0 1 0 0 0 1 3460.DAT
1  0 840 -248 620 0 0 1 0 1 0 -1 0 0 3666.DAT
1  0 840 -256 600 0 0 1 0 1 0 -1 0 0 3023.DAT
1  0 840 -256 660 0 0 1 0 1 0 -1 0 0 3023.DAT
1  0 840 -280 660 0 0 1 0 1 0 -1 0 0 3004.DAT
1  0 840 -288 640 0 0 1 0 1 0 -1 0 0 3710.DAT
1  0 980 -288 640 0 0 1 0 1 0 -1 0 0 3710.DAT
1  0 980 -280 660 0 0 1 0 1 0 -1 0 0 3004.DAT
1  0 980 -312 660 0 0 1 0 1 0 -1 0 0 3004.DAT
1  0 840 -312 660 0 0 1 0 1 0 -1 0 0 3004.DAT
1  0 840 -328 660 0 0 1 0 1 0 -1 0 0 4531.DAT
1  0 980 -328 660 0 0 1 0 1 0 -1 0 0 4531.DAT
1  0 980 -343.6939 652.9815 0 0 1 0.544639 0.8386706 0 -0.8386706 0.544639 0 4275B.DAT
1  0 840 -343.6939 652.9815 0 0 1 0.544639 0.8386706 0 -0.8386706 0.544639 0 4275B.DAT
1  2 910 -350.4033 648.6244 1 0 0 0 0.8386706 -0.544639 0 0.544639 0.8386706 3034.DAT
1  2 910 -357.1126 644.2673 1 0 0 0 0.8386706 -0.544639 0 0.544639 0.8386706 4032A.DAT
1  2 980 -357.1126 644.2673 0 0 1 0.544639 0.8386706 0 -0.8386706 0.544639 0 2518.DAT
1  2 920 -363.822 639.9102 0 0 1 0.544639 0.8386706 0 -0.8386706 0.544639 0 2518.DAT
1  2 840 -357.1126 644.2673 0 0 1 0.544639 0.8386706 0 -0.8386706 0.544639 0 2518.DAT
1  2 980 -363.822 639.9102 0 0 1 0.544639 0.8386706 0 -0.8386706 0.544639 0 3023.DAT
1  2 840 -363.822 639.9102 0 0 1 0.544639 0.8386706 0 -0.8386706 0.544639 0 3023.DAT
1  2 910 -365.085 627.1664 -1 0 0 0 0.8386706 0.544639 0 0.544639 -0.8386706 3460.DAT
1  0 840 -280 600 0 0 1 0 1 0 -1 0 0 3004.DAT
1  0 980 -280 600 0 0 1 0 1 0 -1 0 0 3004.DAT
1  0 980 -256 600 0 0 1 0 1 0 -1 0 0 3023.DAT
1  0 880 -248 620 0 0 1 0 1 0 -1 0 0 3666.DAT
1  0 980 -248 620 0 0 1 0 1 0 -1 0 0 3666.DAT
1  0 930 -248 620 0 0 1 0 1 0 -1 0 0 3795.DAT
1  0 910 -240 670 1 0 0 0 1 0 0 0 1 3460.DAT
1  4 940 -88 570 1 0 0 0 1 0 0 0 1 4085A.DAT
1  4 960 -112 570 1 0 0 0 1 0 0 0 1 3622.DAT
1  4 840 -88 620 0 0 1 0 1 0 -1 0 0 3666.DAT
1  4 840 -112 620 0 0 1 0 1 0 -1 0 0 3009.DAT
1  4 840 -232 570 0 0 1 0 1 0 -1 0 0 2453.DAT
1  4 840 -232 670 0 0 1 0 1 0 -1 0 0 2453.DAT
1  4 980 -232 570 0 0 1 0 1 0 -1 0 0 2453.DAT
1  6 980 -128 550 -1 0 0 0 1 0 0 0 -1 4497.DAT
1  6 960 -128 550 -1 0 0 0 1 0 0 0 -1 4497.DAT
1  4 940 -232 570 0 0 1 0 1 0 -1 0 0 2453.DAT
1  4 970 -232 670 1 0 0 0 1 0 0 0 1 2454.DAT
1  0 840 -136 620 0 0 1 0 1 0 -1 0 0 3701.DAT
1  0 820 -136 620 0 0 1 0 1 0 -1 0 0 3701.DAT
1  6 670 -160 620 0 0 1 0 1 0 -1 0 0 2549.DAT
1  7 830 -126 620 1 0 0 0 1 0 0 0 1 43093.DAT
1  4 960 -88 570 1 0 0 0 1 0 0 0 1 4085A.DAT
1  4 980 -88 570 1 0 0 0 1 0 0 0 1 4085A.DAT
1  0 980 -88 660 0 0 -1 0 1 0 1 0 0 2540.DAT
1  4 980 -96 660 0 0 -1 0 1 0 1 0 0 3023.DAT
1  4 980 -104 660 0 0 -1 0 1 0 1 0 0 3023.DAT
1  0 950 -112 660 -1 0 0 0 1 0 0 0 -1 3020.DAT
1  6 1000 -86 660 0 -1 0 0 0 1 -1 0 0 6020.DAT
1  0 980 -256 660 0 0 -1 0 1 0 1 0 0 2540.DAT
1  6 1000 -254 660 0 -1 0 0 0 1 -1 0 0 6020.DAT
1  4 920 -104 660 0 0 -1 0 1 0 1 0 0 3004.DAT
1  0 850 -72 670 1 0 0 0 1 0 0 0 1 2454.DAT
1  0 940 -72 570 1 0 0 0 1 0 0 0 1 3005.DAT
1  7 980 -72 640 0 0 1 0 1 0 -1 0 0 3659.DAT
1  7 750 64 670 1 0 0 0 1 0 0 0 1 3460.DAT
1  7 850 64 710 0 0 1 0 1 0 -1 0 0 3021.DAT
1  7 650 64 680 0 0 1 0 1 0 -1 0 0 3022.DAT
1  2 650 64 190 0 0 1 0 1 0 -1 0 0 3021.DAT
1  7 850 48 670 1 0 0 0 1 0 0 0 1 3004.DAT
1  7 990 48 610 1 0 0 0 1 0 0 0 1 3004.DAT
1  0 980 -48 670 1 0 0 0 1 0 0 0 1 2453.DAT
1  7 960 -72 590 1 0 0 0 1 0 0 0 1 2345.DAT
1  7 1220 -144 350 1 0 0 0 1 0 0 0 1 2345.DAT
1  7 1190 -144 330 1 0 0 0 1 0 0 0 1 3004.DAT
1  7 1190 -152 330 1 0 0 0 1 0 0 0 1 3023.DAT
1  7 1190 -160 350 1 0 0 0 1 0 0 0 1 2419.DAT
1  0 1190 -168 360 1 0 0 0 1 0 0 0 1 3680.DAT
1  7 1190 -168 360 1 0 0 0 1 0 0 0 1 3679.DAT
1  7 1190 -176 360 1 0 0 0 1 0 0 0 1 3020.DAT
1  7 1190 -200 370 1 0 0 0 1 0 0 0 1 3010.DAT
1  7 1180 -208 350 0 0 1 0 1 0 -1 0 0 6091.DAT
1  7 1190 -232 350 1 0 0 0 1 0 0 0 1 6091.DAT
1  7 1190 -232 350 1 0 0 0 1 0 0 0 1 3024.DAT
1  7 1190 -240 350 1 0 0 0 1 0 0 0 1 3024.DAT
1  7 1190 -248 370 1 0 0 0 1 0 0 0 1 3024.DAT
1  7 1260 -256 370 1 0 0 0 1 0 0 0 1 3024.DAT
1  7 1120 -256 370 1 0 0 0 1 0 0 0 1 3024.DAT
1  7 1200 -208 350 0 0 -1 0 1 0 1 0 0 6091.DAT
1  7 1190 -208 350 1 0 0 0 1 0 0 0 1 3794A.DAT
1  7 1190 -256 360 0 0 1 0 1 0 -1 0 0 3794A.DAT
1  7 1190 -264 360 0 0 1 0 1 0 -1 0 0 2555.DAT
1  7 1190 -240 370 1 0 0 0 1 0 0 0 1 3794A.DAT
1  7 1190 -216 350 1 0 0 0 1 0 0 0 1 3623.DAT
1  7 1190 -248 350 1 0 0 0 1 0 0 0 1 3623.DAT
1  7 1170 -240 350 1 0 0 0 1 0 0 0 1 4070.DAT
1  7 1210 -240 350 1 0 0 0 1 0 0 0 1 4070.DAT
1  7 1190 -232 370 1 0 0 0 1 0 0 0 1 3710.DAT
1  0 1190 -224 370 1 0 0 0 1 0 0 0 1 3004.DAT
1  7 1160 -224 370 0 0 1 0 1 0 -1 0 0 4287.DAT
1  7 1260 -248 370 0 0 1 0 1 0 -1 0 0 3040B.DAT
1  7 1120 -248 370 0 0 -1 0 1 0 1 0 0 3040B.DAT
1  7 1220 -224 370 0 0 -1 0 1 0 1 0 0 4287.DAT
1  7 1160 -144 350 0 0 1 0 1 0 -1 0 0 2345.DAT
1  7 890 48 570 1 0 0 0 1 0 0 0 1 3009.DAT
1  7 1190 48 350 1 0 0 0 1 0 0 0 1 3009.DAT
1  7 1140 48 330 1 0 0 0 1 0 0 0 1 3040B.DAT
1  7 1240 48 330 1 0 0 0 1 0 0 0 1 3040B.DAT
1  7 1190 48 240 1 0 0 0 1 0 0 0 1 3003.DAT
1  7 1190 48 480 1 0 0 0 1 0 0 0 1 3003.DAT
1  7 1150 48 380 1 0 0 0 1 0 0 0 1 3001.DAT
1  0 1020 64 470 0 0 1 0 1 0 -1 0 0 3623.DAT
1  0 1020 56 470 1 0 0 0 1 0 0 0 1 3623.DAT
1  0 1020 48 470 -0.707107 0 0.707107 0 1 0 -0.707107 0 -0.707107 4085A.DAT
1  38 1005.858 48 484.1422 0.707107 -0.707107 0 0 0 -1 0.707107 0.707107 0 6126.DAT
1  0 1020 24 470 -0.707107 0 0.707107 0 1 0 -0.707107 0 -0.707107 4529.DAT
1  46 1000 64 470 0 0 1 0 1 0 -1 0 0 3024.DAT
1  46 1020 56 450 0 0 1 0 1 0 -1 0 0 3024.DAT
1  7 1230 48 380 1 0 0 0 1 0 0 0 1 3001.DAT
1  7 1230 24 370 0 0 1 0 1 0 -1 0 0 3002.DAT
1  7 1230 0 370 -1 0 0 0 1 0 0 0 -1 3004.DAT
1  7 1190 0 350 -1 0 0 0 1 0 0 0 -1 3009.DAT
1  7 1130 0 380 -1 0 0 0 1 0 0 0 -1 3831.DAT
1  7 1130 0 380 1 0 0 0 1 0 0 0 1 3830.DAT
1  7 1190 -24 390 1 0 0 0 1 0 0 0 1 3009.DAT
1  7 1160 -48 390 0.707107 0 -0.707107 0 1 0 0.707107 0 0.707107 3005.DAT
1  7 1220 -48 390 0.707107 0 -0.707107 0 1 0 0.707107 0 0.707107 3005.DAT
1  7 1160 -96 390 0.707107 0 -0.707107 0 1 0 0.707107 0 0.707107 3005.DAT
1  7 1220 -96 390 0.707107 0 -0.707107 0 1 0 0.707107 0 0.707107 3005.DAT
1  7 1190 -72 390 1 0 0 0 1 0 0 0 1 3009.DAT
1  7 1190 -120 390 1 0 0 0 1 0 0 0 1 3009.DAT
1  0 1210 -128 370 1 0 0 0 1 0 0 0 1 3710.DAT
1  0 1130 -128 380 -1 0 0 0 1 0 0 0 -1 2429.DAT
1  0 1130 -128 380 1 0 0 0 1 0 0 0 1 2430.DAT
1  7 1190 0 300 0 0 -1 0 1 0 1 0 0 3001.DAT
1  7 1190 -24 330 1 0 0 0 1 0 0 0 1 3004.DAT
1  7 1140 -24 370 1 0 0 0 1 0 0 0 1 3005.DAT
1  7 1240 -24 370 1 0 0 0 1 0 0 0 1 3005.DAT
1  7 1150 24 360 0 0 1 0 1 0 -1 0 0 3003.DAT
1  7 1190 24 390 -1 0 0 0 1 0 0 0 -1 3660.DAT
1  7 1190 24 250 -1 0 0 0 1 0 0 0 -1 3660.DAT
1  7 1190 24 350 1 0 0 0 1 0 0 0 1 3660.DAT
1  7 1190 24 470 1 0 0 0 1 0 0 0 1 3660.DAT
1  7 1190 16 420 0 0 1 0 1 0 -1 0 0 3020.DAT
1  7 1230 16 390 -1 0 0 0 1 0 0 0 -1 3023.DAT
1  7 1210 8 390 -1 0 0 0 1 0 0 0 -1 3710.DAT
1  7 1210 0 390 -1 0 0 0 1 0 0 0 -1 2431.DAT
1  7 1150 40 390 1 0 0 0 1 0 0 0 1 3023.DAT
1  7 1150 32 390 1 0 0 0 1 0 0 0 1 3023.DAT
1  7 1150 24 390 1 0 0 0 1 0 0 0 1 3069B.DAT
1  0 160 -24 170 0 0 1 0 1 0 -1 0 0 3062B.DAT
1  0 100 -24 170 0 0 1 0 1 0 -1 0 0 3062B.DAT
1  0 160 -48 170 0 0 1 0 1 0 -1 0 0 3062B.DAT
1  0 100 -48 170 0 0 1 0 1 0 -1 0 0 3062B.DAT
1  0 160 -72 170 0 0 1 0 1 0 -1 0 0 3062B.DAT
1  0 130 -80 220 0 0 1 0 1 0 -1 0 0 3032.DAT
1  4 130 -104 180 0 0 1 0 1 0 -1 0 0 3941.DAT
1  1 130 -112 180 0 0 1 0 1 0 -1 0 0 4032A.DAT
1  15 130 -120 180 0 0 1 0 1 0 -1 0 0 4150P30.DAT
1  7 450 -80 620 -1 0 0 0 1 0 0 0 -1 3032.DAT
1  7 490 -104 620 0 0 -1 0 1 0 1 0 0 3001.DAT
1  0 500 -112 620 0 0 -1 0 1 0 1 0 0 3710.DAT
1  0 500 -136 620 0 0 -1 0 1 0 1 0 0 3701.DAT
1  0 520 -136 620 0 0 -1 0 1 0 1 0 0 3701.DAT
1  7 510 -126 620 1 0 0 0 1 0 0 0 1 4459.DAT
1  7 500 -126 640 1 0 0 0 1 0 0 0 1 32054.DAT
1  0 460 -104 580 0 0 -1 0 1 0 1 0 0 3004.DAT
1  0 440 -224 550 1 0 0 0 1 0 0 0 1 2345.DAT
1  7 380 -224 490 1 0 0 0 1 0 0 0 1 2345.DAT
1  7 440 -200 510 1 0 0 0 1 0 0 0 1 2453.DAT
1  7 410 -224 510 1 0 0 0 1 0 0 0 1 3010.DAT
1  0 360 -224 500 0 0 -1 0 1 0 1 0 0 3004.DAT
1  7 290 -224 470 1 0 0 0 1 0 0 0 1 3004.DAT
1  7 360 -224 450 1 0 0 0 1 0 0 0 1 2357.DAT
1  7 320 -224 440 1 0 0 0 1 0 0 0 1 3002.DAT
1  0 280 -224 450 0 0 1 0 1 0 -1 0 0 2345.DAT
1  0 320 -200 450 0 0 1 0 1 0 -1 0 0 2339.DAT
1  0 260 -296 470 0 0 -1 0 1 0 1 0 0 2339.DAT
1  0 200 -304 470 -1 0 0 0 1 0 0 0 -1 3623.DAT
1  2 180 -296 470 0 0 1 0 1 0 -1 0 0 2417.DAT
1  0 440 -352 590 1 0 0 0 1 0 0 0 1 2339.DAT
1  0 440 -360 650 0 0 -1 0 1 0 1 0 0 3623.DAT
1  0 440 -304 550 1 0 0 0 1 0 0 0 1 4460.DAT
1  0 440 -328 570 0 0 1 0 1 0 -1 0 0 4490.DAT
1  0 440 -352 590 0 0 1 0 1 0 -1 0 0 3622.DAT
1  2 440 -352 670 -1 0 0 0 1 0 0 0 -1 2423.DAT
1  0 320 -200 410 -1 0 0 0 1 0 0 0 -1 2339.DAT
1  0 320 -208 350 0 0 -1 0 1 0 1 0 0 3623.DAT
1  7 320 -176 430 0 0 -1 0 1 0 1 0 0 4490.DAT
1  0 320 -200 410 0 0 -1 0 1 0 1 0 0 3622.DAT
1  0 330 -200 450 1 0 0 0 1 0 0 0 1 3004.DAT
1  0 480 -128 590 0 0 1 0 1 0 -1 0 0 3040B.DAT
1  0 250 -104 470 1 0 0 0 1 0 0 0 1 3004.DAT
1  0 410 -104 520 0 0 -1 0 1 0 1 0 0 3003.DAT
1  7 410 -104 440 0 0 -1 0 1 0 1 0 0 3003.DAT
1  7 400 -112 440 0 0 1 0 1 0 -1 0 0 4276B.DAT
1  7 420 -112 440 0 0 1 0 1 0 -1 0 0 4276B.DAT
1  0 400 -82.50124 393.6963 0 0 -1 -0.906308 0.422618 0 0.422618 0.906308 0 4275A.DAT
1  0 420 -82.50124 393.6963 0 0 -1 -0.906308 0.422618 0 0.422618 0.906308 0 4275A.DAT
1  2 440 -80.192 390.071 0 0 1 0.906308 0.422618 0 -0.422618 0.906308 0 6148.DAT
1  2 380 -80.192 390.071 0 0 1 0.906308 0.422618 0 -0.422618 0.906308 0 6148.DAT
1  0 410 -76.81106 397.321 1 0 0 0 0.422618 -0.906308 0 0.906308 0.422618 3020.DAT
1  0 410 -92.636 387.047 1 0 0 0 0.422618 -0.906308 0 0.906308 0.422618 3710.DAT
1  7 440 -104 440 0 0 -1 0 1 0 1 0 0 3039.DAT
1  7 340 -104 460 1 0 0 0 1 0 0 0 1 3002.DAT
1  0 320 -104 430 -1 0 0 0 1 0 0 0 -1 2357.DAT
1  0 360 -200 570 0 0 -1 0 1 0 1 0 0 2453.DAT
1  0 410 -224 570 1 0 0 0 1 0 0 0 1 3009.DAT
1  0 390 -232 540 1 0 0 0 1 0 0 0 1 3958.DAT
1  7 340 -240 590 1 0 0 0 1 0 0 0 1 3024.DAT
1  7 340 -256 590 1 0 0 0 1 0 0 0 1 3024.DAT
1  0 340 -248 590 0 0 -1 0 1 0 1 0 0 4085A.DAT
1  38 360 -252 590 0 1 0 0 0 -1 -1 0 0 6126.DAT
1  0 440 -240 590 0 0 1 0 1 0 -1 0 0 2420.DAT
1  0 440 -256 590 0 0 1 0 1 0 -1 0 0 2420.DAT
1  0 440 -248 580 0 0 1 0 1 0 -1 0 0 3023.DAT
1  0 330 -232 440 1 0 0 0 1 0 0 0 1 3032.DAT
1  0 290 -248 450 1 0 0 0 1 0 0 0 1 3023.DAT
1  0 280 -256 470 -1 0 0 0 1 0 0 0 -1 2420.DAT
1  0 290 -248 470 -1 0 0 0 1 0 0 0 -1 2540.DAT
1  6 290 -246 490 1 0 0 0 0 1 0 -1 0 6020.DAT
1  7 290 -240 460 1 0 0 0 1 0 0 0 1 3022.DAT
1  0 340 -256 510 1 0 0 0 1 0 0 0 1 4286.DAT
1  7 400 -256 470 1 0 0 0 1 0 0 0 1 2462.DAT
1  7 380 -256 410 0 0 -1 0 1 0 1 0 0 2357.DAT
1  7 280 -256 430 0 0 1 0 1 0 -1 0 0 2462.DAT
1  2 260 -264 460 0 0 1 0 1 0 -1 0 0 3023.DAT
1  0 340 -376 550 0 0 1 0 1 0 -1 0 0 4444.DAT
1  0 390 -376 590 -1 0 0 0 1 0 0 0 -1 3455.DAT
1  2 390 -384 580 -1 0 0 0 1 0 0 0 -1 3795.DAT
1  2 390 -421.3923 569.9807 -1 0 0 0 0.8660254 0.4999999 0 0.4999999 -0.8660254 3795.DAT
1  2 400 -428.3205 565.9807 -1 0 0 0 0.8660254 0.4999999 0 0.4999999 -0.8660254 3021.DAT
1  2 370 -435.2487 561.9807 -1 0 0 0 0.8660254 0.4999999 0 0.4999999 -0.8660254 4032A.DAT
1  2 430 -435.2487 561.9807 -1 0 0 0 0.8660254 0.4999999 0 0.4999999 -0.8660254 4032A.DAT
1  0 440 -400 580 0 0 1 0 1 0 -1 0 0 4531.DAT
1  0 340 -400 580 0 0 1 0 1 0 -1 0 0 4531.DAT
1  0 340 -414.4641 573.9807 0 0 1 0.4999999 0.8660254 0 -0.8660254 0.4999999 0 4275B.DAT
1  0 440 -414.4641 573.9807 0 0 1 0.4999999 0.8660254 0 -0.8660254 0.4999999 0 4275B.DAT
1  0 440 -376 570 -1 0 0 0 1 0 0 0 -1 3005.DAT
1  7 270 -80 460 -1 0 0 0 1 0 0 0 -1 3035.DAT
1  7 410 -80 500 0 0 -1 0 1 0 1 0 0 3036.DAT
1  0 160 -88 230 0 0 -1 0 1 0 1 0 0 4085A.DAT
1  6 180 -98 230 0 1 0 0 0 1 1 0 0 3849.DAT
1  15 180 -240 230 0.707107 0 0.707107 0 1 0 -0.707107 0 0.707107 4495A.DAT
1  0 160 -88 200 0 0 -1 0 1 0 1 0 0 2540.DAT
1  6 180 -86 200 0 -0.996195 0.0871557 0 0.0871557 0.996195 -1 0 0 6020.DAT
1  0 100 -72 170 0 0 1 0 1 0 -1 0 0 3062B.DAT
1  7 470 48 480 0 0 1 0 1 0 -1 0 0 3001.DAT
1  6 430 40 480 0 0 1 0 1 0 -1 0 0 4738A.DAT
1  6 430 24 480 0 0 1 0 1 0 -1 0 0 4739.DAT
1  7 460 24 460 0 0 1 0 1 0 -1 0 0 3010.DAT
1  7 470 0 470 0 0 1 0 1 0 -1 0 0 3002.DAT
1  7 460 -24 500 0 0 1 0 1 0 -1 0 0 3008.DAT
1  7 470 -48 500 0 0 1 0 1 0 -1 0 0 3003.DAT
1  7 410 -72 430 -1 0 0 0 1 0 0 0 -1 3307.DAT
1  0 480 24 490 0 0 1 0 1 0 -1 0 0 3005.DAT
1  7 360 0 450 0 0 1 0 1 0 -1 0 0 2449.DAT
1  7 350 -24 480 0 0 1 0 1 0 -1 0 0 2456.DAT
1  7 340 -48 460 0 0 1 0 1 0 -1 0 0 3004.DAT
1  7 340 -72 460 0 0 1 0 1 0 -1 0 0 3004.DAT
1  7 470 -72 510 -1 0 0 0 1 0 0 0 -1 3004.DAT
1  0 260 -72 450 0 0 1 0 1 0 -1 0 0 2449.DAT
1  4 180 -96 510 0 0 1 0 1 0 -1 0 0 3062B.DAT
1  0 170 -104 480 0 0 1 0 1 0 -1 0 0 3020.DAT
1  14 160 -144 490 0 0 1 0 1 0 -1 0 0 2343.DAT
1  4 160 -96 510 0 0 1 0 1 0 -1 0 0 3062B.DAT
1  4 180 -96 450 0 0 1 0 1 0 -1 0 0 3062B.DAT
1  4 160 -96 450 0 0 1 0 1 0 -1 0 0 3062B.DAT
1  0 460 -48 510 0 0 1 0 1 0 -1 0 0 2339.DAT
1  0 160 -96 210 0 0 1 0 1 0 -1 0 0 3623.DAT
1  0 520 -56 510 -1 0 0 0 1 0 0 0 -1 3623.DAT
1  2 530 -48 510 1 0 0 0 1 0 0 0 1 6148.DAT
1  2 390 -200 450 1 0 0 0 1 0 0 0 1 6148.DAT
1  2 440 -428.3205 565.9807 0 0 1 0.4999999 0.8660254 0 -0.8660254 0.4999999 0 6148.DAT
1  2 360 -428.3205 565.9807 0 0 1 0.4999999 0.8660254 0 -0.8660254 0.4999999 0 6148.DAT
1  2 320 -200 330 1 0 0 0 1 0 0 0 1 2417.DAT
1  2 280 -220 330 0 0 1 0 -1 0 1 0 0 2488C01.DAT
1  2 560 -268 550 0 0 1 0 -1 0 1 0 0 2488C01.DAT
1  2 520 -248 590 0 0 1 0 1 0 -1 0 0 2417.DAT
1  7 520 48 510 0 0 -1 0 1 0 1 0 0 2357.DAT
1  7 1190 -152 370 1 0 0 0 1 0 0 0 1 3010.DAT
1  7 1120 -152 350 -1 0 0 0 1 0 0 0 -1 2462.DAT
1  7 1100 -160 330 0.8660254 0 0.5 0 1 0 -0.5 0 0.8660254 4085A.DAT
1  7 1280 -160 330 0.8660254 0 -0.5 0 1 0 0.5 0 0.8660254 4085A.DAT
1  38 1090 -160 312.6795 0.8660254 0.5 0 0 0 -1 -0.5 0.8660254 0 6126.DAT
1  38 1290 -160 312.6795 0.8660254 -0.5 0 0 0 -1 0.5 0.8660254 0 6126.DAT
1  7 1260 -152 350 0 0 -1 0 1 0 1 0 0 2462.DAT
1  7 1210 -256 350 0 0 -1 0 1 0 1 0 0 6019.DAT
1  7 1170 -256 350 0 0 1 0 1 0 -1 0 0 6019.DAT
1  0 980 -371.7943 622.8093 0 0 -1 -0.544639 0.8386706 0 0.8386706 0.544639 0 6019.DAT
1  0 840 -371.7943 622.8093 0 0 1 0.544639 0.8386706 0 -0.8386706 0.544639 0 6019.DAT
1  14 1020 32 470 -0.707107 0 0.707107 0 1 0 -0.707107 0 -0.707107 4073.DAT
1  4 560 -248 630 0 0 -1 0 1 0 1 0 0 2546P01.DAT
1  15 820 -369.5724 623.0599 0 0 1 0.544639 0.8386706 0 -0.8386706 0.544639 0 6029A.DAT
1  15 1000 -370.6616 624.7372 0 0 1 0.544639 0.8386706 0 -0.8386706 0.544639 0 6029A.DAT
1  15 1150 -254 351 0 0 1 0 1 0 -1 0 0 6029A.DAT
1  15 1230 -254 351 0 0 1 0 1 0 -1 0 0 6029A.DAT
1  15 1190 -270 360 1 0 0 0 1 0 0 0 1 6029B.DAT
1  15 651 -156 180 1 0 0 0 1 0 0 0 1 6029A.DAT
1  15 960 -98 550 1 0 0 0 1 0 0 0 1 2586P30.DAT
1  4 925.6691 64 246.0883 -0.7071068 0 0.7071068 0 1 0 -0.7071068 0 -0.7071068 6021.DAT
1  0 918.598 40 253.1594 -0.7071068 0 -0.7071068 0 1 0 0.7071068 0 -0.7071068 3002.DAT
1  4 918.598 32 253.1594 0.7071068 0 -0.7071068 0 1 0 0.7071068 0 0.7071068 3023.DAT
1  0 918.598 32 281.4437 0.7071068 0 -0.7071068 0 1 0 0.7071068 0 0.7071068 3666.DAT
1  0 946.8823 32 253.1594 0.7071068 0 -0.7071068 0 1 0 0.7071068 0 0.7071068 3666.DAT
1  4 975.1666 40 295.5858 0.7071068 0 0.7071068 0 1 0 -0.7071068 0 0.7071068 3666.DAT
1  4 968.0955 48 302.6569 0.7071068 0 0.7071068 0 1 0 -0.7071068 0 0.7071068 3622.DAT
1  4 939.8112 48 330.9411 -0.7071068 0 0.7071068 0 1 0 -0.7071068 0 -0.7071068 3665.DAT
1  4 996.3798 48 274.3726 0.7071068 0 -0.7071068 0 1 0 0.7071068 0 0.7071068 3665.DAT
1  4 925.6691 40 345.0833 -0.7071068 0 0.7071068 0 1 0 -0.7071068 0 -0.7071068 4081B.DAT
0 Assembly 2
1  7 925.6691 24 246.0883 0.7071068 0 -0.7071068 0 1 0 0.7071068 0 0.7071068 3679.DAT
0 Assembly 2
1  0 925.6691 24 246.0883 0.7071068 0 -0.7071068 0 1 0 0.7071068 0 0.7071068 3680.DAT
1  0 968.0955 24 274.3726 0.7071068 0 -0.7071068 0 1 0 0.7071068 0 0.7071068 4085A.DAT
1  6 982.2376 66 260.2305 0.7071068 0 0.7071068 0 -1 0 0.7071068 0 -0.7071068 2542.DAT
1  0 925.6691 -56 246.0883 0.7071068 0 -0.7071068 0 1 0 0.7071068 0 0.7071068 4318.DAT
1  0 912.2886 -69.57939 259.4688 0.7071068 -0.4639038 -0.5336603 0 0.7547095 -0.656059 0.7071068 0.4639037 0.5336602 2375.DAT
1  0 940.7819 -67.85136 230.9756 -0.7071068 0.2988362 0.6408564 0 0.9063078 -0.4226182 -0.7071068 -0.2988362 -0.6408563 4319.DAT
1  6 352.5154 56 178.1538 -0.8660252 0 -0.4999999 0 1 0 0.4999999 0 -0.8660252 2551.DAT
1  4 338.4962 48 93.87181 0.4999999 0 -0.8660251 0 1 0 0.8660251 0 0.4999999 3023.DAT
1  4 286.5347 48 123.8718 0.4999999 0 -0.8660251 0 1 0 0.8660251 0 0.4999999 3023.DAT
1  4 326.5347 48 193.1538 0.4999999 0 -0.8660251 0 1 0 0.8660251 0 0.4999999 3023.DAT
1  4 378.4962 48 163.1538 0.4999999 0 -0.8660251 0 1 0 0.8660251 0 0.4999999 3023.DAT
1  4 352.5154 40 178.1538 0.8660251 0 0.4999999 0 1 0 -0.4999999 0 0.8660251 3020.DAT
1  4 312.5154 40 108.8718 0.8660251 0 0.4999999 0 1 0 -0.4999999 0 0.8660251 3020.DAT
1  0 382.5154 32 230.1153 0.8660251 0 0.4999999 0 1 0 -0.4999999 0 0.8660251 3003.DAT
1  0 382.5154 -56 230.1153 0.8660251 0 0.4999999 0 1 0 -0.4999999 0 0.8660251 4318.DAT
0 Assembly 6
1  7 382.5154 24 230.1153 0.8660251 0 0.4999999 0 1 0 -0.4999999 0 0.8660251 3679.DAT
0 Assembly 6
1  0 382.5154 24 230.1153 0.8660251 0 0.4999999 0 1 0 -0.4999999 0 0.8660251 3680.DAT
1  0 427.5154 8 308.0576 -0.8660252 0 -0.4999999 0 1 0 0.4999999 0 -0.8660252 3849.DAT
1  0 370.5154 -64 209.3307 -0.866025 0 -0.4999999 0 1 0 0.4999999 0 -0.866025 4319.DAT
1  0 382.5154 -208 230.1153 0.8660251 0 0.4999999 0 1 0 -0.4999999 0 0.8660251 3957A.DAT
1  15 382.5154 -288 230.1153 -0.866025 0 -0.4999999 0 1 0 0.4999999 0 -0.866025 2335P30.DAT
0 Assembly 9
1  2 714.4749 40 448.9858 0.3826831 0 0.9238794 0 1 0 -0.9238794 0 0.3826831 6026.DAT
0 Assembly 9
1  2 677.5197 54 433.6785 0.3826831 -0.04029907 0.9229999 0 0.999048 0.0436194 -0.9238794 -0.01669241 0.3823188 6027.DAT
0 Assembly 9
1  2 765.2883 45 470.0334 0.3826831 0 0.9238794 0 1 0 -0.9238794 0 0.3826831 6028.DAT
1  4 732.9525 24 456.6395 -0.9238793 0 0.382683 0 1 0 -0.382683 0 -0.9238793 3795.DAT
1  1 705.2361 16 445.159 -0.382683 0 -0.9238793 0 1 0 0.9238793 0 -0.382683 3023.DAT
1  1 751.4301 16 464.2931 -0.382683 0 -0.9238793 0 1 0 0.9238793 0 -0.382683 3022.DAT
1  4 779.1464 16 475.7736 -0.382683 0 -0.9238793 0 1 0 0.9238793 0 -0.382683 3839B.DAT
1  4 686.7585 16 437.5053 0.382683 0 0.9238793 0 1 0 -0.9238793 0 0.382683 3839B.DAT
1  1 723.7137 16 452.8126 0.382683 0 0.9238793 0 1 0 -0.9238793 0 0.382683 3069B.DAT
1  4 769.9077 8 471.9468 -0.382683 0 -0.9238793 0 1 0 0.9238793 0 -0.382683 3022.DAT
1  4 695.9973 8 441.3322 -0.382683 0 -0.9238793 0 1 0 0.9238793 0 -0.382683 3022.DAT
1  0 764.4957 0 458.8812 0.9238793 0 -0.382683 0 1 0 0.382683 0 0.9238793 6019.DAT
1  0 756.842 0 477.3588 -0.9238793 0 0.382683 0 1 0 -0.382683 0 -0.9238793 6019.DAT
1  15 756.842 -24 477.3588 -0.9238793 0 0.382683 0 1 0 -0.382683 0 -0.9238793 4589.DAT
1  15 764.4957 -24 458.8812 -0.9238793 0 0.382683 0 1 0 -0.382683 0 -0.9238793 4589.DAT
1  0 760.6688 -32 468.12 -0.382683 0 -0.9238793 0 1 0 0.9238793 0 -0.382683 3794B.DAT
1  15 760.6688 -40 468.12 0.9238793 0 -0.382683 0 1 0 0.382683 0 0.9238793 2555.DAT
1  15 760.6688 -46 468.12 0.382683 0 0.9238793 0 1 0 -0.9238793 0 0.382683 6029B.DAT
1  0 732.9525 32 456.6395 -0.9238793 0 0.382683 0 1 0 -0.382683 0 -0.9238793 4032A.DAT
1  6 70 -8 520 0 0 1 0 1 0 -1 0 0 2563.DAT
1  6 70 -44 520 0 0 1 0 1 0 -1 0 0 2536.DAT
1  6 70 -76 520 0 0 1 0 1 0 -1 0 0 2536.DAT
1  6 70 -108 520 0 0 1 0 1 0 -1 0 0 2536.DAT
1  6 70 -144 520 0 0 1 0 1 0 -1 0 0 2536.DAT
1  2 70 -184 520 0 0 1 0 1 0 -1 0 0 2566.DAT
1  2 70 -212 520 -1 0 0 0 1 0 0 0 -1 4032A.DAT
1  2 70 -204 510 -1 0 0 0 1 0 0 0 -1 6148.DAT
1  2 80 -196 520 0 0 1 0 1 0 -1 0 0 6148.DAT
1  2 70 -204 530 1 0 0 0 1 0 0 0 1 6148.DAT
1  2 60 -196 520 0 0 -1 0 1 0 1 0 0 6148.DAT
1  2 70 -236 520 -1 0 0 0 1 0 0 0 -1 3062B.DAT
1  2 1230 -232 680 -1 0 0 0 1 0 0 0 -1 3062B.DAT
0 Assembly 12
1  7 359.3322 20.40466 189.9609 0.8660251 -0.2347358 0.4414737 0 0.8829476 0.4694715 -0.4999999 -0.4065743 0.7646548 3815.DAT
0 Assembly 12
1  7 356.5154 31 185.082 0.8660251 -0.4999999 0 0 0 1 -0.4999999 -0.8660251 0 3817.DAT
0 Assembly 12
1  7 356.5154 31 185.082 0.8660251 -0.4999999 0 0 0 1 -0.4999999 -0.8660251 0 3816.DAT
1  14 366.8438 -7.84967 202.9713 0.8660251 -0.2347358 0.4414738 0 0.8829476 0.4694715 -0.4999999 -0.4065743 0.764655 973P31.DAT
1  14 378.2499 0.06512451 191.5265 0.8936299 -0.1113807 0.4347634 -0.1533261 0.8346661 0.5289834 -0.4218007 -0.5393761 0.7288054 3819.DAT
1  14 351.2293 0.0651474 207.1269 0.8121052 -0.4587833 0.3605584 0.1533253 0.763978 0.6267608 -0.5630058 -0.4537132 0.690774 3818.DAT
1  14 334.9284 7.533098 194.5285 0.5359319 -0.6140979 0.5793619 0.7934203 0.6008905 -0.09702721 -0.2885489 0.5116777 0.8092746 3820.DAT
1  14 376.3091 9.836926 172.0085 0.4731679 0.7918178 0.3861819 -0.7880903 0.5763611 -0.2161503 -0.3937318 -0.2020708 0.8967398 3820.DAT
1  14 372.4775 -29.04042 212.7292 0.9245412 -0.2347358 -0.3002033 0.3319664 0.8829476 0.3319665 0.1871393 -0.4065743 0.8942462 3626BP35.DAT
1  1 372.4775 -29.04042 212.7292 0.9245412 -0.2347358 -0.3002033 0.3319664 0.8829476 0.3319665 0.1871393 -0.4065743 0.8942462 2543.DAT
1  4 346.1075 -3.521162 162.4515 0.4511407 0.8632893 -0.22628 -0.7960657 0.503881 0.3352338 0.4034216 0.02889625 0.9145573 2542.DAT
1  4 344.0052 -9.734355 163.9071 -0.2132433 -0.4494717 -0.8674683 -0.8257541 0.5574564 -0.08585227 0.5221636 0.6980093 -0.4900273 2542.DAT
1  8 297.0155 32 82.02496 0.8660251 0 0.4999999 0 1 0 -0.4999999 0 0.8660251 2530.DAT
0 Assembly 16
1  0 540 -40 200 0 0 -1 0 1 0 1 0 0 3815.DAT
0 Assembly 16
1  0 540 -28 200 0 0 -1 0 1 0 1 0 0 3817.DAT
0 Assembly 16
1  6 540 -28 200 0 0 -1 0 1 0 1 0 0 2532.DAT
1  14 540 -72 200 0 0 -1 0 1 0 1 0 0 973P3A.DAT
1  14 540 -63.03589 215.6004 0 0.6427875 -0.7660445 -0.173652 0.754406 0.6330217 0.9848071 0.1330252 0.1116213 3819.DAT
1  14 540 -63.03591 184.3996 0 0 -1 0.1736517 0.9848071 0 0.9848071 -0.1736517 0 3818.DAT
1  14 549.8995 -45.29131 176.1935 0 -0.7071068 -0.7071067 0.1736517 0.6963637 -0.6963639 0.9848071 -0.1227903 0.1227903 3820.DAT
1  7 559.7319 -55.91257 221.9336 0.02140158 0.08448735 -0.9961942 -0.07256563 -0.9936634 -0.08583162 -0.9971336 0.07412642 -0.01513518 2531.DAT
1  6 557.3043 -38.88695 175.0643 0 -0.861632 -0.5075336 0.1736517 0.4998226 -0.8485413 0.9848071 -0.08813405 0.1496238 2562.DAT
1  8 571.7708 -55.87616 222.1892 -0.0214015 -0.08448741 -0.9961941 0.07256563 0.9936631 -0.08583166 0.9971333 -0.07412643 -0.01513491 2530.DAT
1  484 540 -96 200 0.5 0 -0.8660254 0 1 0 0.8660254 0 0.5 3626BP34.DAT
1  0 540 -96 200 0.5 0 -0.8660254 0 1 0 0.8660254 0 0.5 2528P30.DAT
0 Assembly 20
1  2 961.7316 24 197.298 0.7071067 0 0.7071068 0 1 0 -0.7071068 0 0.7071067 3815.DAT
0 Assembly 20
1  14 961.7316 36 197.298 0.7071067 0 0.7071068 0 1 0 -0.7071068 0 0.7071067 3816P3J.DAT
0 Assembly 20
1  14 961.7316 36 197.298 0.7071067 0 0.7071068 0 1 0 -0.7071068 0 0.7071067 3817P3J.DAT
1  14 961.7316 -8 197.298 0.7071067 0 0.7071068 0 1 0 -0.7071068 0 0.7071067 973PAC.DAT
1  14 972.7627 0.9641724 186.2668 0.6963637 -0.4531023 0.5565751 -0.1736522 0.6460916 0.7432432 -0.6963637 -0.6142181 0.3712325 3819.DAT
1  14 950.7004 0.9641113 208.3291 0.6963638 -0.450207 0.5589197 0.1736517 0.8613317 0.4774439 -0.6963638 -0.2354173 0.6779794 3818.DAT
1  14 933.1767 11.64856 200.6499 0.6963638 0.07687148 0.7135602 0.1736518 0.9466572 -0.2714496 -0.6963638 0.3129386 0.645869 3820.DAT
1  14 962.171 4.949314 167.5012 0.4037806 0.5720463 0.7139496 -0.8534309 0.5166589 0.06869659 -0.3295709 -0.637045 0.6968189 3820.DAT
1  14 961.7318 -32 197.298 0.9659258 0 0.2588191 0 1 0 -0.2588191 0 0.9659258 3626BP3J.DAT
1  0 961.7318 -32 197.298 0.9659258 0 0.2588191 0 1 0 -0.2588191 0 0.9659258 6025.DAT
1  6 914.9742 -23.62109 173.6524 0.4811918 0.2530877 -0.8392854 -0.5271052 0.8485355 -0.04633108 0.700438 0.4646863 0.5417123 4497.DAT
1  6 938.668 -7.438591 170.7847 0.5009202 0.7325871 0.4608626 -0.8497441 0.5174019 0.1011413 -0.1643564 -0.4422793 0.8816891 2542.DAT
0 Assembly 25
1  2 740.3436 -5 459.7009 0.3826828 0 0.9238796 0 1 0 -0.923879 0 0.3826831 3815.DAT
0 Assembly 25
1  14 740.3436 7 459.7009 0.3826828 -0.9238796 0 0 0 1 -0.923879 -0.3826831 0 3816P3J.DAT
0 Assembly 25
1  14 740.3436 7 459.7009 0.3826828 -0.9238796 0 0 0 1 -0.923879 -0.3826831 0 3817P3J.DAT
1  14 740.3436 -37 459.7009 0.3826828 0 0.9238796 0 1 0 -0.923879 0 0.3826831 973PAC.DAT
1  14 746.3136 -28.03591 445.288 0.3768689 0.06645356 0.9238796 -0.1736516 0.9848071 0 -0.9098428 -0.1604333 0.3826831 3819.DAT
1  14 734.3737 -28.03589 474.1135 0.3768689 -0.6090769 0.6978503 0.1736516 0.786502 0.5926716 -0.9098428 -0.1021767 0.4021754 3818.DAT
1  14 714.0693 -19.90646 472.7502 0.3768689 0.06277266 0.9241366 0.1736515 0.975223 -0.1370589 -0.9098428 0.2121312 0.3566306 3820.DAT
1  14 740.3081 -10.29132 433.9182 0.1175785 0.7865023 0.6062916 -0.3991196 0.5964735 -0.6963637 -0.9093282 -0.1601056 0.3840408 3820.DAT
1  14 740.3437 -61 459.701 0.9238786 0 0.3826838 0 1 0 -0.3826835 0 0.9238793 3626BP3K.DAT
1  4 740.3437 -61 459.701 0.9238786 0 0.3826838 0 1 0 -0.3826835 0 0.9238793 30105.DAT
1  15 733.1373 -5.25718 426.443 0.9132552 -0.4041072 -0.0515911 0.4031141 0.8781083 0.2577288 -0.05884746 -0.2561695 0.9648384 2586P30.DAT
1  6 692.0859 -59.21329 456.1422 -0.878982 0.2921635 0.3768688 0.3768744 0.9098409 0.1736516 -0.2921561 0.2946692 -0.9098429 4497.DAT
1  15 740.3437 -69 459.701 0.9238786 0 0.3826838 0 1 0 -0.3826835 0 0.9238793 6029B.DAT
0 Assembly 28
1  2 350 -272 431 1 0 0 0 1 0 0 0 1 3815.DAT
0 Assembly 28
1  14 350 -260 431 1 0 0 0 1 0 0 0 1 3816P3J.DAT
0 Assembly 28
1  14 350 -260 431 1 0 0 0 1 0 0 0 1 3817P3J.DAT
1  14 350 -304 431 1 0 0 0 1 0 0 0 1 973PAC.DAT
1  14 365.6004 -295.0359 431 0.984807 0.173652 0 -0.173652 0.984807 0 0 0 1 3819.DAT
1  14 334.3996 -295.0359 431 0.9848071 -0.1439638 -0.09710477 0.1736517 0.8164421 0.5506971 0 -0.5591928 0.8290376 3818.DAT
1  14 327.7159 -285.9251 412.2242 0.9972302 -0.06658702 0.03313432 0.07165132 0.9795691 -0.1879102 -0.01994498 0.1897638 0.9816272 3820.DAT
1  14 373.8065 -277.2914 421.1005 0.4367223 0.8911768 -0.1227907 -0.6777182 0.2361683 -0.6963637 -0.5915839 0.3873351 0.7071066 3820.DAT
1  14 350 -328 431 0.8660254 0 -0.5 0 1 0 0.5 0 0.8660254 3626BP3J.DAT
1  0 350 -328 431 0.8660254 0 -0.5 0 1 0 0.5 0 0.8660254 6025.DAT
1  15 350 -344 431 0.8660254 0 -0.5 0 1 0 0.5 0 0.8660254 6029A.DAT
1  15 375.6476 -272.538 410.468 0.8320444 0.2217735 -0.5084469 0.05428615 0.8796466 0.4725188 0.5520459 -0.4207584 0.7198662 2586P30.DAT
1  6 330.0163 -326.1622 382.6923 -0.04875133 -0.05616962 0.9972302 0.4271942 0.9013162 0.07165135 -0.9028445 0.429504 -0.019945 4497.DAT
0 Assembly 34
1  14 673 -124 613 1 0 0 0 1 0 0 0 1 3816P3J.DAT
0 Assembly 34
1  14 673 -124 613 1 0 0 0 1 0 0 0 1 3817P3J.DAT
0 Assembly 34
1  2 673 -136 613 1 0 0 0 1 0 0 0 1 3815.DAT
1  14 673 -168 613 1 0 0 0 1 0 0 0 1 973PAC.DAT
1  14 657.3995 -159.0359 613 0.9848071 0.06505102 -0.161007 0.1736517 -0.3689151 0.9130974 0 -0.9271839 -0.3746064 3818.DAT
1  14 655.2989 -175.9158 599.1848 0.9865047 0.0354609 -0.1598472 0.1324783 0.4008385 0.9065197 0.09621892 -0.915462 0.3907313 3820.DAT
1  6 656.6774 -166.6351 572.2717 0.1636342 0.005692112 -0.9865045 -0.7772793 -0.6150493 -0.1324784 -0.6075032 0.7884676 -0.09621877 4497.DAT
1  14 688.6004 -159.0359 613 0.984807 0.1610073 0.06505118 -0.173652 0.9130972 0.3689152 0 -0.3746065 0.9271839 3819.DAT
1  14 695.9235 -146.2988 596.7412 0.4057194 0.9114757 -0.06785147 -0.8535401 0.3512863 -0.3847949 -0.3268958 0.2140327 0.9205047 3820.DAT
1  15 697.1258 -144.1263 583.8335 0.8654527 -0.0747434 -0.4953833 0.2437495 0.9267035 0.2860178 0.4376956 -0.3682844 0.820237 2586P30.DAT
1  14 673 -192 613 1 0 0 0 1 0 0 0 1 3626BP3J.DAT
1  0 673 -192 613 1 0 0 0 1 0 0 0 1 6025.DAT
1  15 673 -208 613 1 0 0 0 1 0 0 0 1 6029A.DAT
0 Assembly 35
1  2 175.3883 -114.4072 265.8407 0.610215 0.2620591 -0.7476377 -0.1701651 0.9650356 0.1993734 0.7737446 0.005561095 0.6334728 3815.DAT
0 Assembly 35
1  14 178.533 -102.8267 265.9075 0.610215 0.6269739 -0.4842941 -0.1701651 0.7007604 0.6928046 0.7737446 -0.3403501 0.5343038 3816P3J.DAT
0 Assembly 35
1  14 178.533 -102.8267 265.9075 0.6102151 -0.3182298 -0.7255116 -0.1701651 0.8417547 -0.5123401 0.7737446 0.4360945 0.4595 3817P3J.DAT
1  14 167.0024 -145.2883 265.6628 0.610215 0.2620591 -0.7476377 -0.1701651 0.9650356 0.1993734 0.7737446 0.005561095 0.6334728 973PAC.DAT
1  14 178.8712 -139.2923 277.7834 0.5554369 0.5876161 -0.5883846 -0.3351602 0.8057469 0.4883024 0.7610235 -0.07401824 0.6444874 3819.DAT
1  14 159.8319 -133.983 253.6419 0.6464511 0.6573865 -0.3872252 0 0.5075334 0.8616318 0.7629546 -0.5570031 0.3280957 3818.DAT
1  14 172.8576 -132.9203 236.0518 0.6464511 0.1910327 -0.7386519 0 0.9681459 0.2503853 0.7629546 -0.1618619 0.6258594 3820.DAT
1  14 198.579 -130.5734 273.8094 0.5545322 -0.03168787 -0.8315583 -0.2833239 0.9323848 -0.2244673 0.7824453 0.3600748 0.5080599 3820.DAT
1  14 160.1889 -170.3792 265.5182 0.610215 0.2620591 -0.7476377 -0.1701651 0.9650356 0.1993734 0.7737446 0.005561095 0.6334728 3626BP40.DAT
1  6 167.0024 -145.2883 265.6628 -0.610215 0.2620591 0.7476377 0.1701651 0.9650356 -0.1993734 -0.7737446 0.005561095 -0.6334728 4498.DAT
1  0 160.1889 -170.3792 265.5182 0.610215 0.2620591 -0.7476377 -0.1701651 0.9650356 0.1993734 0.7737446 0.005561095 0.6334728 6025.DAT
1  15 157.125 -184.5049 264.4695 0.610215 0.262059 -0.7476375 -0.170165 0.9650356 0.1993733 0.7737446 0.005560994 0.6334726 6029B.DAT
1  6 206.156 -126.7595 269.8204 0.7081479 -0.2388885 -0.6644226 -0.1834115 0.8464817 -0.4998285 0.6818245 0.4758159 0.5556199 4499.DAT
1  15 961.7318 -48 197.298 0.9659258 0 0.2588191 0 1 0 -0.2588191 0 0.9659258 6029A.DAT

0 WORLD  -46.56033 -582.3591 -324.0002 0.9815381 0.06628208 0.1793144 0.04406825 0.8342652 -0.5495903 -0.1860229 0.5473533 0.8159692
0 CENTRE  0 0 0
0 LOOKAT  691 -740 0
0 ZOOM  62
0 ROTANGLE 0
