0 FILE 6279 - Skull Island.ldr
0 Skull Island
0 Name: 6279 - Skull Island.ldr
0 Author: Stan Isachenko [angmarec]
0 !LDRAW_ORG Model
0 !LICENSE Redistributable under CCAL version 2.0 : see CAreadme.txt

0 !THEME Pirates

0 !HISTORY 2016-02-14 [legolijntje] Swapped inlined parts for official versions

1 0 0 0 0 0 0 1 0 1 0 -1 0 0 6279 - Island.ldr
1 0 200 -440 110 1 0 0 0 1 0 0 0 1 6279 - Pirate_Captain.ldr
1 0 320 -488 140 -0.707 0 0.707 0 1 0 -0.707 0 -0.707 6279 - Crane.ldr
1 0 350 -26 -220 -1 0 0 0 1 0 0 0 -1 6279 - Boat 1.ldr
1 0 150 -26 -220 -1 0 0 0 1 0 0 0 -1 6279 - Boat 2.ldr
1 0 -140 -40 -189 1 0 0 0 1 0 0 0 1 6279 - Pirate_1.ldr
1 0 -40 -89 112 1 0 0 0 1 0 0 0 1 6279 - Pirate_2.ldr

0 FILE 6279 - Island.ldr
0 Island
0 Name: 6279 - Island.ldr
0 Author: Stan Isachenko [angmarec]
0 !LDRAW_ORG Model
0 !LICENSE Redistributable under CCAL version 2.0 : see CAreadme.txt
0 !THEME Pirates
1 6 -240 -238 -103 1 0 0 0 1 0 0 0 1 2550c02.dat
1 15 -204 -604 50 0 0 -1 0 1 0 1 0 0 2525p31.dat
1 4 -204 -628 50 0 0 -1 0 1 0 1 0 0 4495a.dat
1 0 -204 -486 50 0 1 0 0 0 1 1 0 0 3849.dat
1 0 -240 -32 -140 1 0 0 0 1 0 0 0 1 2536c01.dat
1 0 -190 -432 200 0 0 -1 0 1 0 1 0 0 6108.dat
1 0 -90 -432 200 0 0 -1 0 1 0 1 0 0 6108.dat
1 7 -170 -186 410 0 0 1 -1 0 0 0 -1 0 3023.dat
1 2 -170 -196 402 1 0 0 0 0 1 0 -1 0 2417.dat
1 0 -170 -176 402 0 0 -1 1 0 0 0 -1 0 6141.dat
1 6 -160 -166 330 -1 0 0 0 0 1 0 1 0 6020.dat
1 4 -70 -120 -70 0 0 -1 0 1 0 1 0 0 2546p01.dat
1 8 210 -100 -60 0 0 -1 0 1 0 1 0 0 518.dat
1 6 180 -72 -60 0 0 -1 0 1 0 1 0 0 2527.dat
1 0 180 -64 -60 0 0 1 0 1 0 -1 0 0 3403c01.dat
1 15 -120 -312 180 0 0 -1 0 1 0 1 0 0 3068bp30.dat
1 6 -115.804 -217.803 190 0 0.499974 0.866041 0 0.866041 -0.499974 -1 0 0 2562.dat
1 0 -100 -264 200 0 0 1 0 1 0 -1 0 0 4213.dat
1 0 -70 -256 200 0 0 1 0 1 0 -1 0 0 4625.dat
1 6 -160 -96 80 -1 0 0 0 1 0 0 0 -1 4739.dat
1 14 -250 -32 -60 0 0 -1 0 1 0 1 0 0 3008.dat
1 6 -240 -56 -80 1 0 0 0 1 0 0 0 1 6143.dat
1 14 -230 -32 -80 0 0 -1 0 1 0 1 0 0 3004.dat
1 6 -240 -80 -80 1 0 0 0 1 0 0 0 1 6143.dat
1 7 -160 -88 -40 1 0 0 0 1 0 0 0 1 3033.dat
1 14 -200 -112 20 1 0 0 0 1 0 0 0 1 3001.dat
1 0 -220 -88 30 1 0 0 0 1 0 0 0 1 3710.dat
1 6 -240 -80 20 1 0 0 0 1 0 0 0 1 6143.dat
1 6 -240 -56 20 1 0 0 0 1 0 0 0 1 6143.dat
1 14 -230 -32 10 1 0 0 0 1 0 0 0 1 3005.dat
1 8 -160 -152 60 1 0 0 0 1 0 0 0 1 6082.dat
1 7 -70 -32 100 0 0 -1 0 1 0 1 0 0 3010.dat
1 7 -70 -32 300 0 0 -1 0 1 0 1 0 0 3010.dat
1 8 -160 -152 340 -1 0 0 0 1 0 0 0 -1 6082.dat
1 7 -250 -32 320 0 0 1 0 1 0 -1 0 0 3039.dat
1 7 -70 -152 320 0 0 1 0 1 0 -1 0 0 3010.dat
1 7 -70 -176 310 0 0 -1 0 1 0 1 0 0 3622.dat
1 7 -70 -200 310 0 0 -1 0 1 0 1 0 0 3622.dat
1 7 -70 -224 300 0 0 1 0 1 0 -1 0 0 3004.dat
1 0 -70 -248 200 0 0 -1 0 1 0 1 0 0 3703.dat
1 0 -70 -224 60 0 0 -1 0 1 0 1 0 0 3004.dat
1 0 -70 -224 340 0 0 -1 0 1 0 1 0 0 3004.dat
1 7 -70 -224 100 0 0 1 0 1 0 -1 0 0 3004.dat
1 7 -70 -200 90 0 0 -1 0 1 0 1 0 0 3622.dat
1 7 -70 -176 90 0 0 -1 0 1 0 1 0 0 3622.dat
1 7 -70 -152 80 0 0 -1 0 1 0 1 0 0 3010.dat
1 0 -160 -256 100 1 0 0 0 1 0 0 0 1 3033.dat
1 0 -160 -248 50 1 0 0 0 1 0 0 0 1 3710.dat
1 0 -70 -248 50 0 0 -1 0 1 0 1 0 0 2339.dat
1 0 -90 -248 50 1 0 0 0 1 0 0 0 1 3005.dat
1 0 -250 -248 50 0 0 1 0 1 0 -1 0 0 2339.dat
1 0 -230 -248 50 1 0 0 0 1 0 0 0 1 3005.dat
1 0 -250 -248 200 0 0 -1 0 1 0 1 0 0 2465.dat
1 0 -250 -224 90 1 0 0 0 1 0 0 0 1 3024.dat
1 7 -250 -216 90 0 0 1 0 1 0 -1 0 0 6019.dat
1 0 -250 -208 90 1 0 0 0 1 0 0 0 1 3024.dat
1 7 -250 -200 80 0 0 1 0 1 0 -1 0 0 3004.dat
1 7 -250 -176 80 0 0 1 0 1 0 -1 0 0 3004.dat
1 7 -250 -152 90 1 0 0 0 1 0 0 0 1 3005.dat
1 0 -250 -224 310 1 0 0 0 1 0 0 0 1 3024.dat
1 7 -250 -216 310 0 0 1 0 1 0 -1 0 0 6019.dat
1 0 -250 -208 310 1 0 0 0 1 0 0 0 1 3024.dat
1 7 -250 -200 320 0 0 1 0 1 0 -1 0 0 3004.dat
1 7 -250 -176 320 0 0 1 0 1 0 -1 0 0 3004.dat
1 7 -250 -152 310 1 0 0 0 1 0 0 0 1 3005.dat
1 0 -250 -224 60 0 0 -1 0 1 0 1 0 0 3004.dat
1 0 -250 -224 340 0 0 -1 0 1 0 1 0 0 3004.dat
1 0 -160 -256 300 1 0 0 0 1 0 0 0 1 3033.dat
1 0 -160 -248 350 1 0 0 0 1 0 0 0 1 3710.dat
1 0 -70 -248 350 0 0 -1 0 1 0 1 0 0 2339.dat
1 0 -90 -248 350 1 0 0 0 1 0 0 0 1 3005.dat
1 0 -250 -248 350 0 0 1 0 1 0 -1 0 0 2339.dat
1 0 -230 -248 350 1 0 0 0 1 0 0 0 1 3005.dat
1 0 -220 -264 200 0 0 -1 0 1 0 1 0 0 3032.dat
1 0 -250 -256 200 0 0 -1 0 1 0 1 0 0 3710.dat
1 4 -140 -264 250 1 0 0 0 1 0 0 0 1 2431.dat
1 0 -90 -280 310 1 0 0 0 1 0 0 0 1 3040b.dat
1 0 -90 -280 330 -1 0 0 0 1 0 0 0 -1 3040b.dat
1 0 -190 -280 330 -1 0 0 0 1 0 0 0 -1 3040b.dat
1 0 -190 -280 310 1 0 0 0 1 0 0 0 1 3040b.dat
1 4 -140 -264 150 1 0 0 0 1 0 0 0 1 2431.dat
1 0 -90 -280 70 1 0 0 0 1 0 0 0 1 3040b.dat
1 0 -240 -264 50 1 0 0 0 1 0 0 0 1 2540.dat
1 0 -90 -280 90 -1 0 0 0 1 0 0 0 -1 3040b.dat
1 0 -190 -280 70 1 0 0 0 1 0 0 0 1 3040b.dat
1 0 -190 -280 90 -1 0 0 0 1 0 0 0 -1 3040b.dat
1 7 -250 -152 350 0 0 1 0 1 0 -1 0 0 2357.dat
1 0 -110 -160 350 1 0 0 0 1 0 0 0 1 2555.dat
1 0 -210 -160 350 1 0 0 0 1 0 0 0 1 2555.dat
1 0 -150 -160 350 1 0 0 0 1 0 0 0 1 3024.dat
1 0 -160 -168 350 1 0 0 0 1 0 0 0 1 2540.dat
1 7 -80 -56 380 1 0 0 0 1 0 0 0 1 3003.dat
1 7 -80 -32 390 -1 0 0 0 1 0 0 0 -1 3039.dat
1 7 -70 -56 270 1 0 0 0 1 0 0 0 1 2357.dat
1 7 -70 -128 290 1 0 0 0 1 0 0 0 1 4460a.dat
1 7 -240 -32 390 -1 0 0 0 1 0 0 0 -1 3039.dat
1 7 -140 -32 290 1 0 0 0 1 0 0 0 1 3039.dat
1 7 -180 -32 290 1 0 0 0 1 0 0 0 1 3039.dat
1 7 -50 -32 120 0 0 -1 0 1 0 1 0 0 3039.dat
1 7 -50 -32 280 0 0 -1 0 1 0 1 0 0 3039.dat
1 7 -50 -32 310 -1 0 0 0 1 0 0 0 -1 3040b.dat
1 7 -70 -56 130 0 0 1 0 1 0 -1 0 0 2357.dat
1 7 -70 -128 110 -1 0 0 0 1 0 0 0 -1 4460a.dat
1 7 -250 -32 80 0 0 1 0 1 0 -1 0 0 3039.dat
1 14 -180 -80 30 1 0 0 0 1 0 0 0 1 3004.dat
1 7 -250 -152 50 1 0 0 0 1 0 0 0 1 2357.dat
1 0 -110 -160 50 1 0 0 0 1 0 0 0 1 2555.dat
1 7 -70 -56 30 1 0 0 0 1 0 0 0 1 3005.dat
1 7 -70 -128 50 1 0 0 0 1 0 0 0 1 4460a.dat
1 0 -130 -96 -90 1 0 0 0 1 0 0 0 1 6019.dat
1 0 -150 -96 -90 1 0 0 0 1 0 0 0 1 6019.dat
1 6 -80 -80 0 1 0 0 0 1 0 0 0 1 6143.dat
1 6 -80 -56 0 1 0 0 0 1 0 0 0 1 6143.dat
1 14 -80 -32 0 1 0 0 0 1 0 0 0 1 3003.dat
1 6 -80 -80 -80 1 0 0 0 1 0 0 0 1 6143.dat
1 6 -80 -56 -80 1 0 0 0 1 0 0 0 1 6143.dat
1 14 -80 -32 -80 1 0 0 0 1 0 0 0 1 3003.dat
1 0 -70 -112 -10 1 0 0 0 1 0 0 0 1 3062b.dat
1 0 -70 -120 -40 0 0 -1 0 1 0 1 0 0 3710.dat
1 0 -70 -112 -70 1 0 0 0 1 0 0 0 1 3062b.dat
1 14 -180 -32 -140 0 0 1 0 1 0 -1 0 0 2577.dat
1 7 -40 -40 -160 1 0 0 0 1 0 0 0 1 3027.dat
1 14 -40 -32 -160 0 0 -1 0 1 0 1 0 0 2456.dat
1 14 120 -32 -160 0 0 -1 0 1 0 1 0 0 2456.dat
1 14 220 -32 -200 1 0 0 0 1 0 0 0 1 3003.dat
1 7 180 -40 -140 0 0 -1 0 1 0 1 0 0 3036.dat
1 14 130 -32 -90 1 0 0 0 1 0 0 0 1 3005.dat
1 14 180 -32 -60 -1 0 0 0 1 0 0 0 -1 2456.dat
1 7 180 -40 -30 -1 0 0 0 1 0 0 0 -1 2419.dat
1 14 180 -32 -20 1 0 0 0 1 0 0 0 1 3003.dat
1 14 -210 -32 -120 1 0 0 0 1 0 0 0 1 3002.dat
1 0 -30 -64 -210 1 0 0 0 1 0 0 0 1 3062b.dat
1 0 0 -72 -210 1 0 0 0 1 0 0 0 1 3710.dat
1 0 30 -64 -210 1 0 0 0 1 0 0 0 1 3062b.dat
1 14 -160 -32 80 -1 0 0 0 1 0 0 0 -1 2456.dat
1 0 -190 -40 80 0 0 -1 0 1 0 1 0 0 3023.dat
1 4 -190 -48 80 0 0 -1 0 1 0 1 0 0 3069b.dat
1 0 -130 -40 80 0 0 -1 0 1 0 1 0 0 3023.dat
1 4 -130 -48 80 0 0 -1 0 1 0 1 0 0 3069b.dat
1 4 -160 -40 70 1 0 0 0 1 0 0 0 1 3794a.dat
1 4 -160 -40 90 1 0 0 0 1 0 0 0 1 3794a.dat
1 7 -50 -32 90 1 0 0 0 1 0 0 0 1 3040b.dat
1 6 -240 -128 -80 1 0 0 0 1 0 0 0 1 2489.dat
1 0 210 -64 -210 1 0 0 0 1 0 0 0 1 3062b.dat
1 0 210 -64 -190 1 0 0 0 1 0 0 0 1 3062b.dat
1 0 210 -64 -170 1 0 0 0 1 0 0 0 1 3062b.dat
1 0 230 -64 -170 1 0 0 0 1 0 0 0 1 3062b.dat
1 0 230 -64 -190 1 0 0 0 1 0 0 0 1 3062b.dat
1 0 230 -64 -210 1 0 0 0 1 0 0 0 1 3062b.dat
1 7 -50 -56 110 1 0 0 0 1 0 0 0 1 3040b.dat
1 7 -190 -304 80 0 0 1 0 1 0 -1 0 0 3004.dat
1 7 -190 -328 80 0 0 1 0 1 0 -1 0 0 3004.dat
1 7 -190 -352 80 0 0 1 0 1 0 -1 0 0 3004.dat
1 0 -190 -360 80 0 0 -1 0 1 0 1 0 0 3023.dat
1 0 -190 -464 50 1 0 0 0 1 0 0 0 1 3005.dat
1 0 -140 -440 200 0 0 -1 0 1 0 1 0 0 3027.dat
1 4 -90 -464 330 1 0 0 0 1 0 0 0 1 3062b.dat
1 0 -90 -472 300 0 0 -1 0 1 0 1 0 0 3460.dat
1 4 -90 -464 250 1 0 0 0 1 0 0 0 1 3062b.dat
1 4 -90 -464 290 1 0 0 0 1 0 0 0 1 3062b.dat
1 4 -190 -408 90 1 0 0 0 1 0 0 0 1 3005.dat
1 4 -190 -432 90 0 0 -1 0 1 0 1 0 0 3622.dat
1 4 -190 -408 310 1 0 0 0 1 0 0 0 1 3005.dat
1 4 -190 -416 310 0 0 -1 0 1 0 1 0 0 3623.dat
1 4 -190 -424 290 1 0 0 0 1 0 0 0 1 3024.dat
1 4 -190 -432 310 0 0 -1 0 1 0 1 0 0 3623.dat
1 0 -190 -424 320 0 0 1 0 1 0 -1 0 0 2540.dat
1 4 -90 -408 90 1 0 0 0 1 0 0 0 1 3005.dat
1 4 -90 -432 90 0 0 -1 0 1 0 1 0 0 3622.dat
1 4 -90 -408 310 1 0 0 0 1 0 0 0 1 3005.dat
1 4 -90 -432 310 0 0 -1 0 1 0 1 0 0 3622.dat
1 4 -140 -432 70 1 0 0 0 1 0 0 0 1 3010.dat
1 4 -140 -408 70 1 0 0 0 1 0 0 0 1 3307.dat
1 0 -140 -464 300 1 0 0 0 1 0 0 0 1 3001.dat
1 4 -160 -464 330 -1 0 0 0 1 0 0 0 -1 3660.dat
1 4 -120 -464 330 -1 0 0 0 1 0 0 0 -1 3660.dat
1 4 -130 -464 50 1 0 0 0 1 0 0 0 1 3062b.dat
1 0 -140 -472 50 1 0 0 0 1 0 0 0 1 3666.dat
1 4 -170 -464 50 1 0 0 0 1 0 0 0 1 3062b.dat
1 4 -90 -464 50 1 0 0 0 1 0 0 0 1 3062b.dat
1 4 -90 -464 90 1 0 0 0 1 0 0 0 1 3062b.dat
1 0 -90 -472 140 0 0 -1 0 1 0 1 0 0 3460.dat
1 4 -90 -464 130 1 0 0 0 1 0 0 0 1 3062b.dat
1 4 -90 -464 170 1 0 0 0 1 0 0 0 1 3062b.dat
1 4 -90 -464 210 1 0 0 0 1 0 0 0 1 3062b.dat
1 0 -190 -480 50 0 0 -1 0 1 0 1 0 0 2555.dat
1 6 -120 -480 80 1 0 0 0 1 0 0 0 1 2489.dat
1 6 -160 -480 80 1 0 0 0 1 0 0 0 1 2489.dat
1 6 -120 -480 120 1 0 0 0 1 0 0 0 1 2489.dat
1 4 -140 -408 330 1 0 0 0 1 0 0 0 1 3307.dat
1 7 -90 -304 80 0 0 1 0 1 0 -1 0 0 3004.dat
1 7 -90 -328 80 0 0 1 0 1 0 -1 0 0 3004.dat
1 7 -90 -352 90 1 0 0 0 1 0 0 0 1 3005.dat
1 7 -90 -352 70 0 0 -1 0 1 0 1 0 0 4070.dat
1 0 -90 -360 80 0 0 -1 0 1 0 1 0 0 3023.dat
1 0 -76 -342 70 0 -1 0 1 0 0 0 0 1 4081b.dat
1 4 -160 -48 80 0 0 -1 0 1 0 1 0 0 3794a.dat
1 7 -90 -304 320 0 0 1 0 1 0 -1 0 0 3004.dat
1 7 -90 -328 320 0 0 1 0 1 0 -1 0 0 3004.dat
1 7 -90 -352 310 1 0 0 0 1 0 0 0 1 3005.dat
1 7 -90 -352 330 0 0 -1 0 1 0 1 0 0 4070.dat
1 0 -90 -360 320 0 0 -1 0 1 0 1 0 0 3023.dat
1 0 -76 -342 330 0 -1 0 -1 0 0 0 0 -1 4081b.dat
1 7 -50 -56 290 -1 0 0 0 1 0 0 0 -1 3040b.dat
1 7 -70 -128 350 -1 0 0 0 1 0 0 0 -1 4460a.dat
1 7 -190 -304 320 0 0 1 0 1 0 -1 0 0 3004.dat
1 7 -190 -328 320 0 0 1 0 1 0 -1 0 0 3004.dat
1 7 -190 -352 320 0 0 1 0 1 0 -1 0 0 3004.dat
1 0 -190 -360 320 0 0 -1 0 1 0 1 0 0 3023.dat
1 7 -57 -238 80 0 0 -1 0 1 0 1 0 0 32123a.dat
1 0 -82 -238 80 1 0 0 0 1 0 0 0 1 4519.dat
1 0 -140 -272 200 0 0 -1 0 1 0 1 0 0 3032.dat
1 4 -130 -256 200 0 0 1 0 1 0 -1 0 0 2436a.dat
1 14 -152 -246 190 0 1 0 0 0 -1 -1 0 0 4085c.dat
1 14 -152 -246 210 0 1 0 0 0 -1 -1 0 0 4085c.dat
1 4 -160 -246 200 0 1 0 0 0 -1 -1 0 0 3023.dat
1 14 -120 -296 170 1 0 0 0 1 0 0 0 1 3004.dat
1 14 -120 -296 230 1 0 0 0 1 0 0 0 1 3004.dat
1 4 -120 -304 200 0 0 -1 0 1 0 1 0 0 3020.dat
1 36 -110 -328 230 1 0 0 0 1 0 0 0 1 3062b.dat
1 47 -110 -336 230 1 0 0 0 1 0 0 0 1 6141.dat
1 47 -110 -344 230 1 0 0 0 1 0 0 0 1 6141.dat
1 6 -270 -134 202 0 1 0 0 0 1 1 0 0 6046.dat
1 6 -160 -80 80 -1 0 0 0 1 0 0 0 -1 4738a.dat
1 0 -110 -166 20 -1 0 0 0 0 1 0 1 0 4522.dat
1 2 -70 -166 34 1 0 0 0 0 1 0 -1 0 2417.dat
1 6 -210 -422 320 0 1 0 0 0 1 1 0 0 6020.dat
1 6 -240 -262 30 -1 0 0 0 0 1 0 1 0 6020.dat
1 7 -50 -224.009 200.489 0 0 1 0.0348995 0.999391 0 -0.999391 0.0348995 0 3004.dat
1 7 -50 -247.994 199.651 0 0 1 0.0348995 0.999391 0 -0.999391 0.0348995 0 2458.dat
1 7 -50 -271.979 198.813 0 0 1 0.0348995 0.999391 0 -0.999391 0.0348995 0 3010.dat
1 7 -50 -279.974 198.534 0 0 1 0.0348995 0.999391 0 -0.999391 0.0348995 0 3666.dat
1 7 -50 -226.102 260.452 0 0 1 0.0348995 0.999391 0 -0.999391 0.0348995 0 3659.dat
1 7 -50 -249.739 249.621 0 0 1 0.0348995 0.999391 0 -0.999391 0.0348995 0 3622.dat
1 7 -50 -273.724 248.783 -1 0 0 0 0.999391 0.0348995 0 0.0348995 -0.999391 4286.dat
1 7 -50 -200.372 211.32 -1 0 0 0 0.999391 0.0348995 0 0.0348995 -0.999391 3665.dat
1 7 -50 -88.0914 205.235 0 0 1 0.0348995 0.999391 0 -0.999391 0.0348995 0 3460.dat
1 7 -50 -96.0865 204.956 0 0 1 0.0348995 0.999391 0 -0.999391 0.0348995 0 3460.dat
1 7 -50 -121.817 254.088 0 0 1 0.0348995 0.999391 0 -0.999391 0.0348995 0 3622.dat
1 7 -50 -118.327 154.149 0 0 1 0.0348995 0.999391 0 -0.999391 0.0348995 0 3622.dat
1 7 -50 -145.802 253.25 -1 0 0 0 0.999391 0.0348995 0 0.0348995 -0.999391 3005.dat
1 7 -50 -142.312 153.311 -1 0 0 0 0.999391 0.0348995 0 0.0348995 -0.999391 3005.dat
1 7 -50 -152.052 203.001 0 0 1 0.0348995 0.999391 0 -0.999391 0.0348995 0 3460.dat
1 7 -50 -145.104 233.262 1 0 0 0 0.999391 -0.0348995 0 0.0348995 0.999391 3665.dat
1 7 -50 -143.01 173.299 -1 0 0 0 0.999391 0.0348995 0 0.0348995 -0.999391 3665.dat
1 7 -50 -176.038 202.164 0 0 1 0.0348995 0.999391 0 -0.999391 0.0348995 0 3004.dat
1 15 -50 -81.1432 235.496 -1 0 0 0 0.999391 0.0348995 0 0.0348995 -0.999391 3062b.dat
1 15 -50 -80.4452 215.508 -1 0 0 0 0.999391 0.0348995 0 0.0348995 -0.999391 3062b.dat
1 15 -50 -79.7472 195.52 -1 0 0 0 0.999391 0.0348995 0 0.0348995 -0.999391 3062b.dat
1 15 -50 -79.0493 175.532 -1 0 0 0 0.999391 0.0348995 0 0.0348995 -0.999391 3062b.dat
1 7 -50 -199.674 191.332 1 0 0 0 0.999391 -0.0348995 0 0.0348995 0.999391 3665.dat
1 7 -50 -221.915 140.525 0 0 1 0.0348995 0.999391 0 -0.999391 0.0348995 0 3659.dat
1 7 -50 -246.249 149.682 0 0 1 0.0348995 0.999391 0 -0.999391 0.0348995 0 3622.dat
1 7 -50 -270.234 148.844 1 0 0 0 0.999391 -0.0348995 0 0.0348995 0.999391 4286.dat
1 7 -50 -141.614 133.323 1 0 0 0 0.999391 -0.0348995 0 0.0348995 0.999391 4287.dat
1 7 -50 -148.562 103.062 0 0 1 0.0348995 0.999391 0 -0.999391 0.0348995 0 3023.dat
1 7 -50 -172.199 92.2308 -1 0 0 0 0.999391 0.0348995 0 0.0348995 -0.999391 3005.dat
1 7 -50 -196.533 101.387 0 0 1 0.0348995 0.999391 0 -0.999391 0.0348995 0 3004.dat
1 7 -50 -220.17 90.5556 -1 0 0 0 0.999391 0.0348995 0 0.0348995 -0.999391 3005.dat
1 7 -50 -244.853 109.706 1 0 0 0 0.999391 -0.0348995 0 0.0348995 0.999391 3040b.dat
1 7 -50 -172.897 112.219 -1 0 0 0 0.999391 0.0348995 0 0.0348995 -0.999391 3040b.dat
1 7 -50 -146.5 273.238 -1 0 0 0 0.999391 0.0348995 0 0.0348995 -0.999391 4287.dat
1 7 -50 -155.542 302.94 0 0 1 0.0348995 0.999391 0 -0.999391 0.0348995 0 3023.dat
1 7 -50 -179.877 312.097 -1 0 0 0 0.999391 0.0348995 0 0.0348995 -0.999391 3005.dat
1 7 -50 -203.513 301.265 0 0 1 0.0348995 0.999391 0 -0.999391 0.0348995 0 3004.dat
1 7 -50 -227.848 310.422 -1 0 0 0 0.999391 0.0348995 0 0.0348995 -0.999391 3005.dat
1 7 -50 -251.135 289.596 -1 0 0 0 0.999391 0.0348995 0 0.0348995 -0.999391 3040b.dat
1 7 -50 -179.179 292.109 1 0 0 0 0.999391 -0.0348995 0 0.0348995 0.999391 3040b.dat
1 1 40 -8 100 1 0 0 0 1 0 0 0 1 3811.dat
1 8 -148 -226 210 0 1 0 0 0 -1 -1 0 0 2530.dat
1 6 -140 -71.5174 -145.98 0 -1 0 -0.749419 0 -1.19932 1.19932 0 -0.749419 6016.dat
1 6 -110 -166 348 -1 0 0 0 0 -1 0 -1 0 2561.dat
1 6 -210 -166 348 -1 0 0 0 0 -1 0 -1 0 2561.dat
1 7 -170 -160 360 0 0 -1 0 1 0 1 0 0 4276a.dat
1 7 -170 -186 394 0 0 -1 1 0 0 0 -1 0 4275b.dat
1 0 -78 -354 350 -1 0 0 0 1 0 0 0 -1 6141.dat
1 0 -78 -354 50 -1 0 0 0 1 0 0 0 -1 6141.dat
1 46 -78 -378 50 -1 0 0 0 1 0 0 0 -1 4589.dat
1 46 -78 -378 350 -1 0 0 0 1 0 0 0 -1 4589.dat
1 14 -110 -344 210 1 0 0 0 1 0 0 0 1 2343.dat
1 4 -140 -488 320 0 0 1 0 1 0 -1 0 0 3403.dat

0 FILE 6279 - Crane.ldr
0 Crane
0 Name: 6279 - Crane.ldr
0 Author: Stan Isachenko [angmarec]
0 !LDRAW_ORG Model
0 !LICENSE Redistributable under CCAL version 2.0 : see CAreadme.txt
0 !THEME Pirates
1 4 0 0 0 0 0 1 0 1 0 -1 0 0 3404.dat
1 0 0 -40.843 76.955 1 0 0 0 0.906 -0.423 0 0.423 0.906 4319.dat
1 0 0 -37.208 111.751 0 0 1 0.423 0.906 0 -0.906 0.423 0 4504.dat
1 0 0 -65.59 153.685 1 0 0 0 0.906 -0.423 0 0.423 0.906 2555.dat
1 0 0 -40.233 99.307 1 0 0 0 0.906 -0.423 0 0.423 0.906 2555.dat
1 4 0 -24 30 1 0 0 0 1 0 0 0 1 3794a.dat
1 4 0 -16 30 -1 0 0 0 1 0 0 0 -1 3023.dat
1 4 0 -16 0 1 0 0 0 1 0 0 0 1 3020.dat
1 0 0 -48 30 -1 0 0 0 1 0 0 0 -1 4070.dat
1 0 0 -64 0 -1 0 0 0 1 0 0 0 -1 73037.dat
1 0 0 -8 30 -1 0 0 0 1 0 0 0 -1 2452.dat
1 0 0 -8 0 1 0 0 0 1 0 0 0 1 3020.dat
1 7 0 78 201 0 0 -1 1 0 0 0 -1 0 3127a.dat
1 7 4 146 197 0 0 -1 0 1 0 1 0 0 6279 - Burrel.ldr
1 0 140 488 -320 1 0 0 0 1 0 0 0 1 6279 - Rope.ldr

0 FILE 6279 - Burrel.ldr
0 Burrel
0 Name: 6279 - Burrel.ldr
0 Author: Stan Isachenko [angmarec]
0 !LDRAW_ORG Model
0 !LICENSE Redistributable under CCAL version 2.0 : see CAreadme.txt
0 !THEME Pirates
1 6 0 0 0 1 0 0 0 1 0 0 0 1 2489.dat
1 0 0 -8 0 1 0 0 0 1 0 0 0 1 2376.dat
1 47 0 24 0 1 0 0 0 1 0 0 0 1 6141.dat
1 47 0 16 0 1 0 0 0 1 0 0 0 1 6141.dat

0 FILE 6279 - Rope.ldr
0 Rope
0 Name: 6279 - Rope.ldr
0 Author: Stan Isachenko [angmarec]
0 !LDRAW_ORG Model
0 !LICENSE Redistributable under CCAL version 2.0 : see CAreadme.txt
0 !THEME Pirates
1 0 -150 -535.995 315.144 0 -1 0 -0.0718 0 -0.9974 -0.9974 0 0.0718 6279 - LS60.dat
1 0 -150 -537.411 315.686 0 -1 0 -0.2893 0 -0.9572 -0.9572 0 0.2893 6279 - LS60.dat
1 0 -150 -538.487 316.8 0 -1 0 -0.6291 0 -0.7774 -0.7774 0 0.6291 6279 - LS60.dat
1 0 -150 -538.965 318.289 0 -1 0 -0.9014 0 -0.4329 -0.4329 0 0.9014 6279 - LS60.dat
1 0 -150 -539.058 319.814 0 -1 0 -0.988 0 -0.1547 -0.1547 0 0.988 6279 - LS60.dat
1 0 -150 -538.878 321.317 0 -1 0 -0.9987 0 0.0514 0.0514 0 0.9987 6279 - LS60.dat
1 0 -150 -538.491 322.776 0 -1 0 -0.9786 0 0.206 0.206 0 0.9786 6279 - LS60.dat
1 0 -150 -537.644 324.046 0 -1 0 -0.8799 0 0.4751 0.4751 0 0.8799 6279 - LS60.dat
1 0 -150 -536.287 324.815 0 -1 0 -0.6041 0 0.7969 0.7969 0 0.6041 6279 - LS60.dat
1 0 -150 -534.76 325.054 0 -1 0 -0.2704 0 0.9627 0.9627 0 0.2704 6279 - LS60.dat
1 0 -149.877 -533.245 324.857 0.0019 -0.9981 0.0616 0.0312 0.0616 0.9976 0.9995 0 -0.0313 6279 - LS60.dat
1 0 -149.528 -531.798 324.611 0.0249 -0.9815 0.1896 0.128 0.1913 0.9732 0.9915 0 -0.1304 6279 - LS60.dat
1 0 -149.005 -530.487 324.052 0.0405 -0.9501 0.3092 0.3155 0.3058 0.8983 0.9481 -0.0612 -0.3122 6279 - LS60.dat
1 0 -148.431 -529.504 323.017 0.0791 -0.9281 0.3638 0.6132 0.333 0.7163 0.7859 -0.1665 -0.5955 6279 - LS60.dat
1 0 -148.054 -529.028 321.584 0.0936 -0.9555 0.2798 0.8849 0.2086 0.4164 0.4563 -0.2086 -0.8651 6279 - LS60.dat
1 0 -147.952 -528.939 320.053 0.0388 -0.992 0.1205 0.9873 0.0566 0.1482 0.1539 -0.1132 -0.9816 6279 - LS60.dat
1 0 -148.011 -529.124 318.546 0 -1 0.0005 0.9985 0 -0.0551 -0.0551 -0.0005 -0.9985 6279 - LS60.dat
1 0 -148.009 -529.539 317.094 0.0003 -1 0.0015 0.9753 0 -0.2211 -0.2211 -0.0015 -0.9753 6279 - LS60.dat
1 0 -148.005 -530.438 315.855 0.0007 -1 0.0023 0.863 -0.0006 -0.5051 -0.5051 -0.0024 -0.863 6279 - LS60.dat
1 0 -148.001 -531.83 315.146 0.0009 -1 0.0023 0.5699 -0.0014 -0.8217 -0.8217 -0.0021 -0.5699 6279 - LS60.dat
1 0 -148 -533.358 314.942 0.0005 -1 0.0013 0.2443 -0.0011 -0.9697 -0.9697 -0.0008 -0.2443 6279 - LS60.dat
1 0 -148 -534.872 315.144 0 -1 0 -0.0398 0 -0.9992 -0.9992 0 0.0398 6279 - LS60.dat
1 0 -148 -536.347 315.447 0 -1 0 -0.1614 0 -0.9869 -0.9869 0 0.1614 6279 - LS60.dat
1 0 -148 -537.701 316.133 0 -1 0.0001 -0.3833 -0.0001 -0.9236 -0.9236 0 0.3833 6279 - LS60.dat
1 0 -148 -538.657 317.352 0 -1 0.0001 -0.7054 -0.0001 -0.7088 -0.7088 0 0.7054 6279 - LS60.dat
1 0 -148 -539.03 318.864 0 -1 0.0001 -0.9318 0 -0.3631 -0.3631 0 0.9318 6279 - LS60.dat
1 0 -148 -539.05 320.388 0 -1 0 -0.9949 0 -0.1005 -0.1005 0 0.9949 6279 - LS60.dat
1 0 -148 -538.863 321.887 0 -1 0 -0.9977 0 0.0683 0.0683 0 0.9977 6279 - LS60.dat
1 0 -148 -538.348 323.312 0 -1 0 -0.9616 0 0.2745 0.2745 0 0.9616 6279 - LS60.dat
1 0 -148 -537.277 324.425 0 -1 0 -0.797 0 0.604 0.604 0 0.797 6279 - LS60.dat
1 0 -148 -535.803 324.947 0 -1 0 -0.4599 0 0.888 0.888 0 0.4599 6279 - LS60.dat
1 0 -148 -534.275 325.059 0 -1 0 -0.1708 0 0.9853 0.9853 0 0.1708 6279 - LS60.dat
1 0 -147.864 -532.774 324.89 0.0028 -0.9977 0.0678 0.0417 0.0678 0.9968 0.9991 0 -0.0418 6279 - LS60.dat
1 0 -147.475 -531.347 324.571 0.0365 -0.9767 0.2115 0.1662 0.2146 0.9625 0.9854 0 -0.1701 6279 - LS60.dat
1 0 -146.901 -530.119 323.871 0.0757 -0.9374 0.3399 0.3912 0.3415 0.8546 0.9172 -0.0683 -0.3926 6279 - LS60.dat
1 0 -146.329 -529.305 322.684 0.1344 -0.9189 0.3708 0.7006 0.3528 0.6203 0.7008 -0.1764 -0.6912 6279 - LS60.dat
1 0 -146.008 -528.98 321.202 0.1178 -0.9602 0.2534 0.9274 0.1976 0.3175 0.3549 -0.1976 -0.9138 6279 - LS60.dat
1 0 -145.957 -528.955 319.675 0.0344 -0.9955 0.0887 0.9949 0.0426 0.0915 0.0949 -0.0851 -0.9918 6279 - LS60.dat
1 0 -146.001 -529.134 318.174 0 -1 0.0001 0.9978 0 -0.0663 -0.0663 -0.0001 -0.9978 6279 - LS60.dat
1 0 -146.001 -529.633 316.745 0 -1 0.0002 0.9639 0 -0.2664 -0.2664 -0.0002 -0.9639 6279 - LS60.dat
1 0 -146 -530.679 315.611 0.0001 -1 0.0003 0.8077 -0.0001 -0.5896 -0.5896 -0.0003 -0.8077 6279 - LS60.dat
1 0 -146 -532.144 315.064 0.0001 -1 0.0002 0.4756 -0.0001 -0.8797 -0.8797 -0.0002 -0.4756 6279 - LS60.dat
1 0 -146 -533.672 314.94 0.0001 -1 0.0001 0.1805 -0.0001 -0.9836 -0.9836 -0.0001 -0.1805 6279 - LS60.dat
1 0 -146 -535.179 315.125 0 -1 0 -0.0476 0 -0.9989 -0.9989 0 0.0476 6279 - LS60.dat
1 0 -146 -536.643 315.485 0 -1 0 -0.1915 0 -0.9815 -0.9815 0 0.1915 6279 - LS60.dat
1 0 -146 -537.943 316.28 0 -1 0 -0.4457 0 -0.8952 -0.8952 0 0.4457 6279 - LS60.dat
1 0 -146 -538.772 317.598 0 -1 0 -0.7701 0 -0.6379 -0.6379 0 0.7701 6279 - LS60.dat
1 0 -146 -539.049 319.122 0 -1 0 -0.9546 0 -0.2979 -0.2979 0 0.9546 6279 - LS60.dat
1 0 -146 -538.832 320.644 0 -1 0 -0.9994 0 0.0344 0.0344 0 0.9994 6279 - LS60.dat
1 0 -146 -538.567 322.126 0 -1 0 -0.99 0 0.141 0.141 0 0.99 6279 - LS60.dat
1 0 -146 -537.957 323.512 0 -1 0 -0.9404 0 0.3401 0.3401 0 0.9404 6279 - LS60.dat
1 0 -146 -536.82 324.557 0 -1 0 -0.7571 0 0.6533 0.6533 0 0.7571 6279 - LS60.dat
1 0 -146 -535.327 325.009 0 -1 0 -0.4153 0 0.9097 0.9097 0 0.4153 6279 - LS60.dat
1 0 -146 -533.798 325.06 0 -1 0 -0.1294 0 0.9916 0.9916 0 0.1294 6279 - LS60.dat
1 0 -145.85 -532.302 324.889 0.004 -0.9972 0.0751 0.0533 0.0753 0.9957 0.9986 0 -0.0534 6279 - LS60.dat
1 0 -145.412 -530.905 324.484 0.0525 -0.9699 0.2376 0.2094 0.2433 0.9471 0.9764 0 -0.2159 6279 - LS60.dat
1 0 -144.787 -529.789 323.63 0.1057 -0.9223 0.3717 0.478 0.3749 0.7943 0.872 -0.0937 -0.4805 6279 - LS60.dat
1 0 -144.235 -529.159 322.32 0.1424 -0.9185 0.3688 0.7927 0.3289 0.5132 0.5927 -0.2193 -0.775 6279 - LS60.dat
1 0 -143.973 -528.957 320.813 0.0793 -0.9715 0.2233 0.9644 0.1314 0.2294 0.2523 -0.1972 -0.9474 6279 - LS60.dat
1 0 -144.079 -529.144 319.288 0.0001 -1 0.0027 0.9993 0 -0.0362 -0.0362 -0.0027 -0.9993 6279 - LS60.dat
1 0 -144.064 -529.421 317.809 0.0012 -1 0.0084 0.989 0 -0.1478 -0.1478 -0.0085 -0.989 6279 - LS60.dat
1 0 -144.04 -530.055 316.432 0.0023 -0.9999 0.0138 0.9352 -0.0027 -0.354 -0.354 -0.0137 -0.9352 6279 - LS60.dat
1 0 -144.015 -531.218 315.415 0.0044 -0.9999 0.016 0.7425 -0.0074 -0.6698 -0.6698 -0.0149 -0.7424 6279 - LS60.dat
1 0 -144.001 -532.717 314.986 0.0044 -0.9999 0.0112 0.3998 -0.0085 -0.9165 -0.9166 -0.0085 -0.3998 6279 - LS60.dat
1 0 -143.998 -534.244 314.942 0.0014 -1 0.004 0.1217 -0.0038 -0.9926 -0.9926 -0.0019 -0.1216 6279 - LS60.dat
1 0 -144 -535.744 315.13 0 -1 0 -0.0637 0 -0.998 -0.998 0 0.0637 6279 - LS60.dat
1 0 -144 -537.179 315.61 0 -1 0 -0.2558 0 -0.9667 -0.9667 0 0.2558 6279 - LS60.dat
1 0 -144 -538.338 316.624 0 -1 0 -0.5706 0 -0.8212 -0.8212 0 0.5706 6279 - LS60.dat
1 0 -144 -538.921 318.075 0 -1 0 -0.868 0 -0.4965 -0.4965 0 0.868 6279 - LS60.dat
1 0 -144 -539.06 319.603 0 -1 0 -0.981 0 -0.1938 -0.1938 0 0.981 6279 - LS60.dat
1 0 -144 -538.872 321.111 0 -1 0 -0.9989 0 0.0459 0.0459 0 0.9989 6279 - LS60.dat
1 0 -144 -538.525 322.578 0 -1 0 -0.9828 0 0.1846 0.1846 0 0.9828 6279 - LS60.dat
1 0 -144 -537.755 323.892 0 -1 0 -0.9021 0 0.4316 0.4316 0 0.9021 6279 - LS60.dat
1 0 -144 -536.457 324.749 0 -1 0 -0.6539 0 0.7566 0.7566 0 0.6539 6279 - LS60.dat
1 0 -144 -534.934 325.046 0 -1 0 -0.3117 0 0.9502 0.9502 0 0.3117 6279 - LS60.dat
1 0 -143.881 -533.413 324.834 0.0017 -0.9982 0.0597 0.0277 0.0597 0.9978 0.9996 0 -0.0277 6279 - LS60.dat
1 0 -143.545 -531.959 324.613 0.0216 -0.9829 0.1828 0.1154 0.1841 0.9761 0.9931 0 -0.1174 6279 - LS60.dat
1 0 -143.038 -530.625 324.101 0.0305 -0.9538 0.2989 0.29 0.2946 0.9106 0.9565 -0.0589 -0.2856 6279 - LS60.dat
1 0 -142.468 -529.587 323.124 0.0608 -0.9312 0.3595 0.5798 0.3261 0.7467 0.8125 -0.1631 -0.5597 6279 - LS60.dat
1 0 -142.072 -529.052 321.717 0.0825 -0.9541 0.288 0.8656 0.2118 0.4537 0.4939 -0.2119 -0.8433 6279 - LS60.dat
1 0 -141.953 -528.936 320.186 0.0388 -0.9906 0.1315 0.9833 0.0613 0.1714 0.1778 -0.1227 -0.9764 6279 - LS60.dat
1 0 -142.017 -529.125 318.676 0 -1 0.0007 0.9987 0 -0.0515 -0.0515 -0.0007 -0.9987 6279 - LS60.dat
1 0 -142.013 -529.512 317.218 0.0005 -1 0.0021 0.9784 0 -0.2067 -0.2067 -0.0022 -0.9784 6279 - LS60.dat
1 0 -142.007 -530.362 315.948 0.0009 -1 0.0035 0.8792 -0.0009 -0.4765 -0.4765 -0.0035 -0.8792 6279 - LS60.dat
1 0 -142.002 -531.72 315.182 0.0012 -1 0.0035 0.6025 -0.0021 -0.7981 -0.7981 -0.0031 -0.6025 6279 - LS60.dat
1 0 -142 -533.247 314.945 0.0007 -1 0.0021 0.2691 -0.0018 -0.9631 -0.9631 -0.0012 -0.2691 6279 - LS60.dat
1 0 -142.001 -534.765 315.154 0 -1 0 -0.0372 0 -0.9993 -0.9993 0 0.0372 6279 - LS60.dat
1 0 -142 -536.242 315.439 0 -1 0.0001 -0.1516 -0.0001 -0.9884 -0.9884 0 0.1516 6279 - LS60.dat
1 0 -142 -537.612 316.088 0 -1 0.0001 -0.3625 -0.0001 -0.932 -0.932 0 0.3625 6279 - LS60.dat
1 0 -142 -538.611 317.269 0 -1 0.0001 -0.681 -0.0001 -0.7323 -0.7323 0.0001 0.681 6279 - LS60.dat
1 0 -142 -539.021 318.772 0 -1 0.0001 -0.9218 -0.0001 -0.3877 -0.3877 0.0001 0.9218 6279 - LS60.dat
1 0 -142 -539.055 320.298 0 -1 0 -0.9935 0 -0.114 -0.114 0 0.9935 6279 - LS60.dat
1 0 -142 -538.867 321.798 0 -1 0 -0.9979 0 0.0654 0.0654 0 0.9979 6279 - LS60.dat
1 0 -142 -538.375 323.229 0 -1 0 -0.9649 0 0.2628 0.2628 0 0.9649 6279 - LS60.dat
1 0 -142 -537.339 324.372 0 -1 0 -0.8123 0 0.5833 0.5833 0 0.8123 6279 - LS60.dat
1 0 -142 -535.879 324.931 0 -1 0 -0.4827 0 0.8758 0.8758 0 0.4827 6279 - LS60.dat
1 0 -142 -534.351 325.06 0 -1 0 -0.1849 0 0.9828 0.9828 0 0.1849 6279 - LS60.dat
1 0 -141.867 -532.848 324.887 0.0027 -0.9978 0.0668 0.04 0.0668 0.997 0.9992 0 -0.0401 6279 - LS60.dat
1 0 -141.484 -531.416 324.58 0.0345 -0.9776 0.2078 0.16 0.2107 0.9644 0.9865 0 -0.1637 6279 - LS60.dat
1 0 -140.918 -530.173 323.902 0.0696 -0.9396 0.3351 0.3793 0.3356 0.8622 0.9226 -0.0671 -0.3798 6279 - LS60.dat
1 0 -140.345 -529.332 322.737 0.1256 -0.9204 0.3702 0.6881 0.3497 0.6358 0.7147 -0.1749 -0.6773 6279 - LS60.dat
1 0 -140.014 -528.986 321.261 0.1147 -0.9594 0.2576 0.922 0.1994 0.3319 0.3698 -0.1994 -0.9074 6279 - LS60.dat
1 0 -139.955 -528.952 319.733 0.0354 -0.995 0.0937 0.994 0.0448 0.0995 0.1032 -0.0896 -0.9906 6279 - LS60.dat
1 0 -140.002 -529.131 318.232 0 -1 0.0001 0.9979 0 -0.0645 -0.0645 -0.0001 -0.9979 6279 - LS60.dat
1 0 -140.001 -529.617 316.799 0.0001 -1 0.0003 0.9659 0 -0.2589 -0.2589 -0.0003 -0.9659 6279 - LS60.dat
1 0 -140.001 -530.64 315.647 0.0002 -1 0.0005 0.8172 -0.0001 -0.5763 -0.5763 -0.0005 -0.8172 6279 - LS60.dat
1 0 -140 -532.095 315.074 0.0002 -1 0.0004 0.4903 -0.0003 -0.8715 -0.8715 -0.0004 -0.4903 6279 - LS60.dat
1 0 -140 -533.623 314.94 0.0001 -1 0.0002 0.1899 -0.0002 -0.9818 -0.9818 -0.0001 -0.1899 6279 - LS60.dat
1 0 -140 -535.13 315.127 0 -1 0 -0.0464 0 -0.9989 -0.9989 0 0.0464 6279 - LS60.dat
1 0 -140 -536.596 315.477 0 -1 0 -0.1865 0 -0.9824 -0.9824 0 0.1865 6279 - LS60.dat
1 0 -140 -537.906 316.255 0 -1 0 -0.4355 0 -0.9002 -0.9002 0 0.4355 6279 - LS60.dat
1 0 -140 -538.755 317.558 0 -1 0 -0.7604 0 -0.6494 -0.6494 0 0.7604 6279 - LS60.dat
1 0 -140 -539.047 319.082 0 -1 0 -0.9514 0 -0.3078 -0.3078 0 0.9514 6279 - LS60.dat
1 0 -140 -538.77 320.602 0 -1 0 -0.9981 0 0.0614 0.0614 0 0.9981 6279 - LS60.dat
1 0 -140 -538.46 322.077 0 -1 0 -0.9854 0 0.1702 0.1702 0 0.9854 6279 - LS60.dat
1 0 -140 -538.029 323.52 0 -1 0 -0.9662 0 0.2579 0.2579 0 0.9662 6279 - LS60.dat
1 0 -140 -537.503 324.927 0 -1 0 -0.945 0 0.3272 0.3272 0 0.945 6279 - LS60.dat
1 0 -140 -536.904 326.307 0 -1 0 -0.9245 0 0.3812 0.3812 0 0.9245 6279 - LS60.dat
1 0 -140 -536.247 327.661 0 -1 0 -0.9062 0 0.4228 0.4228 0 0.9062 6279 - LS60.dat
1 0 -140 -535.548 328.992 0 -1 0 -0.8907 0 0.4546 0.4546 0 0.8907 6279 - LS60.dat
1 0 -140 -534.818 330.303 0 -1 0 -0.8781 0 0.4784 0.4784 0 0.8781 6279 - LS60.dat
1 0 -140 -534.066 331.602 0 -1 0 -0.8685 0 0.4957 0.4957 0 0.8685 6279 - LS60.dat
1 0 -140 -533.298 332.893 0 -1 0 -0.8617 0 0.5074 0.5074 0 0.8617 6279 - LS60.dat
1 0 -140 -532.521 334.181 0 -1 0 -0.8578 0 0.514 0.514 0 0.8578 6279 - LS60.dat
1 0 -140 -531.745 335.467 0 -1 0 -0.8566 0 0.516 0.516 0 0.8566 6279 - LS60.dat
1 0 -140 -530.976 336.756 0 -1 0 -0.8582 0 0.5133 0.5133 0 0.8582 6279 - LS60.dat
1 0 -140 -530.22 338.054 0 -1 0 -0.8625 0 0.506 0.506 0 0.8625 6279 - LS60.dat
1 0 -140 -529.484 339.365 0 -1 0 -0.8697 0 0.4936 0.4936 0 0.8697 6279 - LS60.dat
1 0 -140 -528.778 340.692 0 -1 0 -0.8798 0 0.4754 0.4754 0 0.8798 6279 - LS60.dat
1 0 -140 -528.115 342.039 0 -1 0 -0.8928 0 0.4505 0.4505 0 0.8928 6279 - LS60.dat
1 0 -140 -527.505 343.411 0 -1 0 -0.9087 0 0.4174 0.4174 0 0.9087 6279 - LS60.dat
1 0 -140 -526.964 344.814 0 -1 0 -0.9274 0 0.3741 0.3741 0 0.9274 6279 - LS60.dat
1 0 -140 -526.513 346.25 0 -1 0 -0.948 0 0.3181 0.3181 0 0.948 6279 - LS60.dat
1 0 -140 -526.179 347.717 0 -1 0 -0.9692 0 0.2462 0.2462 0 0.9692 6279 - LS60.dat
1 0 -140 -525.99 349.212 0 -1 0 -0.9879 0 0.1554 0.1554 0 0.9879 6279 - LS60.dat
1 0 -140 -526.066 350.721 0 -1 0 -1 0 0.001 0.001 0 1 6279 - LS60.dat
1 0 -140 -526.063 352.223 0 -1 0 -1 0 0.0015 0.0015 0 1 6279 - LS60.dat
1 0 -140 -526.063 353.727 0 -1 0 -1 0 0.0003 0.0003 0 1 6279 - LS60.dat
1 0 -140 -526.068 355.232 0 -1 0 -1 0 -0.0022 -0.0022 0 1 6279 - LS60.dat
1 0 -140 -526.078 356.736 0 -1 0 -1 0 -0.0057 -0.0057 0 1 6279 - LS60.dat
1 0 -140 -526.095 358.237 0 -1 0 -0.9999 0 -0.0101 -0.0101 0 0.9999 6279 - LS60.dat
1 0 -140 -526.121 359.738 0 -1 0 -0.9999 0 -0.0153 -0.0153 0 0.9999 6279 - LS60.dat
1 0 -140 -526.156 361.24 0 -1 0 -0.9998 0 -0.0213 -0.0213 0 0.9998 6279 - LS60.dat
1 0 -140 -526.202 362.741 0 -1 0 -0.9996 0 -0.0281 -0.0281 0 0.9996 6279 - LS60.dat
1 0 -140 -526.259 364.243 0 -1 0 -0.9994 0 -0.0357 -0.0357 0 0.9994 6279 - LS60.dat
1 0 -140 -526.33 365.746 0 -1 0 -0.999 0 -0.0442 -0.0442 0 0.999 6279 - LS60.dat
1 0 -140 -526.415 367.246 0 -1 0 -0.9986 0 -0.0535 -0.0535 0 0.9986 6279 - LS60.dat
1 0 -140 -526.516 368.744 0 -1 0 -0.998 0 -0.0639 -0.0639 0 0.998 6279 - LS60.dat
1 0 -140 -526.635 370.241 0 -1 0 -0.9972 0 -0.0754 -0.0754 0 0.9972 6279 - LS60.dat
1 0 -140 -526.773 371.737 0 -1 0 -0.9961 0 -0.0882 -0.0882 0 0.9961 6279 - LS60.dat
1 0 -140 -526.934 373.229 0 -1 0 -0.9947 0 -0.1024 -0.1024 0 0.9947 6279 - LS60.dat
1 0 -140 -527.12 374.721 0 -1 0 -0.9929 0 -0.1185 -0.1185 0 0.9929 6279 - LS60.dat
1 0 -140 -527.335 376.209 0 -1 0 -0.9906 0 -0.1367 -0.1367 0 0.9906 6279 - LS60.dat
1 0 -140 -527.582 377.691 0 -1 0 -0.9875 0 -0.1573 -0.1573 0 0.9875 6279 - LS60.dat
1 0 -140 -527.866 379.167 0 -1 0 -0.9835 0 -0.181 -0.181 0 0.9835 6279 - LS60.dat
1 0 -140 -528.192 380.633 0 -1 0 -0.978 0 -0.2085 -0.2085 0 0.978 6279 - LS60.dat
1 0 -140 -528.57 382.085 0 -1 0 -0.9706 0 -0.2408 -0.2408 0 0.9706 6279 - LS60.dat
1 0 -140 -529.008 383.522 0 -1 0 -0.9603 0 -0.2791 -0.2791 0 0.9603 6279 - LS60.dat
1 0 -140 -529.521 384.937 0 -1 0 -0.9455 0 -0.3255 -0.3255 0 0.9455 6279 - LS60.dat
1 0 -140 -530.124 386.316 0 -1 0 -0.924 0 -0.3824 -0.3824 0 0.924 6279 - LS60.dat
1 0 -140 -530.779 387.667 0 -1 0 -0.9061 0 -0.423 -0.423 0 0.9061 6279 - LS60.dat
1 0 -140 -531.421 389.04 0 -1 0 -0.906 0 -0.4233 -0.4233 0 0.906 6279 - LS60.dat
1 0 -140 -532.062 390.412 0 -1 0 -0.9059 0 -0.4234 -0.4234 0 0.9059 6279 - LS60.dat
1 0 -140 -532.703 391.783 0 -1 0 -0.9059 0 -0.4235 -0.4235 0 0.9059 6279 - LS60.dat
1 0 -140 -533.343 393.151 0 -1 0 -0.9059 0 -0.4235 -0.4235 0 0.9059 6279 - LS60.dat
1 0 -140 -533.978 394.51 0 -1 0 -0.9059 0 -0.4236 -0.4236 0 0.9059 6279 - LS60.dat
1 0 -140 -534.622 395.887 0 -1 0 -0.9058 0 -0.4236 -0.4236 0 0.9058 6279 - LS60.dat
1 0 -140 -535.26 397.252 0 -1 0 -0.9058 0 -0.4236 -0.4236 0 0.9058 6279 - LS60.dat
1 0 -140 -535.9 398.619 0 -1 0 -0.9058 0 -0.4236 -0.4236 0 0.9058 6279 - LS60.dat
1 0 -140 -536.539 399.985 0 -1 0 -0.9058 0 -0.4236 -0.4236 0 0.9058 6279 - LS60.dat
1 0 -140 -537.176 401.347 0 -1 0 -0.9058 0 -0.4237 -0.4237 0 0.9058 6279 - LS60.dat
1 0 -140 -537.819 402.722 0 -1 0 -0.9058 0 -0.4237 -0.4237 0 0.9058 6279 - LS60.dat
1 0 -140 -538.458 404.088 0 -1 0 -0.9058 0 -0.4237 -0.4237 0 0.9058 6279 - LS60.dat
1 0 -140 -539.101 405.464 0 -1 0 -0.9058 0 -0.4237 -0.4237 0 0.9058 6279 - LS60.dat
1 0 -140 -539.741 406.83 0 -1 0 -0.9058 0 -0.4237 -0.4237 0 0.9058 6279 - LS60.dat
1 0 -140 -540.383 408.204 0 -1 0 -0.9058 0 -0.4237 -0.4237 0 0.9058 6279 - LS60.dat
1 0 -140 -541.021 409.567 0 -1 0 -0.9058 0 -0.4237 -0.4237 0 0.9058 6279 - LS60.dat
1 0 -140 -541.662 410.937 0 -1 0 -0.9058 0 -0.4237 -0.4237 0 0.9058 6279 - LS60.dat
1 0 -140 -542.298 412.297 0 -1 0 -0.9058 0 -0.4237 -0.4237 0 0.9058 6279 - LS60.dat
1 0 -140 -542.937 413.663 0 -1 0 -0.9058 0 -0.4237 -0.4237 0 0.9058 6279 - LS60.dat
1 0 -140 -543.579 415.035 0 -1 0 -0.9058 0 -0.4237 -0.4237 0 0.9058 6279 - LS60.dat
1 0 -140 -544.216 416.398 0 -1 0 -0.9058 0 -0.4237 -0.4237 0 0.9058 6279 - LS60.dat
1 0 -140 -544.856 417.767 0 -1 0 -0.9058 0 -0.4237 -0.4237 0 0.9058 6279 - LS60.dat
1 0 -140 -545.493 419.127 0 -1 0 -0.9058 0 -0.4237 -0.4237 0 0.9058 6279 - LS60.dat
1 0 -140 -546.132 420.494 0 -1 0 -0.9058 0 -0.4238 -0.4238 0 0.9058 6279 - LS60.dat
1 0 -140 -546.769 421.854 0 -1 0 -0.9058 0 -0.4237 -0.4237 0 0.9058 6279 - LS60.dat
1 0 -140 -547.408 423.221 0 -1 0 -0.9058 0 -0.4237 -0.4237 0 0.9058 6279 - LS60.dat
1 0 -140 -548.045 424.583 0 -1 0 -0.9058 0 -0.4237 -0.4237 0 0.9058 6279 - LS60.dat
1 0 -140 -548.686 425.952 0 -1 0 -0.9058 0 -0.4238 -0.4238 0 0.9058 6279 - LS60.dat
1 0 -140 -549.324 427.318 0 -1 0 -0.9058 0 -0.4237 -0.4237 0 0.9058 6279 - LS60.dat
1 0 -140 -549.961 428.679 0 -1 0 -0.9058 0 -0.4238 -0.4238 0 0.9058 6279 - LS60.dat
1 0 -140 -550.603 430.05 0 -1 0 -0.9058 0 -0.4237 -0.4237 0 0.9058 6279 - LS60.dat
1 0 -140 -551.243 431.419 0 -1 0 -0.9058 0 -0.4238 -0.4238 0 0.9058 6279 - LS60.dat
1 0 -140 -551.883 432.787 0 -1 0 -0.9058 0 -0.4238 -0.4238 0 0.9058 6279 - LS60.dat
1 0 -140 -552.523 434.154 0 -1 0 -0.9058 0 -0.4238 -0.4238 0 0.9058 6279 - LS60.dat
1 0 -140 -553.162 435.521 0 -1 0 -0.9058 0 -0.4237 -0.4237 0 0.9058 6279 - LS60.dat
1 0 -140 -553.803 436.889 0 -1 0 -0.9058 0 -0.4238 -0.4238 0 0.9058 6279 - LS60.dat
1 0 -140 -554.444 438.26 0 -1 0 -0.9058 0 -0.4238 -0.4238 0 0.9058 6279 - LS60.dat
1 0 -140 -555.081 439.622 0 -1 0 -0.9058 0 -0.4238 -0.4238 0 0.9058 6279 - LS60.dat
1 0 -140 -555.72 440.987 0 -1 0 -0.9058 0 -0.4237 -0.4237 0 0.9058 6279 - LS60.dat
1 0 -140 -556.355 442.346 0 -1 0 -0.9058 0 -0.4238 -0.4238 0 0.9058 6279 - LS60.dat
1 0 -140 -556.994 443.711 0 -1 0 -0.9058 0 -0.4238 -0.4238 0 0.9058 6279 - LS60.dat
1 0 -140 -557.63 445.071 0 -1 0 -0.9058 0 -0.4237 -0.4237 0 0.9058 6279 - LS60.dat
1 0 -140 -558.27 446.439 0 -1 0 -0.9058 0 -0.4238 -0.4238 0 0.9058 6279 - LS60.dat
1 0 -140 -558.909 447.805 0 -1 0 -0.9058 0 -0.4238 -0.4238 0 0.9058 6279 - LS60.dat
1 0 -140 -559.548 449.169 0 -1 0 -0.9058 0 -0.4238 -0.4238 0 0.9058 6279 - LS60.dat
1 0 -140 -560.186 450.533 0 -1 0 -0.9058 0 -0.4238 -0.4238 0 0.9058 6279 - LS60.dat
1 0 -140 -560.824 451.897 0 -1 0 -0.9058 0 -0.4237 -0.4237 0 0.9058 6279 - LS60.dat
1 0 -140 -561.463 453.263 0 -1 0 -0.9058 0 -0.4238 -0.4238 0 0.9058 6279 - LS60.dat
1 0 -140 -562.103 454.632 0 -1 0 -0.9058 0 -0.4238 -0.4238 0 0.9058 6279 - LS60.dat
1 0 -140 -562.74 455.992 0 -1 0 -0.9058 0 -0.4238 -0.4238 0 0.9058 6279 - LS60.dat
1 0 -140 -563.378 457.358 0 -1 0 -0.9058 0 -0.4238 -0.4238 0 0.9058 6279 - LS60.dat
1 0 -140 -564.014 458.717 0 -1 0 -0.9058 0 -0.4237 -0.4237 0 0.9058 6279 - LS60.dat
1 0 -140 -564.653 460.083 0 -1 0 -0.9058 0 -0.4238 -0.4238 0 0.9058 6279 - LS60.dat
1 0 -140 -565.291 461.445 0 -1 0 -0.9058 0 -0.4238 -0.4238 0 0.9058 6279 - LS60.dat
1 0 -140 -565.927 462.804 0 -1 0 -0.9058 0 -0.4238 -0.4238 0 0.9058 6279 - LS60.dat
1 0 -140 -566.567 464.174 0 -1 0 -0.9058 0 -0.4238 -0.4238 0 0.9058 6279 - LS60.dat
1 0 -140 -567.207 465.542 0 -1 0 -0.9058 0 -0.4237 -0.4237 0 0.9058 6279 - LS60.dat
1 0 -140 -567.847 466.91 0 -1 0 -0.9058 0 -0.4238 -0.4238 0 0.9058 6279 - LS60.dat
1 0 -140 -568.487 468.278 0 -1 0 -0.9058 0 -0.4238 -0.4238 0 0.9058 6279 - LS60.dat
1 0 -140 -569.128 469.649 0 -1 0 -0.9058 0 -0.4237 -0.4237 0 0.9058 6279 - LS60.dat
1 0 -140 -569.764 471.008 0 -1 0 -0.9058 0 -0.4237 -0.4237 0 0.9058 6279 - LS60.dat
1 0 -140 -570.402 472.37 0 -1 0 -0.9058 0 -0.4237 -0.4237 0 0.9058 6279 - LS60.dat
1 0 -140 -571.041 473.736 0 -1 0 -0.9058 0 -0.4237 -0.4237 0 0.9058 6279 - LS60.dat
1 0 -140 -571.682 475.107 0 -1 0 -0.9058 0 -0.4237 -0.4237 0 0.9058 6279 - LS60.dat
1 0 -140 -572.32 476.47 0 -1 0 -0.9058 0 -0.4238 -0.4238 0 0.9058 6279 - LS60.dat
1 0 -140 -572.96 477.839 0 -1 0 -0.9058 0 -0.4237 -0.4237 0 0.9058 6279 - LS60.dat
1 0 -140 -573.597 479.2 0 -1 0 -0.9058 0 -0.4237 -0.4237 0 0.9058 6279 - LS60.dat
1 0 -140 -574.237 480.569 0 -1 0 -0.9058 0 -0.4238 -0.4238 0 0.9058 6279 - LS60.dat
1 0 -140 -574.874 481.931 0 -1 0 -0.9058 0 -0.4237 -0.4237 0 0.9058 6279 - LS60.dat
1 0 -140 -575.516 483.302 0 -1 0 -0.9058 0 -0.4237 -0.4237 0 0.9058 6279 - LS60.dat
1 0 -140 -576.154 484.666 0 -1 0 -0.9058 0 -0.4237 -0.4237 0 0.9058 6279 - LS60.dat
1 0 -140 -576.797 486.04 0 -1 0 -0.9058 0 -0.4237 -0.4237 0 0.9058 6279 - LS60.dat
1 0 -140 -577.437 487.408 0 -1 0 -0.9058 0 -0.4237 -0.4237 0 0.9058 6279 - LS60.dat
1 0 -140 -578.074 488.77 0 -1 0 -0.9058 0 -0.4237 -0.4237 0 0.9058 6279 - LS60.dat
1 0 -140 -578.716 490.142 0 -1 0 -0.9058 0 -0.4237 -0.4237 0 0.9058 6279 - LS60.dat
1 0 -140 -579.354 491.508 0 -1 0 -0.9058 0 -0.4237 -0.4237 0 0.9058 6279 - LS60.dat
1 0 -140 -579.998 492.884 0 -1 0 -0.9058 0 -0.4237 -0.4237 0 0.9058 6279 - LS60.dat
1 0 -140 -580.638 494.252 0 -1 0 -0.9058 0 -0.4237 -0.4237 0 0.9058 6279 - LS60.dat
1 0 -140 -581.274 495.612 0 -1 0 -0.9058 0 -0.4237 -0.4237 0 0.9058 6279 - LS60.dat
1 0 -140 -581.914 496.98 0 -1 0 -0.9058 0 -0.4237 -0.4237 0 0.9058 6279 - LS60.dat
1 0 -140 -582.557 498.356 0 -1 0 -0.9058 0 -0.4236 -0.4236 0 0.9058 6279 - LS60.dat
1 0 -140 -583.194 499.719 0 -1 0 -0.9058 0 -0.4237 -0.4237 0 0.9058 6279 - LS60.dat
1 0 -140 -583.834 501.086 0 -1 0 -0.9059 0 -0.4236 -0.4236 0 0.9059 6279 - LS60.dat
1 0 -140 -584.473 502.453 0 -1 0 -0.9058 0 -0.4236 -0.4236 0 0.9058 6279 - LS60.dat
1 0 -140 -585.111 503.818 0 -1 0 -0.9059 0 -0.4236 -0.4236 0 0.9059 6279 - LS60.dat
1 0 -140 -585.754 505.192 0 -1 0 -0.9059 0 -0.4235 -0.4235 0 0.9059 6279 - LS60.dat
1 0 -140 -586.397 506.568 0 -1 0 -0.9059 0 -0.4235 -0.4235 0 0.9059 6279 - LS60.dat
1 0 -140 -587.033 507.929 0 -1 0 -0.9059 0 -0.4234 -0.4234 0 0.9059 6279 - LS60.dat
1 0 -140 -587.676 509.305 0 -1 0 -0.906 0 -0.4233 -0.4233 0 0.906 6279 - LS60.dat
1 0 -140 -588.096 510.752 0 -1 0 -0.9489 0 -0.3155 -0.3155 0 0.9489 6279 - LS60.dat
1 0 -140 -587.895 512.279 0 -1 0 -0.9998 0 0.0222 0.0222 0 0.9998 6279 - LS60.dat
1 0 -140 -586.939 513.531 0 -1 0 -0.8754 0 0.4834 0.4834 0 0.8754 6279 - LS60.dat
1 0 -140 -585.612 514.336 0 -1 0 -0.6208 0 0.784 0.784 0 0.6208 6279 - LS60.dat
1 0 -140 -584.193 514.877 0 -1 0 -0.4253 0 0.905 0.905 0 0.4253 6279 - LS60.dat
1 0 -140 -582.738 515.266 0 -1 0 -0.3005 0 0.9538 0.9538 0 0.3005 6279 - LS60.dat
1 0 -140 -581.26 515.552 0 -1 0 -0.2178 0 0.976 0.976 0 0.2178 6279 - LS60.dat
1 0 -140 -579.773 515.763 0 -1 0 -0.1597 0 0.9872 0.9872 0 0.1597 6279 - LS60.dat
1 0 -140 -578.278 515.917 0 -1 0 -0.1168 0 0.9932 0.9932 0 0.1168 6279 - LS60.dat
1 0 -140 -576.779 516.027 0 -1 0 -0.084 0 0.9965 0.9965 0 0.084 6279 - LS60.dat
1 0 -140 -575.281 516.101 0 -1 0 -0.0582 0 0.9983 0.9983 0 0.0582 6279 - LS60.dat
1 0 -140 -573.78 516.147 0 -1 0 -0.0375 0 0.9993 0.9993 0 0.0375 6279 - LS60.dat
1 0 -140 -572.278 516.17 0 -1 0 -0.0208 0 0.9998 0.9998 0 0.0208 6279 - LS60.dat
1 0 -140 -570.777 516.174 0 -1 0 -0.0074 0 1 1 0 0.0074 6279 - LS60.dat
1 0 -140 -569.276 516.164 0 -1 0 0.0034 0 1 1 0 -0.0034 6279 - LS60.dat
