0 FILE 6285 - main.ldr
0 main
0 Name: 6285 - main.ldr
0 Author: Philippe Hurbain [Philo]
0 !LDRAW_ORG Model
0 !LICENSE Redistributable under CCAL version 2.0 : see CAreadme.txt

1 6 0 0 0 1 0 0 0 1 0 0 0 1 2560.dat
1 0 80 32 -80 0 0 -1 0 1 0 1 0 0 3001.dat
1 0 -80 32 -80 0 0 -1 0 1 0 1 0 0 3001.dat
1 0 80 32 80 0 0 -1 0 1 0 1 0 0 3001.dat
1 0 -80 32 80 0 0 -1 0 1 0 1 0 0 3001.dat
1 6 0 0 160 1 0 0 0 1 0 0 0 1 2560.dat
1 0 80 32 240 0 0 -1 0 1 0 1 0 0 3001.dat
1 0 -80 32 240 0 0 -1 0 1 0 1 0 0 3001.dat
1 6 0 0 -160 1 0 0 0 1 0 0 0 1 2560.dat
1 0 80 32 -240 0 0 -1 0 1 0 1 0 0 3001.dat
1 0 -80 32 -240 0 0 -1 0 1 0 1 0 0 3001.dat
1 0 0 -72 380 1 0 0 0 1 0 0 0 1 6285 - shipback.ldr
1 6 0 -72 -360 1 0 0 0 1 0 0 0 1 2557c01.dat
1 0 -140 -8 80 1 0 0 0 1 0 0 0 1 3022.dat
1 0 -40 16 80 1 0 0 0 1 0 0 0 1 6285 - bench.ldr
1 0 -80 0 130 -1 0 0 0 1 0 0 0 -1 6285 - 4865a.dat
1 0 -140 -8 -80 1 0 0 0 1 0 0 0 1 3022.dat
1 0 -40 16 -80 1 0 0 0 1 0 0 0 1 6285 - bench.ldr
1 0 -80 0 -130 1 0 0 0 1 0 0 0 1 6285 - 4865a.dat
1 0 80 0 130 -1 0 0 0 1 0 0 0 -1 6285 - 4865a.dat
1 0 40 16 80 -1 0 0 0 1 0 0 0 -1 6285 - bench.ldr
1 0 40 16 -80 -1 0 0 0 1 0 0 0 -1 6285 - bench.ldr
1 0 80 0 -130 1 0 0 0 1 0 0 0 1 6285 - 4865a.dat
1 0 140 -8 -80 -1 0 0 0 1 0 0 0 -1 3022.dat
1 0 140 -8 80 -1 0 0 0 1 0 0 0 -1 3022.dat
1 7 0 -32 340 -1 0 0 0 1 0 0 0 -1 3028.dat
1 7 0 -32 420 -1 0 0 0 1 0 0 0 -1 3832.dat
1 7 0 -32 460 -1 0 0 0 1 0 0 0 -1 3034.dat
1 0 0 0 80 1 0 0 0 1 0 0 0 1 3003.dat
1 0 0 0 -80 1 0 0 0 1 0 0 0 1 3003.dat
1 0 0 40 556 -1 0 0 0 1 0 0 0 -1 6285 - rudder.ldr
1 0 80 0 150 -1 0 0 0 1 0 0 0 -1 3010.dat
1 0 -80 0 150 -1 0 0 0 1 0 0 0 -1 3010.dat
1 0 -80 0 -150 -1 0 0 0 1 0 0 0 -1 3010.dat
1 0 80 0 -150 -1 0 0 0 1 0 0 0 -1 3010.dat
1 0 -150 -24 -230 0 0 1 0 1 0 -1 0 0 3665a.dat
1 0 -150 -24 -170 0 0 1 0 1 0 -1 0 0 3665a.dat
1 0 -150 -24 230 0 0 1 0 1 0 -1 0 0 3665a.dat
1 0 -150 -24 170 0 0 1 0 1 0 -1 0 0 3665a.dat
1 0 150 -24 -230 0 0 -1 0 1 0 1 0 0 3665a.dat
1 0 150 -24 -170 0 0 -1 0 1 0 1 0 0 3665a.dat
1 0 150 -24 170 0 0 -1 0 1 0 1 0 0 3665a.dat
1 0 150 -24 230 0 0 -1 0 1 0 1 0 0 3665a.dat
1 0 -80 0 -30 1 0 0 0 1 0 0 0 1 3633.dat
1 0 -80 0 30 -1 0 0 0 1 0 0 0 -1 3633.dat
1 0 80 0 30 -1 0 0 0 1 0 0 0 -1 3633.dat
1 0 80 0 -30 1 0 0 0 1 0 0 0 1 3633.dat
1 0 -150 -16 -80 0 0 -1 0 1 0 1 0 0 3069b.dat
1 0 -150 -16 80 0 0 -1 0 1 0 1 0 0 3069b.dat
1 0 150 -16 80 0 0 -1 0 1 0 1 0 0 3069b.dat
1 0 150 -16 -80 0 0 -1 0 1 0 1 0 0 3069b.dat
1 0 -150 -24 -200 0 0 -1 0 1 0 1 0 0 3004.dat
1 0 -150 -24 200 0 0 -1 0 1 0 1 0 0 3004.dat
1 0 -150 -24 -130 0 0 -1 0 1 0 1 0 0 3622.dat
1 0 -150 -24 130 0 0 -1 0 1 0 1 0 0 3622.dat
1 0 -150 -24 0 0 0 -1 0 1 0 1 0 0 3009.dat
1 0 150 -24 -200 0 0 -1 0 1 0 1 0 0 3004.dat
1 0 150 -24 200 0 0 -1 0 1 0 1 0 0 3004.dat
1 0 150 -24 -130 0 0 -1 0 1 0 1 0 0 3622.dat
1 0 150 -24 130 0 0 -1 0 1 0 1 0 0 3622.dat
1 0 150 -24 0 0 0 -1 0 1 0 1 0 0 3009.dat
1 0 0 -72 500 1 0 0 0 1 0 0 0 1 3034.dat
1 0 -30 0 0 0 0 1 0 1 0 -1 0 0 3633.dat
1 0 30 0 0 0 0 -1 0 1 0 1 0 0 3633.dat
1 0 -120 -24 -150 1 0 0 0 1 0 0 0 1 3004.dat
1 0 -120 -24 150 1 0 0 0 1 0 0 0 1 3004.dat
1 0 120 -24 150 1 0 0 0 1 0 0 0 1 3004.dat
1 0 120 -24 -150 1 0 0 0 1 0 0 0 1 3004.dat
1 0 -50 -24 150 1 0 0 0 1 0 0 0 1 3005.dat
1 0 50 -24 150 1 0 0 0 1 0 0 0 1 3005.dat
1 0 -50 -24 -150 1 0 0 0 1 0 0 0 1 3005.dat
1 0 50 -24 -150 1 0 0 0 1 0 0 0 1 3005.dat
1 0 0 -80 540 1 0 0 0 1 0 0 0 1 3035.dat
1 0 60 -88 580 -1 0 0 0 1 0 0 0 -1 3935.dat
1 0 -60 -88 580 -1 0 0 0 1 0 0 0 -1 3936.dat
1 0 0 -88 580 0 0 -1 0 1 0 1 0 0 3020.dat
1 0 0 -96 590 1 0 0 0 1 0 0 0 1 3710.dat
1 0 0 -96 610 -1 0 0 0 1 0 0 0 -1 4623.dat
1 0 -80 -48 -150 -1 0 0 0 1 0 0 0 -1 3659.dat
1 0 80 -48 -150 -1 0 0 0 1 0 0 0 -1 3659.dat
1 0 -80 -48 150 -1 0 0 0 1 0 0 0 -1 3659.dat
1 0 80 -48 150 -1 0 0 0 1 0 0 0 -1 3659.dat
1 14 0 -48 -150 -1 0 0 0 1 0 0 0 -1 3853.dat
1 14 0 -48 150 1 0 0 0 1 0 0 0 1 3853.dat
1 4 40 -48 138 0 0 1 0 1 0 -1 0 0 3856.dat
1 4 -40 -48 138 0 0 -1 0 1 0 1 0 0 3856.dat
1 4 -40 -48 -138 0 0 -1 0 1 0 1 0 0 3856.dat
1 4 40 -48 -138 0 0 1 0 1 0 -1 0 0 3856.dat
1 15 0 -48 270 1 0 0 0 1 0 0 0 1 2465.dat
1 15 0 -48 -270 1 0 0 0 1 0 0 0 1 2465.dat
1 15 -150 -48 220 0 0 1 0 1 0 -1 0 0 3010.dat
1 15 -150 -48 150 1 0 0 0 1 0 0 0 1 2357.dat
1 15 -150 -48 120 0 0 1 0 1 0 -1 0 0 3004.dat
1 15 -150 -48 -120 0 0 1 0 1 0 -1 0 0 3004.dat
1 15 -150 -48 -220 0 0 1 0 1 0 -1 0 0 3010.dat
1 15 -150 -48 -150 0 0 1 0 1 0 -1 0 0 2357.dat
1 15 -150 -48 40 0 0 1 0 1 0 -1 0 0 3004.dat
1 15 -150 -48 -30 0 0 1 0 1 0 -1 0 0 3622.dat
1 15 -150 -48 10 0 0 -1 0 1 0 1 0 0 4287a.dat
1 0 -120 -56 10 1 0 0 0 1 0 0 0 1 3023.dat
1 0 -170 -48 -170 1 0 0 0 1 0 0 0 1 3005.dat
1 0 -170 -48 -230 1 0 0 0 1 0 0 0 1 3005.dat
1 0 -60 -56 330 1 0 0 0 1 0 0 0 1 3009.dat
1 15 150 -48 220 0 0 -1 0 1 0 1 0 0 3010.dat
1 15 150 -48 150 0 0 -1 0 1 0 1 0 0 2357.dat
1 15 150 -48 120 0 0 -1 0 1 0 1 0 0 3004.dat
1 15 150 -48 -120 0 0 -1 0 1 0 1 0 0 3004.dat
1 15 150 -48 -220 0 0 -1 0 1 0 1 0 0 3010.dat
1 15 150 -48 -150 -1 0 0 0 1 0 0 0 -1 2357.dat
1 15 150 -48 40 0 0 -1 0 1 0 1 0 0 3004.dat
1 15 150 -48 -30 0 0 -1 0 1 0 1 0 0 3622.dat
1 15 150 -48 10 0 0 1 0 1 0 -1 0 0 4287a.dat
1 0 120 -56 10 1 0 0 0 1 0 0 0 1 3023.dat
1 0 170 -48 -170 1 0 0 0 1 0 0 0 1 3005.dat
1 0 170 -48 -230 1 0 0 0 1 0 0 0 1 3005.dat
1 0 60 -56 330 1 0 0 0 1 0 0 0 1 3009.dat
1 0 -150 -56 -200 0 0 -1 0 1 0 1 0 0 4477.dat
1 0 -150 -56 -40 0 0 1 0 1 0 -1 0 0 3023.dat
1 0 -150 -56 50 0 0 1 0 1 0 -1 0 0 3024.dat
1 0 -150 -72 10 0 0 -1 0 1 0 1 0 0 3622.dat
1 0 -150 -56 130 0 0 -1 0 1 0 1 0 0 3623.dat
1 0 -150 -72 240 0 0 -1 0 1 0 1 0 0 3008.dat
1 0 -130 -80 330 0 0 1 0 1 0 -1 0 0 3024.dat
1 0 -120 -80 480 -1 0 0 0 1 0 0 0 -1 3933.dat
1 0 150 -56 -200 0 0 1 0 1 0 -1 0 0 4477.dat
1 0 150 -56 -40 0 0 -1 0 1 0 1 0 0 3023.dat
1 0 150 -56 50 0 0 -1 0 1 0 1 0 0 3024.dat
1 0 150 -72 10 0 0 1 0 1 0 -1 0 0 3622.dat
1 0 150 -56 130 0 0 1 0 1 0 -1 0 0 3623.dat
1 0 150 -72 240 0 0 1 0 1 0 -1 0 0 3008.dat
1 0 130 -80 330 0 0 -1 0 1 0 1 0 0 3024.dat
1 0 120 -80 480 -1 0 0 0 1 0 0 0 -1 3934.dat
1 7 0 -56 220 0 0 1 0 1 0 -1 0 0 3036.dat
1 7 0 -56 -220 0 0 1 0 1 0 -1 0 0 3036.dat
1 0 170 -56 -200 0 0 -1 0 1 0 1 0 0 3666.dat
1 0 -170 -56 -200 0 0 -1 0 1 0 1 0 0 3666.dat
1 0 170 -48 230 1 0 0 0 1 0 0 0 1 3005.dat
1 0 170 -48 170 1 0 0 0 1 0 0 0 1 3005.dat
1 0 170 -56 200 0 0 1 0 1 0 -1 0 0 3710.dat
1 0 170 -64 230 0 0 -1 0 1 0 1 0 0 6285 - 4081b.dat
1 0 170 -64 170 0 0 -1 0 1 0 1 0 0 6285 - 4081b.dat
1 0 170 -88 230 0 0 -1 0 1 0 1 0 0 4589.dat
1 0 170 -88 170 0 0 -1 0 1 0 1 0 0 4589.dat
1 0 -170 -48 170 -1 0 0 0 1 0 0 0 -1 3005.dat
1 0 -170 -48 230 -1 0 0 0 1 0 0 0 -1 3005.dat
1 0 -170 -56 200 0 0 -1 0 1 0 1 0 0 3710.dat
1 0 -170 -64 170 0 0 1 0 1 0 -1 0 0 6285 - 4081b.dat
1 0 -170 -64 230 0 0 1 0 1 0 -1 0 0 6285 - 4081b.dat
1 0 -170 -88 170 0 0 1 0 1 0 -1 0 0 4589.dat
1 0 -170 -88 230 0 0 1 0 1 0 -1 0 0 4589.dat
1 0 160 -64 -240 0 0 -1 0 1 0 1 0 0 3795.dat
1 0 150 -64 -100 0 0 -1 0 1 0 1 0 0 3460.dat
1 0 150 -64 100 0 0 -1 0 1 0 1 0 0 3666.dat
1 0 150 -72 130 0 0 -1 0 1 0 1 0 0 3623.dat
1 7 110 -56 -150 1 0 0 0 1 0 0 0 1 3623.dat
1 7 70 -56 -150 1 0 0 0 1 0 0 0 1 4085b.dat
1 0 130 -88 430 0 0 -1 0 1 0 1 0 0 3623.dat
1 0 110 -88 470 1 0 0 0 1 0 0 0 1 2420.dat
1 0 -160 -64 -240 0 0 1 0 1 0 -1 0 0 3795.dat
1 0 -150 -64 -100 0 0 1 0 1 0 -1 0 0 3460.dat
1 0 -150 -64 100 0 0 1 0 1 0 -1 0 0 3666.dat
1 0 -150 -72 130 0 0 1 0 1 0 -1 0 0 3623.dat
1 7 -110 -56 -150 1 0 0 0 1 0 0 0 1 3623.dat
1 7 -70 -56 -150 1 0 0 0 1 0 0 0 1 4085b.dat
1 0 -130 -88 430 0 0 1 0 1 0 -1 0 0 3623.dat
1 0 -110 -88 470 0 0 -1 0 1 0 1 0 0 2420.dat
1 0 0 -88 520 -1 0 0 0 1 0 0 0 -1 2445.dat
1 6 0 -64 420 1 0 0 0 1 0 0 0 1 4738b.dat
1 6 0 -80 420 1 0 0 0 1 0 0 0 1 4739.dat
1 334 -26 -44 414 0.799 0 -0.602 0 1 0 0.602 0 0.799 70501c.dat
1 334 -10 -44 426 0.866 0 0.5 0 1 0 -0.5 0 0.866 70501b.dat
1 334 26 -44 414 0.788 0 -0.616 0 1 0 0.616 0 0.788 70501b.dat
1 334 6 -44 414 0.866 0 0.5 0 1 0 -0.5 0 0.866 70501d.dat
1 334 16 -50 427 0.5 0 -0.866 -0.778 0.438 -0.449 0.38 0.899 0.219 70501a.dat
1 334 -2 -48 417 -0.719 0 -0.695 0 1 0 0.695 0 -0.719 70501d.dat
1 334 -26.204 -50 425.597 0.799 0.235 -0.554 0 0.921 0.391 0.602 -0.312 0.735 70501c.dat
1 334 -10.204 -53 414.597 -0.602 0.312 -0.735 0 0.921 0.391 0.799 0.235 -0.554 70501a.dat
1 7 70 -56 150 -1 0 0 0 1 0 0 0 -1 4085b.dat
1 7 -70 -56 150 -1 0 0 0 1 0 0 0 -1 4085b.dat
1 7 -110 -56 150 -1 0 0 0 1 0 0 0 -1 3623.dat
1 7 110 -56 150 -1 0 0 0 1 0 0 0 -1 3623.dat
1 7 -120 -64 0 0 0 1 0 1 0 -1 0 0 4282.dat
1 0 -170 -72 -210 -1 0 0 0 1 0 0 0 -1 2555.dat
1 0 -170 -72 -270 -1 0 0 0 1 0 0 0 -1 2555.dat
1 0 -110 -96 500 0 0 -1 0 1 0 1 0 0 3710.dat
1 0 -130 -96 440 0 0 -1 0 1 0 1 0 0 3710.dat
1 0 -150 -96 340 0 0 -1 0 1 0 1 0 0 3008.dat
1 0 -150 -80 200 0 0 -1 0 1 0 1 0 0 3666.dat
1 0 -150 -88 200 0 0 -1 0 1 0 1 0 0 3666.dat
1 7 120 -64 0 0 0 -1 0 1 0 1 0 0 4282.dat
1 0 170 -72 -210 -1 0 0 0 1 0 0 0 -1 2555.dat
1 0 170 -72 -270 -1 0 0 0 1 0 0 0 -1 2555.dat
1 0 110 -96 500 0 0 1 0 1 0 -1 0 0 3710.dat
1 0 130 -96 440 0 0 1 0 1 0 -1 0 0 3710.dat
1 0 150 -96 340 0 0 1 0 1 0 -1 0 0 3008.dat
1 0 150 -80 200 0 0 1 0 1 0 -1 0 0 3666.dat
1 0 150 -88 200 0 0 1 0 1 0 -1 0 0 3666.dat
1 14 -30 -120 420 1 0 0 0 1 0 0 0 1 2343.dat
1 0 110 -120 490 1 0 0 0 1 0 0 0 1 3005.dat
1 0 110 -120 450 0 0 -1 0 1 0 1 0 0 3038.dat
1 0 150 -120 350 0 0 -1 0 1 0 1 0 0 3622.dat
1 0 170 -104 250 -1 0 0 0 1 0 0 0 -1 2555.dat
1 0 170 -104 190 -1 0 0 0 1 0 0 0 -1 2555.dat
1 0 160 -96 200 0 0 -1 0 1 0 1 0 0 3795.dat
1 0 150 -72 80 0 0 -1 0 1 0 1 0 0 6285 - 2540.dat
1 4 170 -70 60 0.966 0 0.259 0.259 0 -0.966 0 1 0 2335.dat
1 0 150 -72 -80 0 0 -1 0 1 0 1 0 0 6285 - 2540.dat
1 4 170 -70 -100 0.966 0 0.259 0.259 0 -0.966 0 1 0 2335.dat
1 0 150 -72 50 0 0 1 0 1 0 -1 0 0 3024.dat
1 0 150 -72 -40 0 0 1 0 1 0 -1 0 0 3023.dat
1 0 150 -72 -200 0 0 1 0 1 0 -1 0 0 4477.dat
1 7 100 -56 -270 -1 0 0 0 1 0 0 0 -1 4315.dat
1 0 100 -56 -220 -1 0 0 0 1 0 0 0 -1 4213.dat
1 0 100 -64 -200 -1 0 0 0 1 0 0 0 -1 3031.dat
1 0 -110 -120 490 1 0 0 0 1 0 0 0 1 3005.dat
1 0 -110 -120 450 0 0 1 0 1 0 -1 0 0 3038.dat
1 0 -150 -120 350 0 0 1 0 1 0 -1 0 0 3622.dat
1 0 -170 -104 250 -1 0 0 0 1 0 0 0 -1 2555.dat
1 0 -170 -104 190 -1 0 0 0 1 0 0 0 -1 2555.dat
1 0 -160 -96 200 0 0 1 0 1 0 -1 0 0 3795.dat
1 0 -150 -72 80 0 0 1 0 1 0 -1 0 0 6285 - 2540.dat
1 4 -170 -70 60 0.956 0 -0.292 -0.292 0 -0.956 0 1 0 2335.dat
1 0 -150 -72 -80 0 0 1 0 1 0 -1 0 0 6285 - 2540.dat
1 4 -170 -70 -100 0.956 0 -0.292 -0.292 0 -0.956 0 1 0 2335.dat
1 0 -150 -72 50 0 0 -1 0 1 0 1 0 0 3024.dat
1 0 -150 -72 -40 0 0 -1 0 1 0 1 0 0 3023.dat
1 0 -150 -72 -200 0 0 -1 0 1 0 1 0 0 4477.dat
1 7 -100 -56 -270 -1 0 0 0 1 0 0 0 -1 4315.dat
1 0 -100 -56 -220 -1 0 0 0 1 0 0 0 -1 4213.dat
1 0 -100 -64 -200 -1 0 0 0 1 0 0 0 -1 3031.dat
1 7 100 -56 270 1 0 0 0 1 0 0 0 1 4315.dat
1 0 100 -64 200 1 0 0 0 1 0 0 0 1 3031.dat
1 7 -100 -56 270 1 0 0 0 1 0 0 0 1 4315.dat
1 0 -100 -64 200 1 0 0 0 1 0 0 0 1 3031.dat
1 0 -110 -168 510 0 0 1 0 1 0 -1 0 0 2449.dat
1 0 110 -168 510 0 0 -1 0 1 0 1 0 0 2449.dat
1 14 -110 -168 530 -1 0 0 0 1 0 0 0 -1 2449.dat
1 14 110 -168 530 -1 0 0 0 1 0 0 0 -1 2449.dat
1 14 0 -96 530 -1 0 0 0 1 0 0 0 -1 6285 - back.ldr
1 0 130 -168 400 0 0 -1 0 1 0 1 0 0 3684a.dat
1 0 -130 -168 400 0 0 1 0 1 0 -1 0 0 3684a.dat
1 0 -150 -120 220 0 0 -1 0 1 0 1 0 0 3009.dat
1 0 150 -120 220 0 0 -1 0 1 0 1 0 0 3009.dat
1 0 150 -80 110 0 0 -1 0 1 0 1 0 0 6141.dat
1 0 150 -88 110 0 0 -1 0 1 0 1 0 0 6141.dat
1 0 150 -88 70 0 0 -1 0 1 0 1 0 0 6141.dat
1 0 150 -80 70 0 0 -1 0 1 0 1 0 0 6141.dat
1 0 150 -88 30 0 0 -1 0 1 0 1 0 0 6141.dat
1 0 150 -80 30 0 0 -1 0 1 0 1 0 0 6141.dat
1 0 150 -80 -50 0 0 -1 0 1 0 1 0 0 6141.dat
1 0 150 -88 -50 0 0 -1 0 1 0 1 0 0 6141.dat
1 0 150 -88 -90 0 0 -1 0 1 0 1 0 0 6141.dat
1 0 150 -80 -90 0 0 -1 0 1 0 1 0 0 6141.dat
1 0 150 -88 -130 0 0 -1 0 1 0 1 0 0 6141.dat
1 0 150 -80 -130 0 0 -1 0 1 0 1 0 0 6141.dat
1 0 -150 -80 110 0 0 -1 0 1 0 1 0 0 6141.dat
1 0 -150 -88 110 0 0 -1 0 1 0 1 0 0 6141.dat
1 0 -150 -88 70 0 0 -1 0 1 0 1 0 0 6141.dat
1 0 -150 -80 70 0 0 -1 0 1 0 1 0 0 6141.dat
1 0 -150 -88 30 0 0 -1 0 1 0 1 0 0 6141.dat
1 0 -150 -80 30 0 0 -1 0 1 0 1 0 0 6141.dat
1 0 -150 -80 -50 0 0 -1 0 1 0 1 0 0 6141.dat
1 0 -150 -88 -50 0 0 -1 0 1 0 1 0 0 6141.dat
1 0 -150 -88 -90 0 0 -1 0 1 0 1 0 0 6141.dat
1 0 -150 -80 -90 0 0 -1 0 1 0 1 0 0 6141.dat
1 0 -150 -88 -130 0 0 -1 0 1 0 1 0 0 6141.dat
1 0 -150 -80 -130 0 0 -1 0 1 0 1 0 0 6141.dat
1 0 -80 -72 170 1 0 0 0 1 0 0 0 1 6285 - 2540.dat
1 0 80 -72 170 1 0 0 0 1 0 0 0 1 6285 - 2540.dat
1 0 -80 -72 -170 -1 0 0 0 1 0 0 0 -1 6285 - 2540.dat
1 0 80 -72 -170 -1 0 0 0 1 0 0 0 -1 6285 - 2540.dat
1 0 150 -96 -220 0 0 -1 0 1 0 1 0 0 3009.dat
1 0 150 -96 -100 0 0 -1 0 1 0 1 0 0 3666.dat
1 0 150 -96 80 0 0 -1 0 1 0 1 0 0 3666.dat
1 0 130 -192 360 0 0 -1 0 1 0 1 0 0 3684a.dat
1 0 130 -192 400 0 0 -1 0 1 0 1 0 0 3004.dat
1 0 150 -144 300 0 0 -1 0 1 0 1 0 0 3659.dat
1 14 150 -144 250 1 0 0 0 1 0 0 0 1 4286.dat
1 14 110 -192 460 0 0 1 0 1 0 -1 0 0 3853.dat
1 15 106 -188 426 -1 0 0 0 1 0 0 0 -1 2529.dat
1 15 106 -188 494 1 0 0 0 1 0 0 0 1 2529.dat
1 0 110 -192 510 1 0 0 0 1 0 0 0 1 2357.dat
1 0 -150 -96 -220 0 0 1 0 1 0 -1 0 0 3009.dat
1 0 -150 -96 -100 0 0 1 0 1 0 -1 0 0 3666.dat
1 0 -150 -96 80 0 0 1 0 1 0 -1 0 0 3666.dat
1 0 -130 -192 360 0 0 1 0 1 0 -1 0 0 3684a.dat
1 0 -130 -192 400 0 0 1 0 1 0 -1 0 0 3004.dat
1 0 -150 -144 300 0 0 1 0 1 0 -1 0 0 3659.dat
1 14 -150 -144 250 1 0 0 0 1 0 0 0 1 4286.dat
1 14 -110 -192 460 0 0 -1 0 1 0 1 0 0 3853.dat
1 15 -106 -188 426 -1 0 0 0 1 0 0 0 -1 2529.dat
1 15 -106 -188 494 1 0 0 0 1 0 0 0 1 2529.dat
1 0 -110 -192 510 0 0 -1 0 1 0 1 0 0 2357.dat
1 0 0 -64 -210 1 0 0 0 1 0 0 0 1 3710.dat
1 0 0 -64 -260 0 0 1 0 1 0 -1 0 0 4844b.dat
1 14 150 -120 150 1 0 0 0 1 0 0 0 1 4286.dat
1 14 150 -152 260 0 0 1 0 1 0 -1 0 0 3023.dat
1 0 150 -152 300 0 0 -1 0 1 0 1 0 0 6285 - 2540.dat
1 4 170 -150 280 -1 0 0 0 0 1 0 1 0 2335.dat
1 0 130 -216 370 0 0 1 0 1 0 -1 0 0 3622.dat
1 0 110 -216 460 0 0 1 0 1 0 -1 0 0 3008.dat
1 14 110 -240 550 -1 0 0 0 1 0 0 0 -1 2449.dat
1 14 -150 -120 150 1 0 0 0 1 0 0 0 1 4286.dat
1 14 -150 -152 260 0 0 -1 0 1 0 1 0 0 3023.dat
1 0 -150 -152 300 0 0 1 0 1 0 -1 0 0 6285 - 2540.dat
1 4 -170 -150 280 -1 0 0 0 0 1 0 1 0 2335.dat
1 0 -130 -216 370 0 0 -1 0 1 0 1 0 0 3622.dat
1 0 -110 -216 460 0 0 -1 0 1 0 1 0 0 3008.dat
1 14 -110 -240 550 -1 0 0 0 1 0 0 0 -1 2449.dat
1 0 150 -152 330 0 0 -1 0 1 0 1 0 0 4085b.dat
1 0 -150 -152 330 0 0 1 0 1 0 -1 0 0 4085b.dat
1 0 0 -72 -290 1 0 0 0 1 0 0 0 1 3710.dat
1 14 150 -128 170 0 0 1 0 1 0 -1 0 0 3623.dat
1 0 140 -176 330 -1 0 0 0 1 0 0 0 -1 3004.dat
1 0 130 -152 330 -1 0 0 0 1 0 0 0 -1 3005.dat
1 0 130 -128 330 1 0 0 0 1 0 0 0 1 3581.dat
1 6 130 -200 317 0 0 -1 0 1 0 1 0 0 2554.dat
1 14 130 -216 460 0 0 -1 0 1 0 1 0 0 3455.dat
1 14 0 -149.078 545.393 -1 0 0 0 0.93 -0.367 0 -0.367 -0.93 6285 - back2.ldr
1 14 -150 -128 170 0 0 -1 0 1 0 1 0 0 3623.dat
1 0 -140 -176 330 -1 0 0 0 1 0 0 0 -1 3004.dat
1 0 -130 -152 330 -1 0 0 0 1 0 0 0 -1 3005.dat
1 0 -130 -128 330 1 0 0 0 1 0 0 0 1 3581.dat
1 6 -130 -200 317 0 0 1 0 1 0 -1 0 0 2554.dat
1 14 -130 -216 460 0 0 1 0 1 0 -1 0 0 3455.dat
1 0 -110 -240 530 0 0 1 0 1 0 -1 0 0 4070.dat
1 0 110 -240 530 0 0 -1 0 1 0 1 0 0 4070.dat
1 0 110 -240 520 0 0 -1 0 1 0 1 0 0 3040b.dat
1 0 -110 -240 510 0 0 1 0 1 0 -1 0 0 3040b.dat
1 0 0 -80 -300 -1 0 0 0 1 0 0 0 -1 4282.dat
1 0 -140 -80 -360 0 0 -1 0 1 0 1 0 0 3020.dat
1 0 140 -80 -360 0 0 -1 0 1 0 1 0 0 3020.dat
1 0 100 -80 -420 1 0 0 0 1 0 0 0 1 3936.dat
1 0 -100 -80 -420 1 0 0 0 1 0 0 0 1 3935.dat
1 6 0 -96 -160 1 0 0 0 1 0 0 0 1 2489.dat
1 14 -150 -176 310 1 0 0 0 1 0 0 0 1 4286.dat
1 14 150 -176 310 1 0 0 0 1 0 0 0 1 4286.dat
1 6 0 -80 330 1 0 0 0 1 0 0 0 1 6285 - door.ldr
1 0 -80 -200 330 1 0 0 0 1 0 0 0 1 3455.dat
1 0 80 -200 330 1 0 0 0 1 0 0 0 1 3455.dat
1 14 150 -200 330 1 0 0 0 1 0 0 0 1 3040b.dat
1 14 -150 -200 330 1 0 0 0 1 0 0 0 1 3040b.dat
1 0 -110 -208 330 1 0 0 0 1 0 0 0 1 2420.dat
1 0 -110 -216 330 1 0 0 0 1 0 0 0 1 2420.dat
1 0 110 -208 330 0 0 -1 0 1 0 1 0 0 2420.dat
1 0 110 -216 330 0 0 -1 0 1 0 1 0 0 2420.dat
1 0 -100 -224 330 1 0 0 0 1 0 0 0 1 3023.dat
1 0 100 -224 330 1 0 0 0 1 0 0 0 1 3023.dat
1 0 0 48 -400 1 0 0 0 1 0 0 0 1 6285 - bowfront.ldr
1 7 -80 -88 -360 0 0 1 0 1 0 -1 0 0 3795.dat
1 7 80 -88 -360 0 0 1 0 1 0 -1 0 0 3795.dat
1 7 110 -88 -340 0 0 1 0 1 0 -1 0 0 3666.dat
1 7 -110 -88 -340 0 0 1 0 1 0 -1 0 0 3666.dat
1 14 -110 -240 460 0 0 1 0 1 0 -1 0 0 3010.dat
1 14 110 -240 460 0 0 1 0 1 0 -1 0 0 3010.dat
1 0 0 -56 -450 0 0 1 0 1 0 -1 0 0 3021.dat
1 14 0 -64 -430 -1 0 0 0 1 0 0 0 -1 3023.dat
1 14 0 -72 -430 -1 0 0 0 1 0 0 0 -1 3023.dat
1 0 -150 -104 -350 1 0 0 0 1 0 0 0 1 4286.dat
1 0 150 -104 -350 1 0 0 0 1 0 0 0 1 4286.dat
1 0 -30 -104 -290 1 0 0 0 1 0 0 0 1 3040b.dat
1 0 30 -104 -290 1 0 0 0 1 0 0 0 1 3040b.dat
1 0 90 -104 -430 1 0 0 0 1 0 0 0 1 2462.dat
1 0 -90 -104 -430 0 0 1 0 1 0 -1 0 0 2462.dat
1 14 130 -224 330 0 0 -1 0 1 0 1 0 0 3040b.dat
1 0 110 -240 380 0 0 -1 0 1 0 1 0 0 3037.dat
1 0 110 -264 480 0 0 -1 0 1 0 1 0 0 3008.dat
1 6 170 -152 330 1 0 0 0 1 0 0 0 1 3848.dat
1 14 -130 -224 330 0 0 1 0 1 0 -1 0 0 3040b.dat
1 0 -110 -240 380 0 0 1 0 1 0 -1 0 0 3037.dat
1 0 -110 -264 480 0 0 1 0 1 0 -1 0 0 3008.dat
1 6 -170 -152 330 1 0 0 0 1 0 0 0 1 3848.dat
1 0 0 -80 220 1 0 0 0 1 0 0 0 1 6285 - mast.ldr
1 0 110 -264 390 1 0 0 0 1 0 0 0 1 3040b.dat
1 0 -110 -264 390 1 0 0 0 1 0 0 0 1 3040b.dat
1 14 110 -264 570 -1 0 0 0 1 0 0 0 -1 3665a.dat
1 14 -110 -264 570 -1 0 0 0 1 0 0 0 -1 3665a.dat
1 14 130 -264 460 0 0 -1 0 1 0 1 0 0 4088b.dat
1 14 -130 -264 460 0 0 -1 0 1 0 1 0 0 4088b.dat
1 6 0 -112 -220 -1 0 0 0 1 0 0 0 -1 6285 - 4209a.dat
1 0 0 -90 -210 -1 0 0 0 1 0 0 0 -1 6285 - 4208.dat
1 0 -23 -93 -210 0 1 0 1 0 0 0 0 -1 6285 - ropeLQ-2.ldr
1 14 -10 -72 -490 0 0 1 0 1 0 -1 0 0 4287a.dat
1 14 10 -72 -490 0 0 -1 0 1 0 1 0 0 4287a.dat
1 0 0 -112 -290 1 0 0 0 1 0 0 0 1 3710.dat
1 0 150 -104 -310 0 0 1 0 1 0 -1 0 0 3622.dat
1 0 -150 -104 -310 0 0 1 0 1 0 -1 0 0 3622.dat
1 0 130 -104 -360 0 0 1 0 1 0 -1 0 0 3010.dat
1 0 -130 -104 -360 0 0 1 0 1 0 -1 0 0 3010.dat
1 0 110 -128 -410 1 0 0 0 1 0 0 0 1 2462.dat
1 0 130 -128 -350 0 0 1 0 1 0 -1 0 0 3622.dat
1 14 150 -128 -330 -1 0 0 0 1 0 0 0 -1 4286.dat
1 0 110 -272 490 0 0 1 0 1 0 -1 0 0 3623.dat
1 0 100 -272 550 0 0 1 0 1 0 -1 0 0 3021.dat
1 0 110 -272 430 0 0 -1 0 1 0 1 0 0 6141.dat
1 0 110 -280 430 0 0 -1 0 1 0 1 0 0 6141.dat
1 0 110 -272 390 0 0 -1 0 1 0 1 0 0 6141.dat
1 0 110 -280 390 0 0 -1 0 1 0 1 0 0 6141.dat
1 0 110 -280 520 0 0 -1 0 1 0 1 0 0 3666.dat
1 14 10 -72 -510 0 0 -1 0 1 0 1 0 0 3665a.dat
1 0 -110 -128 -410 0 0 1 0 1 0 -1 0 0 2462.dat
1 0 -130 -128 -350 0 0 -1 0 1 0 1 0 0 3622.dat
1 14 -150 -128 -330 -1 0 0 0 1 0 0 0 -1 4286.dat
1 0 -110 -272 490 0 0 -1 0 1 0 1 0 0 3623.dat
1 0 -100 -272 550 0 0 -1 0 1 0 1 0 0 3021.dat
1 0 -110 -272 430 0 0 1 0 1 0 -1 0 0 6141.dat
1 0 -110 -280 430 0 0 1 0 1 0 -1 0 0 6141.dat
1 0 -110 -272 390 0 0 1 0 1 0 -1 0 0 6141.dat
1 0 -110 -280 390 0 0 1 0 1 0 -1 0 0 6141.dat
1 0 -110 -280 520 0 0 1 0 1 0 -1 0 0 3666.dat
1 14 -10 -72 -510 0 0 1 0 1 0 -1 0 0 3665a.dat
1 0 0 -72 -530 1 0 0 0 1 0 0 0 1 3747a.dat
1 0 30 -120 -260 0 0 1 0 1 0 -1 0 0 3710.dat
1 0 -30 -120 -260 0 0 1 0 1 0 -1 0 0 3710.dat
1 0 30 -128 -230 0 0 -1 0 1 0 1 0 0 4085b.dat
1 0 -30 -128 -230 0 0 1 0 1 0 -1 0 0 4085b.dat
1 0 0 -152 -230 -1 0 0 0 1 0 0 0 -1 3659.dat
1 8 50 -122 -230 -1 0 0 0 1 0 0 0 -1 2530.dat
1 8 -50 -124 -230 -1 0 0 0 1 0 0 0 -1 2530.dat
1 8 -30 -84 170 1 0 0 0 1 0 0 0 1 2530.dat
1 8 30 -84 170 1 0 0 0 1 0 0 0 1 2530.dat
1 6 -10 -98 170 -1 0 0 0 -1 0 0 0 1 2561.dat
1 6 10 -97 170 -1 0 0 0 -1 0 0 0 1 2561.dat
1 0 0 -224 330 -1 0 0 0 1 0 0 0 -1 3008.dat
1 0 -70 -128 -450 0 0 1 0 1 0 -1 0 0 3665a.dat
1 0 70 -128 -450 0 0 -1 0 1 0 1 0 0 3665a.dat
1 0 110 -288 480 0 0 -1 0 1 0 1 0 0 4477.dat
1 0 -110 -288 480 0 0 -1 0 1 0 1 0 0 4477.dat
1 0 110 -296 580 0 0 -1 0 1 0 1 0 0 3023.dat
1 14 110 -288 590 -1 0 0 0 1 0 0 0 -1 4287a.dat
1 0 -110 -296 580 0 0 -1 0 1 0 1 0 0 3023.dat
1 14 -110 -288 590 -1 0 0 0 1 0 0 0 -1 4287a.dat
1 14 0 -80 -500 1 0 0 0 1 0 0 0 1 6285 - figurehead.ldr
1 14 90 -248 330 0 0 -1 0 1 0 1 0 0 4286.dat
1 14 -90 -248 330 0 0 1 0 1 0 -1 0 0 4286.dat
1 14 90 -152 -440 0 0 1 0 1 0 -1 0 0 3700.dat
1 14 110 -152 -410 0 0 -1 0 1 0 1 0 0 4589.dat
1 14 130 -152 -390 0 0 -1 0 1 0 1 0 0 4589.dat
1 14 130 -152 -350 0 0 -1 0 1 0 1 0 0 4589.dat
1 14 130 -152 -330 0 0 -1 0 1 0 1 0 0 3040b.dat
1 0 110 -312 550 0 0 -1 0 1 0 1 0 0 4589.dat
1 0 110 -312 510 0 0 -1 0 1 0 1 0 0 4589.dat
1 0 110 -312 470 0 0 -1 0 1 0 1 0 0 4589.dat
1 14 -90 -152 -440 0 0 -1 0 1 0 1 0 0 3700.dat
1 14 -110 -152 -410 0 0 1 0 1 0 -1 0 0 4589.dat
1 14 -130 -152 -390 0 0 1 0 1 0 -1 0 0 4589.dat
1 14 -130 -152 -350 0 0 1 0 1 0 -1 0 0 4589.dat
1 14 -130 -152 -330 0 0 1 0 1 0 -1 0 0 3040b.dat
1 0 -110 -312 550 0 0 1 0 1 0 -1 0 0 4589.dat
1 0 -110 -312 510 0 0 1 0 1 0 -1 0 0 4589.dat
1 0 -110 -312 470 0 0 1 0 1 0 -1 0 0 4589.dat
1 14 0 -296 620 -1 0 0 0 1 0 0 0 -1 6285 - backtop.ldr
1 14 0 -160 -450 1 0 0 0 1 0 0 0 1 4477.dat
1 14 90 -160 -410 0 0 1 0 1 0 -1 0 0 2420.dat
1 14 130 -160 -360 0 0 1 0 1 0 -1 0 0 3710.dat
1 0 110 -320 540 0 0 1 0 1 0 -1 0 0 3460.dat
1 0 -110 -320 540 0 0 1 0 1 0 -1 0 0 3460.dat
1 14 -90 -160 -410 -1 0 0 0 1 0 0 0 -1 2420.dat
1 14 -130 -160 -360 0 0 1 0 1 0 -1 0 0 3710.dat
1 7 0 -224 410 1 0 0 0 1 0 0 0 1 6285 - backdeck.ldr
1 14 -70 -256 330 -1 0 0 0 1 0 0 0 -1 3623.dat
1 14 70 -256 330 -1 0 0 0 1 0 0 0 -1 3623.dat
1 0 250.064 20 -514.536 0.545 -0.217 -0.81 0 0.966 -0.259 0.839 0.141 0.526 2564.dat
1 0 -50 -260 310 1 0 0 0 0 1 0 -1 0 3959.dat
1 0 50 -260 310 1 0 0 0 0 1 0 -1 0 3959.dat
1 46 -50 -284 310 1 0 0 0 -1 0 0 0 -1 6141.dat
1 46 -50 -292 310 1 0 0 0 -1 0 0 0 -1 6141.dat
1 46 50 -284 310 1 0 0 0 -1 0 0 0 -1 6141.dat
1 46 50 -292 310 1 0 0 0 -1 0 0 0 -1 6141.dat
1 0 0 -606 -260 1 0 0 0 1 0 0 0 1 2537.dat
1 0 0 -638 220 1 0 0 0 1 0 0 0 1 2537.dat
1 8 0 -612 -260 1 0 0 0 1 0 0 0 1 2539.dat
1 0 0 -612 -260 1 0 0 0 1 0 0 0 1 2538a.dat
1 8 0 -643 220 1 0 0 0 1 0 0 0 1 2539.dat
1 0 0 -643 220 1 0 0 0 1 0 0 0 1 2538a.dat
1 0 0 -116.122 -463.864 -1 0 0 0 0.531 0.847 0 0.847 -0.531 2538a.dat
1 7 0 -306.068 512.764 0 0 -1 -0.105 0.995 0 0.995 0.105 0 6285 - helm.ldr
1 0 0 -365.751 640.143 -1 0 0 0 0.906 -0.423 0 -0.423 -0.906 6285 - 4735.dat
1 0 0 -370.598 686.538 -1 0 0 0 0.906 -0.423 0 -0.423 -0.906 6285 - lamp.ldr
1 0 -110 -328 650 -1 0 0 0 1 0 0 0 -1 6285 - lamp.ldr
1 0 110 -328 650 -1 0 0 0 1 0 0 0 -1 6285 - lamp.ldr
1 0 0 -534 -198 -1 0 0 0 -1 0 0 0 1 4623.dat
1 0 0 -542 -198 1 0 0 0 -1 0 0 0 -1 2452.dat
1 0 0 -577.033 -115.128 0 0 1 0.391 0.921 0 -0.921 0.391 0 4504.dat
1 6 -10.829 -335.879 471.307 -0.995 -0.088 0.051 -0.011 -0.407 -0.913 0.101 -0.909 0.404 2562.dat
1 6 9.171 -335.879 471.307 -0.995 -0.088 0.051 -0.011 -0.407 -0.913 0.101 -0.909 0.404 2562.dat
1 0 0 -332 158 -1 0 0 0 -1 0 0 0 1 6285 - mastbar1.ldr
1 0 0 -296 -322 -1 0 0 0 -1 0 0 0 1 6285 - mastbar1.ldr
1 0 0 -864 272 -1 0 0 0 -1 0 0 0 1 4623.dat
1 0 0 -872 272 1 0 0 0 -1 0 0 0 -1 2452.dat
1 0 0 -930.697 335.867 0 0 1 0.743 0.669 0 -0.669 0.743 0 4504.dat
1 0 -150 -104 -50 -1 0 0 0 1 0 0 0 -1 6285 - 4081b.dat
1 0 -145 -112 -30 0 -1 0 -1 0 0 0 0 -1 6285 - ropeLQ-3.ldr
1 7 0 -460.821 -54.374 0 -1 0 1 0 0 0 0 1 3127a.dat
1 0 0 -538 -322 -1 0 0 0 -1 0 0 0 1 6285 - mastbar2.ldr
1 0 0 -570 158 -1 0 0 0 -1 0 0 0 1 6285 - mastbar2.ldr
1 0 0 -562 282 -1 0 0 0 -1 0 0 0 1 4623.dat
1 0 0 -570 282 1 0 0 0 -1 0 0 0 -1 2452.dat
1 0 0 -585.295 371.198 0 0 1 0.105 0.995 0 -0.995 0.105 0 4504.dat
1 0 0 -603.704 469.814 0 0 1 0.105 0.995 0 -0.995 0.105 0 4477.dat
1 0 0 -621.068 558.485 -1 0 0.005 0.001 0.995 0.105 -0.005 0.105 -0.995 6285 - 4081b.dat
1 0 0 -387.503 650.286 0 0 -1 0.423 0.906 0 0.906 -0.423 0 4589.dat
1 0 0 -392.941 652.821 -1 0 0 0 0.423 0.906 0 0.906 -0.423 3849.dat
1 15 0 -525.262 714.524 -1 0 0 0 0.906 -0.423 0 -0.423 -0.906 2525p31.dat
1 14 10 -168 -450 1 0 0 0 1 0 0 0 1 6285 - 4081b.dat
1 0 5 -168 -482 0 1 0 0 0 -1 -1 0 0 6285 - ropeLQ-4.ldr
1 0 0 -836 -312 -1 0 0 0 -1 0 0 0 1 6285 - mastbar3.ldr
1 0 0 -867 168 -1 0 0 0 -1 0 0 0 1 6285 - mastbar3.ldr
1 4 0 -666.91 -429.673 1 0 0 0 0.995 -0.105 0 0.105 0.995 6285 - u9496p01c01.dat
1 6 119.757 -343.284 -250 0 -0.983 0.186 0 0.186 0.983 -1 0 0.04 2541.dat
1 6 119.757 -375.284 220 0 -0.983 0.186 0 0.186 0.983 -1 0 0 2541.dat
1 6 -120.22 -344.59 -250.2 0 0.983 -0.186 0 0.186 0.983 1 0 0.04 2541.dat
1 6 -120.22 -376.59 219.8 0 0.983 -0.186 0 0.186 0.983 1 0 0 2541.dat
1 4 0 -545 -337 1 0 0 0 1 0 0 0 1 6285 - u9495p01c01.dat
1 4 0 -836 -335 1 0 0 0 1 0 0 0 1 6285 - u9494p01c01.dat
1 4 0 -580 144 1 0 0 0 1 0 0 0 1 6285 - u9495p01c01.dat
1 4 0 -870 146 1 0 0 0 1 0 0 0 1 6285 - u9494p01c01.dat
1 6 -27 -905 -11 0 -1 0 0 0 -1 1 0 0 2550c01.dat
1 6 286 40 281 -0.883 0 0.469 0 1 0 -0.469 0 -0.883 6285 - jollyboat.ldr
1 7 0 -356.821 -54.374 -0.242 0 -0.97 0 1 0 0.97 0 -0.242 6285 - chest.ldr
1 0 -100 0 -80 0 0 1 0 1 0 -1 0 0 6285 - canon.ldr
1 0 -100 0 80 0 0 1 0 1 0 -1 0 0 6285 - canon.ldr
1 0 100 0 -80 0 0 -1 0 1 0 1 0 0 6285 - canon.ldr
1 0 100 0 80 0 0 -1 0 1 0 1 0 0 6285 - canon.ldr
1 0 -90 8 -10 0 -1 0 0 0 -1 1 0 0 3062b.dat
1 0 -80 8 10 0.53 -0.848 0 0 0 -1 0.848 0.53 0 3062b.dat
1 0 -70 8 -10 -0.53 0.848 0 0 0 -1 -0.848 -0.53 0 3062b.dat
1 0 -70 8 10 0 1 0 0 0 -1 -1 0 0 3062b.dat
1 0 -87 -5 -25 0 -1 0 0 0 -1 1 0 0 3062b.dat
1 0 -106 -1 3 1 0 0 0 -0.358 -0.934 0 0.934 -0.358 3062b.dat
1 0 -79 -18 -2 0 0 -1 0 1 0 1 0 0 3062b.dat
1 0 -63 -10 -6 0.174 0.985 0 -0.985 0.174 0 0 0 1 3062b.dat
1 0 -68 -8 24 0 1 0 0 0 -1 -1 0 0 3062b.dat
1 0 -72 -4 -26 1 0 0 0 -0.934 -0.358 0 0.358 -0.934 3062b.dat
1 0 90 8 9 0 1 0 0 0 -1 -1 0 0 3062b.dat
1 0 80 8 -11 -0.53 0.848 0 0 0 -1 -0.848 -0.53 0 3062b.dat
1 0 70 8 9 0.53 -0.848 0 0 0 -1 0.848 0.53 0 3062b.dat
1 0 70 8 -11 0 -1 0 0 0 -1 1 0 0 3062b.dat
1 0 87 -5 24 0 1 0 0 0 -1 -1 0 0 3062b.dat
1 0 106 -1 -4 -1 0 0 0 -0.358 -0.934 0 -0.934 0.358 3062b.dat
1 0 79 -18 1 0 0 1 0 1 0 -1 0 0 3062b.dat
1 0 63 -10 5 -0.174 -0.985 0 -0.985 0.174 0 0 0 -1 3062b.dat
1 0 68 -8 -25 0 -1 0 0 0 -1 1 0 0 3062b.dat
1 0 72 -4 25 -1 0 0 0 -0.934 -0.358 0 -0.358 0.934 3062b.dat
1 0 220 -80 -20 -1 0 0 0 1 0 0 0 -1 3034.dat
1 0 109 -160 -20 0 0 -1 0 1 0 1 0 0 6285 - pirate6.ldr
1 0 289 -120 -20 0 0 -1 0 1 0 1 0 0 6285 - pirate7.ldr
1 15 40 -352.348 417.359 1 0 0 0 0.994 -0.105 0 0.105 0.994 6285 - pirate5.ldr
1 7 -111 -104 -100 0 0 -1 0 1 0 1 0 0 6285 - pirate2.ldr
1 15 -65.068 -114.984 -82.955 0.331 0.061 -0.941 -0.94 0.099 -0.325 0.074 0.993 0.091 3068bp30.dat
1 15 185.831 -288.744 -224.04 -0.398 -0.385 -0.83 0.047 0.895 -0.441 0.918 -0.214 -0.336 6285 - pirate4.ldr
1 7 40 -96 151 1 0 0 0 1 0 0 0 1 6285 - pirate8.ldr
1 6 18.235 -112.361 121.251 0.985 -0.162 0.051 0.17 0.939 -0.296 0 0.301 0.954 2562.dat
1 6 -70.743 -293.48 393.404 0.026 0 -0.999 -0.105 0.994 -0.002 0.994 0.105 0.026 6285 - pirate1.ldr
1 8 -53.502 -290.021 368.45 0.016 -0.863 -0.505 0.05 0.504 -0.861 0.998 -0.011 0.051 2530.dat
1 0 0 -1035 220 1 0 0 0 1 0 0 0 1 3957a.dat
1 0 0 -1004 -260 1 0 0 0 1 0 0 0 1 3957a.dat
1 15 0 -1127 220 -1 0 0 0 1 0 0 0 -1 2525p31.dat
1 15 0 -1089 -260 -1 0 0 0 1 0 0 0 -1 2335p30.dat



0 FILE 6285 - pirate1.ldr
0 pirate1
0 Name: 6285 - pirate1.ldr
0 Author: Philippe Hurbain [Philo]
0 !LDRAW_ORG Model
0 !LICENSE Redistributable under CCAL version 2.0 : see CAreadme.txt

1 7 0 0 0 1 0 0 0 1 0 0 0 1 3815b.dat
1 7 0 12 0 1 0 0 0 1 0 0 0 1 3816b.dat
1 7 0 12 0 1 0 0 0 1 0 0 0 1 3817b.dat
1 1 0 -32 0 1 0 0 0 1 0 0 0 1 973p34.dat
1 1 15.552 -23 0 0.985 0.17 0 -0.17 0.985 0 0 0 1 3819.dat
1 1 -15.552 -23 0 0.985 -0.17 0 0.17 0.985 0 0 0 1 3818.dat
1 14 -23.688 -5.24 -9.884 0.985 -0.12 0.12 0.17 0.697 -0.697 0 0.707 0.707 3820.dat
1 14 23.688 -5.24 -9.884 0.985 -0.12 -0.12 0.002 0.717 -0.697 0.17 0.686 0.707 3820.dat
1 14 0 -56 0 0.986 0 -0.169 0 1 0 0.169 0 0.986 3626bp49.dat
1 0 0 -56 0 0.986 0 -0.169 0 1 0 0.169 0 0.986 2544.dat


0 FILE 6285 - pirate6.ldr
0 pirate6
0 Name: 6285 - pirate6.ldr
0 Author: Philippe Hurbain [Philo]
0 !LDRAW_ORG Model
0 !LICENSE Redistributable under CCAL version 2.0 : see CAreadme.txt

1 1 0 0 0 0.986 0 -0.169 0 1 0 0.169 0 0.986 2543.dat
1 15 0 56 0 1 0 0 0 1 0 0 0 1 3815b.dat
1 15 0 68 0 1 0 0 0 1 0 0 0 1 3816b.dat
1 15 0 68 0 1 0 0 0 1 0 0 0 1 3817b.dat
1 15 0 24 0 1 0 0 0 1 0 0 0 1 973p38.dat
1 15 15.552 33 0 0.985 0.17 0 -0.17 0.985 0 0 0 1 3819.dat
1 15 -15.552 33 0 0.985 -0.138 -0.1 0.17 0.797 0.579 0 -0.587 0.809 3818.dat
1 14 -22.085 41.48 -19.09 0.985 -0.168 0.026 0.17 0.973 -0.154 0 0.156 0.987 3820.dat
1 14 23.688 50.76 -9.884 0.985 -0.12 -0.12 0.002 0.717 -0.697 0.17 0.686 0.707 3820.dat
1 14 0 0 0 0.986 0 -0.169 0 1 0 0.169 0 0.986 3626bp40.dat
1 6 -22.285 42.658 -28.79 0.985 -0.156 0.068 0.17 0.903 -0.393 0 0.398 0.917 2562.dat


0 FILE 6285 - pirate2.ldr
0 pirate2
0 Name: 6285 - pirate2.ldr
0 Author: Philippe Hurbain [Philo]
0 !LDRAW_ORG Model
0 !LICENSE Redistributable under CCAL version 2.0 : see CAreadme.txt

1 15 0 0 0 1 0 0 0 1 0 0 0 1 3815b.dat
1 15 0 12 0 1 0 0 0 1 0 0 0 1 3816b.dat
1 15 0 12 0 1 0 0 0 1 0 0 0 1 3817b.dat
1 1 0 -32 0 1 0 0 0 1 0 0 0 1 973p34.dat
1 1 15.552 -23 0 0.985 0.13 0.109 -0.17 0.755 0.633 0 -0.642 0.766 3819.dat
1 1 -15.552 -23 0 0.985 -0.17 0 0.17 0.985 0 0 0 1 3818.dat
1 14 -23.688 -5.24 -9.884 0.985 -0.12 0.12 0.17 0.697 -0.697 0 0.707 0.707 3820.dat
1 14 21.855 -15.852 -19.705 0.997 -0.072 -0.015 0.071 0.993 -0.086 0.021 0.085 0.996 3820.dat
1 14 0 -56 0 0.986 0 -0.169 0 1 0 0.169 0 0.986 3626bp49.dat
1 6 0 -56 0 0.986 0 -0.169 0 1 0 0.169 0 0.986 2544.dat


0 FILE 6285 - pirate3.ldr
0 pirate3
0 Name: 6285 - pirate3.ldr
0 Author: Philippe Hurbain [Philo]
0 !LDRAW_ORG Model
0 !LICENSE Redistributable under CCAL version 2.0 : see CAreadme.txt

1 1 0 0 0 1 0 0 0 1 0 0 0 1 3815b.dat
1 1 0 12 0 1 0 0 0 0.174 0.985 0 -0.985 0.174 3816b.dat
1 1 0 12 0 1 0 0 0 0.174 0.985 0 -0.985 0.174 3817b.dat
1 14 0 -32 0 1 0 0 0 1 0 0 0 1 973p32.dat
1 14 15.552 -23 0 0.985 0.124 0.116 -0.17 0.72 0.672 0 -0.681 0.731 3819.dat
1 14 21.679 -16.877 -20.104 0.575 0.817 -0.006 -0.817 0.574 -0.035 -0.025 0.024 0.999 3820.dat
1 14 0 -56 0 0.758 0 -0.653 0 1.001 0 0.652 0 0.758 3626bp35.dat
1 4 0 -56 0 0.758 0 -0.653 0 1.001 0 0.652 0 0.758 2543.dat
1 14 -15.551 -23 0 0.985 -0.124 -0.116 0.17 0.721 0.672 0 -0.681 0.731 3818.dat
1 14 -21.677 -16.876 -20.104 0.575 -0.817 0.006 0.817 0.575 -0.035 0.025 0.024 0.999 3820.dat


0 FILE 6285 - pirate4.ldr
0 pirate4
0 Name: 6285 - pirate4.ldr
0 Author: Philippe Hurbain [Philo]
0 !LDRAW_ORG Model
0 !LICENSE Redistributable under CCAL version 2.0 : see CAreadme.txt

1 4 0 0 0 0.986 0 0.169 0 1 0 -0.169 0 0.986 2543.dat
1 15 0 56 0 1 0 0 0 1 0 0 0 1 3815b.dat
1 15 0 68 0 1 0 0 0 0.995 0.105 0 -0.105 0.995 3817b.dat
1 15 0 68 0 1 0 0 0 0.777 0.629 0 -0.629 0.777 3816b.dat
1 14 0 24 0 1 0 0 0 1 0 0 0 1 973p32.dat
1 14 -15.552 33 0 0.985 -0.142 -0.095 0.17 0.815 0.552 0 -0.559 0.831 3818.dat
1 14 15.552 33 0 0.977 0.049 -0.161 -0.162 0.013 -0.983 -0.046 0.995 0.02 3819.dat
1 14 22.96 42.145 18.362 -0.091 0.978 -0.148 0.702 -0.039 -0.704 -0.698 -0.17 -0.689 3820.dat
1 14 -22.213 42.087 -18.772 0.997 0.074 0.033 -0.067 0.979 -0.186 -0.046 0.186 0.983 3820.dat
1 14 0 0 0 0.986 0 0.169 0 1 0 -0.169 0 0.986 3626bp35.dat
1 8 -22.556 43.574 -28.437 0.997 0.08 0.018 -0.064 0.901 -0.429 -0.051 0.426 0.903 2530.dat


0 FILE 6285 - pirate5.ldr
0 pirate5
0 Name: 6285 - pirate5.ldr
0 Author: Philippe Hurbain [Philo]
0 !LDRAW_ORG Model
0 !LICENSE Redistributable under CCAL version 2.0 : see CAreadme.txt

1 0 0 56 0 1 0 0 0 1 0 0 0 1 3815b.dat
1 0 0 68 0 1 0 0 0 1 0 0 0 1 3817b.dat
1 6 0 68 0 1 0 0 0 1 0 0 0 1 6285 - 2532.dat
1 0 0 24 0 1 0 0 0 1 0 0 0 1 973p36.dat
1 0 15.552 33 0 0.985 0.17 0 -0.17 0.985 0 0 0 1 3819.dat
1 0 -15.552 33 0 0.985 -0.116 -0.124 0.17 0.672 0.72 0 -0.731 0.682 3818.dat
1 14 -21.436 37.722 -20.546 0.985 -0.17 -0.006 0.17 0.985 0.034 0 -0.035 0.999 3820.dat
1 7 23.688 50.76 -9.884 -0.985 0.12 -0.12 -0.002 -0.717 -0.697 -0.17 -0.686 0.707 2531.dat
1 14 0 -1 0 0.66 0 -0.752 0 1 0 0.752 0 0.66 3626bp47.dat
1 6 0 21 0 1 0 0 0 1 0 0 0 1 2526.dat
1 8 25.128 59.124 -18.368 0.986 -0.12 0.115 0.166 0.717 -0.676 -0.002 0.686 0.728 2530.dat
1 4 -21.004 35.229 -30.707 0.122 -0.166 -0.978 -0.198 0.961 -0.187 0.972 0.216 0.084 2546p01.dat
1 0 0 -1 0 0.66 0 -0.752 0 1 0 0.752 0 0.66 6285 - 2528p31.dat


0 FILE 6285 - pirate7.ldr
0 pirate7
0 Name: 6285 - pirate7.ldr
0 Author: Philippe Hurbain [Philo]
0 !LDRAW_ORG Model
0 !LICENSE Redistributable under CCAL version 2.0 : see CAreadme.txt

1 1 0 0 0 1 0 0 0 1 0 0 0 1 3815b.dat
1 1 0 12 0 1 0 0 0 1 0 0 0 1 3816b.dat
1 1 0 12 0 1 0 0 0 1 0 0 0 1 3817b.dat
1 14 0 -32 0 1 0 0 0 1 0 0 0 1 973p31.dat
1 14 15.552 -23 0 0.984 -0.05 0.163 -0.17 -0.288 0.942 0 -0.955 -0.292 3819.dat
1 14 -15.552 -23 0 0.984 0.058 -0.16 0.17 -0.337 0.926 0 -0.939 -0.342 3818.dat
1 14 -17.793 -39.362 -14.358 0.984 -0.072 -0.154 0.17 0.416 0.893 0 -0.906 0.423 3820.dat
1 14 17.925 -38.6 -15.162 0.974 -0.159 0.15 -0.054 0.489 0.87 -0.212 -0.856 0.469 3820.dat
1 14 0 -56 0 0.986 0 -0.169 0 1 0 0.169 0 0.986 3626bp35.dat
1 1 0 -56 0 0.986 0 -0.169 0 1 0 0.169 0 0.986 2543.dat


0 FILE 6285 - pirate8.ldr
0 pirate8
0 Name: 6285 - pirate8.ldr
0 Author: Philippe Hurbain [Philo]
0 !LDRAW_ORG Model
0 !LICENSE Redistributable under CCAL version 2.0 : see CAreadme.txt

1 15 0 0 0 1 0 0 0 1 0 0 0 1 3815b.dat
1 15 0 12 0 1 0 0 0 1 0 0 0 1 3816b.dat
1 15 0 12 0 1 0 0 0 1 0 0 0 1 3817b.dat
1 14 0 -32 0 1 0 0 0 1 0 0 0 1 973p31.dat
1 14 15.552 -23 0 0.985 0.17 0 -0.17 0.985 0 0 0 1 3819.dat
1 14 -15.552 -23 0 0.985 -0.126 -0.114 0.17 0.732 0.659 0 -0.669 0.743 3818.dat
1 14 -21.738 -16.534 -19.976 0.985 -0.17 0.009 0.17 0.984 -0.052 0 0.052 0.998 3820.dat
1 14 23.688 -5.24 -9.884 0.985 -0.12 -0.12 0.002 0.717 -0.697 0.17 0.686 0.707 3820.dat
1 14 0 -56 0 0.986 0 -0.169 0 1 0 0.169 0 0.986 3626bp35.dat
1 1 0 -56 0 0.986 0 -0.169 0 1 0 0.169 0 0.986 2543.dat


0 FILE 6285 - jollyboat.ldr
0 jollyboat
0 Name: 6285 - jollyboat.ldr
0 Author: Philippe Hurbain [Philo]
0 !LDRAW_ORG Model
0 !LICENSE Redistributable under CCAL version 2.0 : see CAreadme.txt

1 6 0 0 0 1 0 0 0 1 0 0 0 1 6285 - 2551.dat
1 7 -30 -8 -20 0 0 1 0 1 0 -1 0 0 3023.dat
1 7 -30 -8 80 0 0 1 0 1 0 -1 0 0 3023.dat
1 7 30.003 -8 -20 0 0 1 0 1 0 -1 0 0 3023.dat
1 7 30 -8 80 0 0 1 0 1 0 -1 0 0 3023.dat
0 STEP
1 7 0.002 -16 -20 -1 0 0 0 1 0 0 0 -1 3020.dat
1 7 0 -16 80 -1 0 0 0 1 0 0 0 -1 3020.dat
0 STEP
1 0 0 -80 110 1 0 0 0 -1 0 0 0 -1 3957a.dat
1 15 0 -70 110 0.966 0 0.259 0 1 0 -0.259 0 0.966 2335p30.dat
1 7 0.002 -37.819 -30.084 -1 0 0 0 0.985 0.174 0 0.174 -0.985 6285 - pirate3.ldr
1 4 7.592 -69.785 -0.502 0.578 0.79 0.203 -0.809 0.587 0.018 -0.105 -0.175 0.979 2542.dat
1 4 -7.591 -69.782 -0.502 0.607 -0.79 -0.081 0.789 0.587 0.182 -0.097 -0.175 0.98 2542.dat
1 0 0 -43 -160 0 0 1 0 1 0 -1 0 0 6285 - ropeLQ-1.ldr
1 6 -31 -28 90 -0.972 0.22 0.078 -0.062 0.079 -0.995 -0.225 -0.972 -0.063 2561.dat


0 FILE 6285 - ropeLQ-1.ldr
0 ropeLQ-1
0 Name: 6285 - ropeLQ-1.ldr
0 Author: Philippe Hurbain [Philo]
0 !LDRAW_ORG Model
0 !LICENSE Redistributable under CCAL version 2.0 : see CAreadme.txt

0 !KEYWORDS flexible, string, rope

0 !LDCAD CONTENT [type=path] [addFallBack=default] [looped=false] [displayKind=mm] [curveStep=0] [displayLenCor=0]
0 !LDCAD PATH_POINT [type=bezier] [posOri=5 -2 0 -0.981627 0.190809 0 -0.190809 -0.981627 0 0 0 1] [prevCPDist=25] [nextCPDist=19] [cirR=25] [cirDir=xyCW] [prevYRoll=0] [nextYRoll=0]
0 !LDCAD PATH_POINT [type=bezier] [posOri=-10.961025 5.116104 0 0.997564 0.069756 0 -0.069756 0.997564 0 0 0 1] [prevCPDist=11.5] [nextCPDist=4] [cirR=20] [cirDir=xyCW] [prevYRoll=0] [nextYRoll=0]
0 !LDCAD PATH_POINT [type=bezier] [posOri=-2.961025 -3.883896 0 0.069756 -0.997564 0 0.997564 0.069756 0 0 0 1] [prevCPDist=6] [nextCPDist=1.5] [cirR=20] [cirDir=xyCW] [prevYRoll=0] [nextYRoll=0]
0 !LDCAD PATH_POINT [type=bezier] [posOri=5 4 0 0 -1 0 1 0 0 0 0 1] [prevCPDist=3] [nextCPDist=122] [cirR=20] [cirDir=xyCW] [prevYRoll=0] [nextYRoll=0]
0 !LDCAD PATH_POINT [type=bezier] [posOri=280.014224 -97 82.027331 0 -0.358368 -0.93358 1 0 0 0 -0.93358 0.358368] [prevCPDist=93.5] [nextCPDist=1] [cirR=25] [cirDir=xyCW] [prevYRoll=0] [nextYRoll=0]
0 !LDCAD PATH_POINT [type=bezier] [posOri=277.533367 -97 90.141846 0 -0.358368 -0.93358 1 0 0 0 -0.93358 0.358368] [prevCPDist=4.5] [nextCPDist=7.5] [cirR=20] [cirDir=xyCW] [prevYRoll=0] [nextYRoll=0]
0 !LDCAD PATH_POINT [type=bezier] [posOri=289.011686 -97 84.038716 0 0.358368 0.93358 1 0 0 0 0.93358 -0.358368] [prevCPDist=10.5] [nextCPDist=5] [cirR=20] [cirDir=xyCW] [prevYRoll=0] [nextYRoll=0]
0 !LDCAD PATH_POINT [type=bezier] [posOri=274.604547 -97 80.373427 0 0.913545 0.406737 1 0 0 0 0.406737 -0.913545] [prevCPDist=5.5] [nextCPDist=25] [cirR=20] [cirDir=xyCW] [prevYRoll=0] [nextYRoll=0]

0 !LDCAD PATH_SKIN [donCol=16] [donOri=1 0 0 0 1 0 0 0 1] [donPart=6285 - ldcLQRopeSeg.dat] [donYSize=400%] [donCen=absCen] [donCenYOfs=0] [donFinScale=segMerge] [donPlace=refsStat] [donYAlign=0] [donInline=true] [segSize=75%] [segSizeTol=5%] [segsCnt=0] [segsGrp=0] [segsMaxMerge=1] [segsMrgAng=0] [segsMrgRollAng=0] [segsEdgeDelKind=keepFirstLeft]

0 !LDCAD GENERATED [generator=LDCad 1.6d]
0 //This is the fallback LDraw content for above PATH configuration.
0 // Do not edit, any changes will be lost upon regeneration.
0 // The path is approx 170.08 mm (425.20) and exists out of 142 segments.

0 //Some general hints about the document.
0 UNOFFICIAL PART
0 BFC CERTIFY CCW

0 //Some of this content has been generated from other LDraw files, many thanks to all involved.
0 // Credits for "6285 - ldcLQRopeSeg.dat":
0 // Author: LDCad

0 //Segments
1 16 4.145697 1.642363 0 -1.460369 0.912118 0 -0.342524 -3.888859 0 0 0 1.5 4-4cyli.dat
1 16 3.11686 4.713859 0 -1.425499 1.243201 0 -0.466855 -3.796003 0 0 0 1.5 4-4cyli.dat
1 16 1.85084 7.424184 0 -1.369834 1.627561 0 -0.611192 -3.647771 0 0 0 1.5 4-4cyli.dat
1 16 0.20177 9.922618 0 -1.270955 2.121459 0 -0.796664 -3.384464 0 0 0 1.5 4-4cyli.dat
1 16 -1.9616 11.999937 0 -1.076263 2.782292 0 -1.044824 -2.866014 0 0 0 1.5 4-4cyli.dat
1 16 -4.745647 13.156768 0 -0.653941 3.594817 0 -1.349948 -1.7414 0 0 0 1.5 4-4cyli.dat
1 16 -7.734827 12.510993 0 0.182759 3.964635 0 -1.488825 0.486673 0 0 0 1.5 4-4cyli.dat
1 16 -9.760133 10.192143 0 1.025808 2.914318 0 -1.094403 2.731654 0 0 0 1.5 4-4cyli.dat
1 16 -10.737834 7.324196 0 1.383095 1.545985 0 -0.580558 3.683085 0 0 0 1.5 4-4cyli.dat
1 16 -11.063198 4.338657 0 1.483205 0.596063 0 -0.223837 3.94967 0 0 0 1.5 4-4cyli.dat
1 16 -10.568932 1.37467 0 1.489134 -0.479927 0 0.180225 3.965458 0 0 0 1.5 4-4cyli.dat
1 16 -9.059801 -1.235638 0 1.339338 -1.798561 0 0.675407 3.566562 0 0 0 1.5 4-4cyli.dat
1 16 -6.656285 -3.068281 0 0.983558 -3.015834 0 1.132525 2.619147 0 0 0 1.5 4-4cyli.dat
1 16 -3.75525 -3.906886 0 0.504028 -3.762141 0 1.412783 1.342192 0 0 0 1.5 4-4cyli.dat
1 16 -1.029302 -2.672294 0 -0.472956 -3.790643 0 1.423486 -1.259447 0 0 0 1.5 4-4cyli.dat
1 16 0.421378 -0.031162 0 -1.218133 -2.330866 0 0.875301 -3.243802 0 0 0 1.5 4-4cyli.dat
1 16 2.239356 2.342165 0 -1.194789 -2.415028 0 0.906906 -3.181639 0 0 0 1.5 4-4cyli.dat
1 16 4.596228 4.188488 0 -0.967764 -3.051854 0 1.146051 -2.577086 0 0 0 1.5 4-4cyli.dat
1 16 7.692509 4.000647 -0.001054 -0.061088 -3.99108 0.000453 1.498756 -0.162674 0.000008 0.000011 0.001206 1.5 4-4cyli.dat
1 16 10.679526 3.92192 -0.00366 0.024996 -3.993838 0.001184 1.499792 0.066562 -0.00006 0.000041 0.003156 1.5 4-4cyli.dat
1 16 13.66674 3.826282 -0.007748 0.044687 -3.992618 0.001919 1.499334 0.118998 -0.000274 0.000217 0.005131 1.499999 4-4cyli.dat
1 16 16.653098 3.706386 -0.012653 0.057944 -3.991408 0.002365 1.49888 0.154299 -0.00057 0.000478 0.00635 1.499998 4-4cyli.dat
1 16 19.636589 3.526628 -0.019046 0.08557 -3.987881 0.003028 1.497557 0.227862 -0.001166 0.000992 0.008229 1.499996 4-4cyli.dat
