0 FILE 6286 - main.ldr
0 main
0 Name: 6286 - main.ldr
0 Author: Philippe Hurbain [Philo]
0 !LDRAW_ORG Model
0 !LICENSE Redistributable under CCAL version 2.0 : see CAreadme.txt

1 6 0 -56 0 1 0 0 0 1 0 0 0 1 2560.dat
1 6 0 -56 -160 1 0 0 0 1 0 0 0 1 2560.dat
1 6 0 -56 160 1 0 0 0 1 0 0 0 1 2560.dat
1 0 -80 -24 80 0 0 -1 0 1 0 1 0 0 3001.dat
1 0 80 -24 80 0 0 1 0 1 0 -1 0 0 3001.dat
1 0 80 -24 -80 0 0 1 0 1 0 -1 0 0 3001.dat
1 0 -80 -24 -80 0 0 -1 0 1 0 1 0 0 3001.dat
1 0 80 -24 -240 0 0 1 0 1 0 -1 0 0 3001.dat
1 0 -80 -24 -240 0 0 -1 0 1 0 1 0 0 3001.dat
1 0 80 -24 240 0 0 1 0 1 0 -1 0 0 3001.dat
1 0 -80 -24 240 0 0 -1 0 1 0 1 0 0 3001.dat
0 STEP
1 4 0 -128 -360 1 0 0 0 1 0 0 0 1 2557c01.dat
1 4 0 -128 380 1 0 0 0 1 0 0 0 1 2559c01.dat
1 1 -20 -56 -260 0 0 1 0 1 0 -1 0 0 3001.dat
1 1 20 -56 -260 0 0 1 0 1 0 -1 0 0 3001.dat
1 1 -70 -104 -390 0 0 1 0 1 0 -1 0 0 3005.dat
1 1 70 -104 -390 0 0 1 0 1 0 -1 0 0 3005.dat
0 STEP
1 7 0 -40 -190 -1 0 0 0 1 0 0 0 -1 4162.dat
1 7 0 -40 -130 -1 0 0 0 1 0 0 0 -1 4162.dat
1 7 0 -40 -10 -1 0 0 0 1 0 0 0 -1 4162.dat
1 7 0 -40 -70 -1 0 0 0 1 0 0 0 -1 4162.dat
1 7 0 -40 110 -1 0 0 0 1 0 0 0 -1 4162.dat
1 7 0 -40 50 -1 0 0 0 1 0 0 0 -1 4162.dat
1 7 0 -40 230 -1 0 0 0 1 0 0 0 -1 4162.dat
1 7 0 -40 170 -1 0 0 0 1 0 0 0 -1 4162.dat
1 1 0 -56 270 -1 0 0 0 1 0 0 0 -1 3008.dat
1 4 0 -16 555 1 0 0 0 1 0 0 0 1 6286 - rudder.ldr
0 STEP
1 1 -70 -128 -390 -1 0 0 0 1 0 0 0 -1 2357.dat
1 1 70 -128 -390 0 0 1 0 1 0 -1 0 0 2357.dat
1 1 0 -80 -280 -1 0 0 0 1 0 0 0 -1 3001.dat
1 0 -100 -56 -220 -1 0 0 0 1 0 0 0 -1 3003.dat
1 7 -80 -40 -170 -1 0 0 0 1 0 0 0 -1 2431.dat
1 7 -80 -40 -150 -1 0 0 0 1 0 0 0 -1 2431.dat
1 7 -80 -40 -30 -1 0 0 0 1 0 0 0 -1 2431.dat
1 7 -80 -40 -50 -1 0 0 0 1 0 0 0 -1 2431.dat
1 0 -100 -56 -100 -1 0 0 0 1 0 0 0 -1 3003.dat
1 7 -80 -40 90 -1 0 0 0 1 0 0 0 -1 2431.dat
1 7 -80 -40 70 -1 0 0 0 1 0 0 0 -1 2431.dat
1 0 -100 -56 20 -1 0 0 0 1 0 0 0 -1 3003.dat
1 7 -80 -40 210 -1 0 0 0 1 0 0 0 -1 2431.dat
1 7 -80 -40 190 -1 0 0 0 1 0 0 0 -1 2431.dat
1 0 -100 -56 140 -1 0 0 0 1 0 0 0 -1 3003.dat
1 0 100 -56 -220 -1 0 0 0 1 0 0 0 -1 3003.dat
1 7 80 -40 -170 -1 0 0 0 1 0 0 0 -1 2431.dat
1 7 80 -40 -150 -1 0 0 0 1 0 0 0 -1 2431.dat
1 7 80 -40 -30 -1 0 0 0 1 0 0 0 -1 2431.dat
1 7 80 -40 -50 -1 0 0 0 1 0 0 0 -1 2431.dat
1 0 100 -56 -100 -1 0 0 0 1 0 0 0 -1 3003.dat
1 7 80 -40 90 -1 0 0 0 1 0 0 0 -1 2431.dat
1 7 80 -40 70 -1 0 0 0 1 0 0 0 -1 2431.dat
1 0 100 -56 20 -1 0 0 0 1 0 0 0 -1 3003.dat
1 7 80 -40 210 -1 0 0 0 1 0 0 0 -1 2431.dat
1 7 80 -40 190 -1 0 0 0 1 0 0 0 -1 2431.dat
1 0 100 -56 140 -1 0 0 0 1 0 0 0 -1 3003.dat
1 0 -100 -56 260 -1 0 0 0 1 0 0 0 -1 3003.dat
1 0 100 -56 260 -1 0 0 0 1 0 0 0 -1 3003.dat
1 4 0 -128 510 -1 0 0 0 1 0 0 0 -1 3460.dat
1 4 -150 -80 140 0 0 -1 0 1 0 1 0 0 3008.dat
1 4 -150 -80 -40 0 0 -1 0 1 0 1 0 0 3008.dat
1 4 -150 -80 -180 0 0 -1 0 1 0 1 0 0 3010.dat
1 4 150 -80 -180 0 0 -1 0 1 0 1 0 0 3010.dat
1 4 150 -80 -40 0 0 -1 0 1 0 1 0 0 3008.dat
1 4 150 -80 140 0 0 -1 0 1 0 1 0 0 3008.dat
0 STEP
1 7 0 -88 -280 1 0 0 0 1 0 0 0 1 3020.dat
1 0 -150 -80 -230 0 0 1 0 1 0 -1 0 0 3665a.dat
1 0 -150 -80 -130 0 0 1 0 1 0 -1 0 0 3665a.dat
1 0 -150 -80 50 0 0 1 0 1 0 -1 0 0 3665a.dat
1 0 -150 -80 230 0 0 1 0 1 0 -1 0 0 3665a.dat
1 7 -150 -88 -160 0 0 1 0 1 0 -1 0 0 3069b.dat
1 7 -150 -88 -40 0 0 1 0 1 0 -1 0 0 3069b.dat
1 7 -150 -88 80 0 0 1 0 1 0 -1 0 0 3069b.dat
1 7 -150 -88 200 0 0 1 0 1 0 -1 0 0 3069b.dat
1 0 150 -80 -230 0 0 -1 0 1 0 1 0 0 3665a.dat
1 0 150 -80 -130 0 0 -1 0 1 0 1 0 0 3665a.dat
1 0 150 -80 50 0 0 -1 0 1 0 1 0 0 3665a.dat
1 0 150 -80 230 0 0 -1 0 1 0 1 0 0 3665a.dat
1 7 150 -88 -160 0 0 -1 0 1 0 1 0 0 3069b.dat
1 7 150 -88 -40 0 0 -1 0 1 0 1 0 0 3069b.dat
1 7 150 -88 80 0 0 -1 0 1 0 1 0 0 3069b.dat
1 7 150 -88 200 0 0 -1 0 1 0 1 0 0 3069b.dat
1 0 150 -128 310 0 0 -1 0 1 0 1 0 0 3665a.dat
1 0 -150 -128 310 0 0 1 0 1 0 -1 0 0 3665a.dat
1 0 -100 -80 290 0 0 -1 0 1 0 1 0 0 3002.dat
1 0 100 -80 290 0 0 -1 0 1 0 1 0 0 3002.dat
1 0 0 -80 270 1 0 0 0 1 0 0 0 1 3008.dat
1 0 -40 -128 490 1 0 0 0 1 0 0 0 1 3659.dat
1 0 40 -128 490 1 0 0 0 1 0 0 0 1 3659.dat
0 STEP
1 0 -150 -104 -270 0 0 1 0 1 0 -1 0 0 3665a.dat
1 7 -150 -104 -220 0 0 1 0 1 0 -1 0 0 3010.dat
1 7 -150 -104 -100 0 0 1 0 1 0 -1 0 0 3010.dat
1 7 -150 -104 20 0 0 1 0 1 0 -1 0 0 3010.dat
1 7 -150 -104 140 0 0 1 0 1 0 -1 0 0 3010.dat
1 7 -150 -104 250 0 0 1 0 1 0 -1 0 0 3622.dat
1 0 150 -104 -270 0 0 -1 0 1 0 1 0 0 3665a.dat
1 7 150 -104 -220 0 0 -1 0 1 0 1 0 0 3010.dat
1 7 150 -104 -100 0 0 -1 0 1 0 1 0 0 3010.dat
1 7 150 -104 20 0 0 -1 0 1 0 1 0 0 3010.dat
1 7 150 -104 140 0 0 -1 0 1 0 1 0 0 3010.dat
1 7 150 -104 250 0 0 -1 0 1 0 1 0 0 3622.dat
1 0 -80 -104 270 1 0 0 0 1 0 0 0 1 3009.dat
1 0 60 -104 270 1 0 0 0 1 0 0 0 1 3008.dat
1 0 -60 -48 -160 0 0 1 0 1 0 -1 0 0 6286 - canonbase.ldr
1 0 -60 -48 -40 0 0 1 0 1 0 -1 0 0 6286 - canonbase.ldr
1 0 60 -48 80 0 0 1 0 1 0 -1 0 0 6286 - canonbase.ldr
1 0 60 -48 200 0 0 1 0 1 0 -1 0 0 6286 - canonbase.ldr
1 7 -120 -64 -220 0 0 1 0 1 0 -1 0 0 3022.dat
1 7 120 -64 -220 0 0 1 0 1 0 -1 0 0 3022.dat
1 7 0 -64 -220 -1 0 0 0 1 0 0 0 -1 3832.dat
1 7 0 -64 -100 -1 0 0 0 1 0 0 0 -1 3832.dat
1 7 0 -64 20 -1 0 0 0 1 0 0 0 -1 3832.dat
1 7 0 -64 140 -1 0 0 0 1 0 0 0 -1 3832.dat
1 7 0 -64 250 -1 0 0 0 1 0 0 0 -1 4477.dat
1 0 -30 -152 500 -1 0 0 0 1 0 0 0 -1 3002.dat
1 0 30 -152 500 -1 0 0 0 1 0 0 0 -1 3002.dat
1 0 90 -152 490 0 0 -1 0 1 0 1 0 0 2357.dat
1 0 -90 -152 490 1 0 0 0 1 0 0 0 1 2357.dat
1 7 110 -136 460 0 0 1 0 1 0 -1 0 0 2431.dat
1 7 130 -136 420 0 0 1 0 1 0 -1 0 0 2431.dat
1 7 150 -136 380 0 0 1 0 1 0 -1 0 0 2431.dat
1 1 90 -104 360 0 0 1 0 1 0 -1 0 0 3008.dat
1 1 -90 -104 360 0 0 -1 0 1 0 1 0 0 3008.dat
1 7 -110 -136 460 0 0 -1 0 1 0 1 0 0 2431.dat
1 7 -130 -136 420 0 0 -1 0 1 0 1 0 0 2431.dat
1 7 -150 -136 380 0 0 -1 0 1 0 1 0 0 2431.dat
1 0 170 -104 230 -1 0 0 0 1 0 0 0 -1 3665a.dat
1 0 170 -104 50 -1 0 0 0 1 0 0 0 -1 3005.dat
1 0 170 -104 -130 -1 0 0 0 1 0 0 0 -1 3005.dat
1 0 170 -104 -230 -1 0 0 0 1 0 0 0 -1 3005.dat
1 0 -170 -104 230 -1 0 0 0 1 0 0 0 -1 3665a.dat
1 0 -170 -104 50 -1 0 0 0 1 0 0 0 -1 3005.dat
1 0 -170 -104 -130 -1 0 0 0 1 0 0 0 -1 3005.dat
1 0 -170 -104 -230 -1 0 0 0 1 0 0 0 -1 3005.dat
0 STEP
1 7 -150 -128 -270 0 0 1 0 1 0 -1 0 0 3622.dat
1 0 -110 -88 -230 -1 0 0 0 1 0 0 0 -1 3622.dat
1 0 -120 -112 -230 -1 0 0 0 1 0 0 0 -1 3004.dat
1 7 -90 -96 -230 -1 0 0 0 1 0 0 0 -1 3024.dat
1 0 -160 -128 -130 -1 0 0 0 1 0 0 0 -1 3004.dat
1 0 -160 -128 50 -1 0 0 0 1 0 0 0 -1 3004.dat
1 7 -150 -128 10 0 0 1 0 1 0 -1 0 0 3622.dat
1 7 -150 -128 -90 0 0 1 0 1 0 -1 0 0 3622.dat
1 7 -150 -128 270 0 0 1 0 1 0 -1 0 0 3622.dat
1 7 -150 -128 140 0 0 1 0 1 0 -1 0 0 3010.dat
1 7 -150 -128 -200 0 0 1 0 1 0 -1 0 0 3004.dat
1 0 -170 -128 230 1 0 0 0 1 0 0 0 1 2357.dat
1 7 150 -128 -270 0 0 -1 0 1 0 1 0 0 3622.dat
1 0 110 -88 -230 -1 0 0 0 1 0 0 0 -1 3622.dat
1 0 120 -112 -230 -1 0 0 0 1 0 0 0 -1 3004.dat
1 7 90 -96 -230 -1 0 0 0 1 0 0 0 -1 3024.dat
1 0 160 -128 -130 -1 0 0 0 1 0 0 0 -1 3004.dat
1 0 160 -128 50 -1 0 0 0 1 0 0 0 -1 3004.dat
1 7 150 -128 10 0 0 -1 0 1 0 1 0 0 3622.dat
1 7 150 -128 -90 0 0 -1 0 1 0 1 0 0 3622.dat
1 7 150 -128 270 0 0 -1 0 1 0 1 0 0 3622.dat
1 7 150 -128 140 0 0 -1 0 1 0 1 0 0 3010.dat
1 7 150 -128 -200 0 0 -1 0 1 0 1 0 0 3004.dat
1 0 170 -128 230 0 0 -1 0 1 0 1 0 0 2357.dat
1 4 0 -176 510 -1 0 0 0 1 0 0 0 -1 3747a.dat
1 15 40 -176 510 -1 0 0 0 1 0 0 0 -1 3747a.dat
1 15 -40 -176 510 -1 0 0 0 1 0 0 0 -1 3747a.dat
1 0 70 -224 510 1 0 0 0 1 0 0 0 1 2339.dat
1 0 -70 -224 510 1 0 0 0 1 0 0 0 1 2339.dat
1 0 0 -88 -230 -1 0 0 0 1 0 0 0 -1 3010.dat
0 STEP
1 0 180 -112 -260 0 0 1 0 1 0 -1 0 0 3795.dat
1 0 180 -120 -310 -1 0 0 0 1 0 0 0 -1 3023.dat
1 0 190 -120 -290 0 0 -1 0 1 0 1 0 0 6019.dat
1 0 190 -120 -230 0 0 -1 0 1 0 1 0 0 6019.dat
1 0 150 -136 -100 0 0 -1 0 1 0 1 0 0 4477.dat
1 0 150 -136 80 0 0 -1 0 1 0 1 0 0 3460.dat
1 0 150 -136 220 0 0 -1 0 1 0 1 0 0 3666.dat
1 0 150 -136 310 0 0 -1 0 1 0 1 0 0 3623.dat
1 0 170 -136 230 0 0 -1 0 1 0 1 0 0 4085c.dat
1 0 180 -136 280 0 0 -1 0 1 0 1 0 0 3020.dat
1 0 90 -176 510 0 0 -1 0 1 0 1 0 0 3005.dat
1 0 70 -176 490 1 0 0 0 1 0 0 0 1 3622.dat
1 0 -180 -112 -260 0 0 -1 0 1 0 1 0 0 3795.dat
1 0 -180 -120 -310 -1 0 0 0 1 0 0 0 -1 3023.dat
1 0 -190 -120 -290 0 0 1 0 1 0 -1 0 0 6019.dat
1 0 -190 -120 -230 0 0 1 0 1 0 -1 0 0 6019.dat
1 0 -150 -136 -100 0 0 1 0 1 0 -1 0 0 4477.dat
1 0 -150 -136 80 0 0 1 0 1 0 -1 0 0 3460.dat
1 0 -150 -136 220 0 0 1 0 1 0 -1 0 0 3666.dat
1 0 -150 -136 310 0 0 1 0 1 0 -1 0 0 3623.dat
1 0 -170 -136 230 0 0 1 0 1 0 -1 0 0 4085c.dat
1 0 -180 -136 280 0 0 1 0 1 0 -1 0 0 3020.dat
1 0 -90 -176 510 0 0 1 0 1 0 -1 0 0 3005.dat
1 0 -70 -176 490 1 0 0 0 1 0 0 0 1 3622.dat
1 7 0 -136 460 -1 0 0 0 1 0 0 0 -1 3832.dat
1 7 0 -112 400 -1 0 0 0 1 0 0 0 -1 3030.dat
1 7 0 -112 300 -1 0 0 0 1 0 0 0 -1 3029.dat
1 7 -90 -112 350 -1 0 0 0 1 0 0 0 -1 3024.dat
1 7 90 -112 350 -1 0 0 0 1 0 0 0 -1 3024.dat
0 STEP
1 0 150 -144 -160 0 0 -1 0 1 0 1 0 0 6286 - 2540.dat
1 2 170 -142 -180 -1 0 0 0 0 1 0 1 0 2335.dat
1 2 170 -142 -60 -1 0 0 0 0 1 0 1 0 2335.dat
1 0 150 -144 -40 0 0 -1 0 1 0 1 0 0 6286 - 2540.dat
1 2 170 -142 60 0.966 0 0.259 0.259 0 -0.966 0 1 0 2335.dat
1 0 150 -144 80 0 0 -1 0 1 0 1 0 0 6286 - 2540.dat
1 2 170 -142 180 0.966 0 0.259 0.259 0 -0.966 0 1 0 2335.dat
1 0 150 -144 200 0 0 -1 0 1 0 1 0 0 6286 - 2540.dat
1 0 150 -144 -190 -1 0 0 0 1 0 0 0 -1 3024.dat
1 0 150 -144 -90 0 0 -1 0 1 0 1 0 0 3623.dat
1 0 150 -144 10 0 0 -1 0 1 0 1 0 0 3623.dat
1 0 150 -144 140 0 0 -1 0 1 0 1 0 0 3710.dat
1 0 160 -144 280 0 0 -1 0 1 0 1 0 0 3795.dat
1 0 130 -152 330 0 0 -1 0 1 0 1 0 0 3005.dat
1 7 130 -160 330 0 0 -1 0 1 0 1 0 0 3024.dat
1 7 130 -168 330 1 0 0 0 1 0 0 0 1 4085c.dat
1 0 -150 -144 -160 0 0 1 0 1 0 -1 0 0 6286 - 2540.dat
1 2 -170 -142 -180 0.966 0 -0.259 -0.259 0 -0.966 0 1 0 2335.dat
1 2 -170 -142 -60 0.966 0 -0.259 -0.259 0 -0.966 0 1 0 2335.dat
1 0 -150 -144 -40 0 0 1 0 1 0 -1 0 0 6286 - 2540.dat
1 2 -170 -142 60 -1 0 0 0 0 1 0 1 0 2335.dat
1 0 -150 -144 80 0 0 1 0 1 0 -1 0 0 6286 - 2540.dat
1 2 -170 -142 180 -1 0 0 0 0 1 0 1 0 2335.dat
1 0 -150 -144 200 0 0 1 0 1 0 -1 0 0 6286 - 2540.dat
1 0 -150 -144 -190 -1 0 0 0 1 0 0 0 -1 3024.dat
1 0 -150 -144 -90 0 0 1 0 1 0 -1 0 0 3623.dat
1 0 -150 -144 10 0 0 1 0 1 0 -1 0 0 3623.dat
1 0 -150 -144 140 0 0 1 0 1 0 -1 0 0 3710.dat
1 0 -160 -144 280 0 0 1 0 1 0 -1 0 0 3795.dat
1 0 -130 -152 330 0 0 1 0 1 0 -1 0 0 3005.dat
1 7 -130 -160 330 0 0 1 0 1 0 -1 0 0 3024.dat
1 7 -130 -168 330 1 0 0 0 1 0 0 0 1 4085c.dat
1 0 -90 -120 340 1 0 0 0 1 0 0 0 1 3021.dat
1 0 90 -120 340 1 0 0 0 1 0 0 0 1 3021.dat
1 0 0 -120 330 1 0 0 0 1 0 0 0 1 3666.dat
1 1 -30 -136 390 1 0 0 0 1 0 0 0 1 4589.dat
1 1 30 -136 390 1 0 0 0 1 0 0 0 1 4589.dat
1 0 -70 -200 510 1 0 0 0 1 0 0 0 1 3038.dat
1 0 70 -200 510 1 0 0 0 1 0 0 0 1 3038.dat
1 7 -150 -144 50 0 0 -1 0 1 0 1 0 0 4085c.dat
1 7 -150 -144 -130 0 0 -1 0 1 0 1 0 0 4085c.dat
1 7 150 -144 50 0 0 1 0 1 0 -1 0 0 4085c.dat
1 7 150 -144 -130 0 0 1 0 1 0 -1 0 0 4085c.dat
1 7 110 -120 -230 -1 0 0 0 1 0 0 0 -1 6019.dat
1 7 -110 -120 -230 -1 0 0 0 1 0 0 0 -1 6019.dat
1 0 150 -120 -230 -1 0 0 0 1 0 0 0 -1 3623.dat
1 0 -150 -120 -230 -1 0 0 0 1 0 0 0 -1 3623.dat
0 STEP
1 0 150 -152 -170 0 0 1 0 1 0 -1 0 0 3623.dat
1 0 150 -160 -130 0 0 -1 0 1 0 1 0 0 6091.dat
1 0 150 -160 50 0 0 -1 0 1 0 1 0 0 6091.dat
1 0 150 -152 -40 0 0 -1 0 1 0 1 0 0 3460.dat
1 0 150 -152 100 0 0 1 0 1 0 -1 0 0 3710.dat
1 0 190 -144 250 0 0 -1 0 1 0 1 0 0 6019.dat
1 0 190 -144 310 0 0 -1 0 1 0 1 0 0 6019.dat
1 0 20 -112 250 1 0 0 0 1 0 0 0 1 4864a.dat
1 1 30 -144 450 1 0 0 0 1 0 0 0 1 6141.dat
1 15 50 -200 540 0 0 1 0 1 0 -1 0 0 3004.dat
1 15 50 -224 550 1 0 0 0 1 0 0 0 1 4589.dat
1 15 70 -224 580 0 0 1 0 1 0 -1 0 0 3023.dat
1 1 30 -144 390 1 0 0 0 1 0 0 0 1 6141.dat
1 0 -150 -152 -170 0 0 -1 0 1 0 1 0 0 3623.dat
1 0 -150 -160 -130 0 0 1 0 1 0 -1 0 0 6091.dat
1 0 -150 -160 50 0 0 1 0 1 0 -1 0 0 6091.dat
1 0 -150 -152 -40 0 0 1 0 1 0 -1 0 0 3460.dat
1 0 -150 -152 100 0 0 -1 0 1 0 1 0 0 3710.dat
1 0 -190 -144 250 0 0 1 0 1 0 -1 0 0 6019.dat
1 0 -190 -144 310 0 0 1 0 1 0 -1 0 0 6019.dat
1 0 -20 -112 250 1 0 0 0 1 0 0 0 1 4864a.dat
1 1 -30 -144 450 1 0 0 0 1 0 0 0 1 6141.dat
1 15 -50 -200 540 0 0 -1 0 1 0 1 0 0 3004.dat
1 15 -50 -224 550 1 0 0 0 1 0 0 0 1 4589.dat
1 15 -70 -224 580 0 0 -1 0 1 0 1 0 0 3023.dat
1 1 -30 -144 390 1 0 0 0 1 0 0 0 1 6141.dat
1 0 0 -96 -260 0 0 -1 0 1 0 1 0 0 4844b.dat
1 0 0 -8 -390 1 0 0 0 1 0 0 0 1 6286 - bow.ldr
1 0 190 -128 -310 0 0 -1 0 1 0 1 0 0 2420.dat
1 0 -190 -128 -310 1 0 0 0 1 0 0 0 1 2420.dat
0 STEP
1 0 0 -128 -460 0 0 1 0 1 0 -1 0 0 3001.dat
1 0 160 -128 -230 1 0 0 0 1 0 0 0 1 3710.dat
1 0 60 -120 -230 -1 0 0 0 1 0 0 0 -1 3659.dat
1 0 150 -168 190 1 0 0 0 1 0 0 0 1 4286.dat
1 0 150 -168 220 0 0 1 0 1 0 -1 0 0 3004.dat
1 0 150 -168 250 0 0 -1 0 1 0 1 0 0 4286.dat
1 0 170 -168 310 0 0 -1 0 1 0 1 0 0 3040b.dat
1 0 -10 -96 420 1 0 0 0 1 0 0 0 1 4286.dat
1 0 -10 -96 450 0 0 1 0 1 0 -1 0 0 3004.dat
1 0 -10 -96 480 0 0 -1 0 1 0 1 0 0 4286.dat
1 0 10 -96 540 0 0 -1 0 1 0 1 0 0 3040b.dat
1 0 -160 -128 -230 1 0 0 0 1 0 0 0 1 3710.dat
1 0 -60 -120 -230 -1 0 0 0 1 0 0 0 -1 3659.dat
1 0 -150 -168 190 1 0 0 0 1 0 0 0 1 4286.dat
1 0 -150 -168 220 0 0 -1 0 1 0 1 0 0 3004.dat
1 0 -150 -168 250 0 0 1 0 1 0 -1 0 0 4286.dat
1 0 -170 -168 310 0 0 1 0 1 0 -1 0 0 3040b.dat
1 1 0 -152 420 1 0 0 0 1 0 0 0 1 3031.dat
1 0 -140 -144 420 -1 0 0 0 1 0 0 0 -1 6286 - aftside1.ldr
1 0 140 -144 420 -1 0 0 0 1 0 0 0 -1 6286 - aftside2.ldr
1 0 -60 -224 530 1 0 0 0 1 0 0 0 1 3039.dat
1 0 60 -224 530 1 0 0 0 1 0 0 0 1 3039.dat
1 0 -90 -224 510 -1 0 0 0 1 0 0 0 -1 3665a.dat
1 0 90 -224 510 -1 0 0 0 1 0 0 0 -1 3665a.dat
0 STEP
1 7 150 -152 -310 0 0 1 0 1 0 -1 0 0 2357.dat
1 0 130 -152 -390 0 0 -1 0 1 0 1 0 0 2357.dat
1 0 140 -152 -350 1 0 0 0 1 0 0 0 1 3004.dat
1 7 150 -152 -230 0 0 -1 0 1 0 1 0 0 3622.dat
1 7 0 -104 -290 1 0 0 0 1 0 0 0 1 3023.dat
1 1 0 -128 -290 1 0 0 0 1 0 0 0 1 3004.dat
1 7 0 -128 -230 1 0 0 0 1 0 0 0 1 3710.dat
1 0 150 -192 240 0 0 1 0 1 0 -1 0 0 3004.dat
1 0 150 -192 210 1 0 0 0 1 0 0 0 1 3040b.dat
1 0 150 -192 310 0 0 -1 0 1 0 1 0 0 3040b.dat
1 0 140 -192 330 -1 0 0 0 1 0 0 0 -1 3004.dat
1 15 70 -248 550 1 0 0 0 1 0 0 0 1 3038.dat
1 7 -150 -152 -310 -1 0 0 0 1 0 0 0 -1 2357.dat
1 0 -130 -152 -390 1 0 0 0 1 0 0 0 1 2357.dat
1 0 -140 -152 -350 1 0 0 0 1 0 0 0 1 3004.dat
1 7 -150 -152 -230 0 0 1 0 1 0 -1 0 0 3622.dat
1 0 -150 -192 240 0 0 -1 0 1 0 1 0 0 3004.dat
1 0 -150 -192 210 1 0 0 0 1 0 0 0 1 3040b.dat
1 0 -150 -192 310 0 0 1 0 1 0 -1 0 0 3040b.dat
1 0 -140 -192 330 -1 0 0 0 1 0 0 0 -1 3004.dat
1 15 -70 -248 550 1 0 0 0 1 0 0 0 1 3038.dat
1 15 0 -248 550 -1 0 0 0 1 0 0 0 -1 3853.dat
1 14 -34 -244 554 0 0 -1 0 1 0 1 0 0 2529.dat
1 14 34 -244 554 0 0 1 0 1 0 -1 0 0 2529.dat
1 4 130 -264 420 0 0 1 0 1 0 -1 0 0 3010.dat
1 4 120 -264 470 -1 0 0 0 1 0 0 0 -1 3004.dat
1 4 110 -264 500 0 0 -1 0 1 0 1 0 0 3004.dat
1 4 -130 -264 420 0 0 1 0 1 0 -1 0 0 3010.dat
1 4 -120 -264 470 -1 0 0 0 1 0 0 0 -1 3004.dat
1 4 -110 -264 500 0 0 -1 0 1 0 1 0 0 3004.dat
0 STEP
1 15 80 -136 -460 1 0 0 0 1 0 0 0 1 3933.dat
1 7 130 -158 50 -1 0 0 0 -1 0 0 0 1 3957a.dat
1 7 130 -158 -130 -1 0 0 0 -1 0 0 0 1 3957a.dat
1 0 150 -216 280 0 0 -1 0 1 0 1 0 0 3659.dat
1 0 140 -216 330 -1 0 0 0 1 0 0 0 -1 3004.dat
1 15 150 -200 230 -1 0 0 0 1 0 0 0 -1 3024.dat
1 0 150 -208 230 -1 0 0 0 1 0 0 0 -1 3024.dat
1 4 110 -264 560 0 0 -1 0 1 0 1 0 0 3023.dat
1 4 40 -272 550 1 0 0 0 1 0 0 0 1 3004.dat
1 15 70 -272 550 1 0 0 0 1 0 0 0 1 2357.dat
1 15 70 -248 570 1 0 0 0 1 0 0 0 1 3005.dat
1 0 70 -320 590 1 0 0 0 1 0 0 0 1 2339.dat
1 15 -80 -136 -460 1 0 0 0 1 0 0 0 1 3934.dat
1 7 -130 -158 50 -1 0 0 0 -1 0 0 0 1 3957a.dat
1 7 -130 -158 -130 -1 0 0 0 -1 0 0 0 1 3957a.dat
1 0 -150 -216 280 0 0 1 0 1 0 -1 0 0 3659.dat
1 0 -140 -216 330 -1 0 0 0 1 0 0 0 -1 3004.dat
1 15 -150 -200 230 -1 0 0 0 1 0 0 0 -1 3024.dat
1 0 -150 -208 230 -1 0 0 0 1 0 0 0 -1 3024.dat
1 4 -110 -264 560 0 0 1 0 1 0 -1 0 0 3023.dat
1 4 -40 -272 550 1 0 0 0 1 0 0 0 1 3004.dat
1 15 -70 -272 550 0 0 -1 0 1 0 1 0 0 2357.dat
1 15 -70 -248 570 1 0 0 0 1 0 0 0 1 3005.dat
1 0 -70 -320 590 1 0 0 0 1 0 0 0 1 2339.dat
1 0 0 -120 280 0 0 -1 0 1 0 1 0 0 4844b.dat
1 7 0 -136 -360 0 0 -1 0 1 0 1 0 0 3034.dat
1 0 0 -136 -540 0 0 -1 0 1 0 1 0 0 3832.dat
1 4 0 -272 550 -1 0 0 0 1 0 0 0 -1 3747a.dat
0 STEP
1 0 130 -176 -340 0 0 -1 0 1 0 1 0 0 3039.dat
1 7 150 -176 -280 0 0 -1 0 1 0 1 0 0 3659.dat
1 0 150 -176 -230 -1 0 0 0 1 0 0 0 -1 4286.dat
1 15 150 -224 230 1 0 0 0 1 0 0 0 1 6091.dat
1 0 160 -240 340 0 0 -1 0 1 0 1 0 0 3830.dat
1 0 160 -240 340 0 0 -1 0 1 0 1 0 0 6286 - 3831.dat
1 15 110 -240 330 0 0 -1 0 1 0 1 0 0 6286 - 3861b.dat
1 0 130 -240 330 1 0 0 0 1 0 0 0 1 3005.dat
1 0 -130 -176 -340 0 0 1 0 1 0 -1 0 0 3039.dat
1 7 -150 -176 -280 0 0 1 0 1 0 -1 0 0 3659.dat
1 0 -150 -176 -230 -1 0 0 0 1 0 0 0 -1 4286.dat
1 15 -150 -224 230 1 0 0 0 1 0 0 0 1 6091.dat
1 0 -160 -240 340 0 0 1 0 1 0 -1 0 0 6286 - 3831.dat
1 0 -160 -240 340 0 0 1 0 1 0 -1 0 0 3830.dat
1 15 -50 -240 330 0 0 -1 0 1 0 1 0 0 6286 - 3861b.dat
1 0 -130 -240 330 1 0 0 0 1 0 0 0 1 3005.dat
1 0 0 -144 330 1 0 0 0 1 0 0 0 1 3037.dat
1 0 0 -168 330 1 0 0 0 1 0 0 0 1 3010.dat
1 0 0 -192 330 1 0 0 0 1 0 0 0 1 3010.dat
1 0 30 -216 330 1 0 0 0 1 0 0 0 1 3005.dat
1 0 -30 -216 330 1 0 0 0 1 0 0 0 1 3005.dat
1 0 0 -240 330 1 0 0 0 1 0 0 0 1 3659.dat
1 7 0 -144 -390 -1 0 0 0 1 0 0 0 -1 4162.dat
1 0 -60 -144 -410 -1 0 0 0 1 0 0 0 -1 3666.dat
1 0 60 -144 -410 -1 0 0 0 1 0 0 0 -1 3666.dat
1 0 0 -144 -440 -1 0 0 0 1 0 0 0 -1 3034.dat
1 4 0 -280 560 -1 0 0 0 1 0 0 0 -1 3795.dat
0 STEP
1 7 80 -128 -230 1 0 0 0 1 0 0 0 1 4625.dat
1 7 80 -137.879 -259.741 1 0 0 0 0.999 0.052 0 -0.052 0.999 4213.dat
1 7 100 -149.008 -319.24 1 0 0 0 0.999 0.052 0 -0.052 0.999 3933.dat
1 7 40 -149.008 -319.24 0 0 -1 0.052 0.999 0 0.999 -0.052 0 3034.dat
1 0 60 -184.627 -387.47 1 0 0 0 0.999 0.052 0 -0.052 0.999 2432.dat
1 7 -80 -137.879 -259.741 1 0 0 0 0.999 0.052 0 -0.052 0.999 4213.dat
1 7 -40 -149.008 -319.24 0 0 1 -0.052 0.999 0 -0.999 -0.052 0 3034.dat
1 7 -100 -149.008 -319.24 1 0 0 0 0.999 0.052 0 -0.052 0.999 3934.dat
1 0 -60 -184.627 -387.47 1 0 0 0 0.999 0.052 0 -0.052 0.999 2432.dat
1 7 -80 -128 -230 1 0 0 0 1 0 0 0 1 4625.dat
1 0 70 -168 -410 1 0 0 0 1 0 0 0 1 4286.dat
1 0 -70 -168 -410 1 0 0 0 1 0 0 0 1 4286.dat
1 0 -70 -176 -410 1 0 0 0 1 0 0 0 1 3024.dat
1 0 70 -176 -410 1 0 0 0 1 0 0 0 1 3024.dat
1 15 150 -224 260 0 0 1 0 1 0 -1 0 0 3710.dat
1 15 -150 -224 260 0 0 1 0 1 0 -1 0 0 3710.dat
1 0 0 -264 330 -1 0 0 0 1 0 0 0 -1 2465.dat
1 0 130 -264 360 0 0 -1 0 1 0 1 0 0 3039.dat
1 0 -130 -264 360 0 0 1 0 1 0 -1 0 0 3039.dat
1 7 0 -128 250 1 0 0 0 1 0 0 0 1 6286 - 2540.dat
1 6 0 -126 230 1 0 0 0 0.191 -0.982 0 0.982 0.191 6020.dat
1 0 100 -152 -410 1 0 0 0 1 0 0 0 1 4623.dat
1 0 -100 -152 -410 1 0 0 0 1 0 0 0 1 4623.dat
1 4 110 -272 540 0 0 1 0 1 0 -1 0 0 3710.dat
1 4 -110 -272 540 0 0 1 0 1 0 -1 0 0 3710.dat
1 4 0 -280 590 -1 0 0 0 1 0 0 0 -1 3710.dat
0 STEP
1 0 110 -176 -390 0 0 1 0 1 0 -1 0 0 2357.dat
1 6 0 -176 -320 1 0 0 0 1 0 0 0 1 2489.dat
1 6 0 -184 -320 1 0 0 0 1 0 0 0 1 4032a.dat
1 15 0 -144 -580 1 0 0 0 1 0 0 0 1 6104.dat
1 15 150 -256 310 1 0 0 0 1 0 0 0 1 6091.dat
1 15 110 -288 330 0 0 -1 0 1 0 1 0 0 3040b.dat
1 7 80 -272 300 1 0 0 0 1 0 0 0 1 3936.dat
1 7 20 -272 330 1 0 0 0 1 0 0 0 1 3023.dat
1 4 110 -296 570 1 0 0 0 1 0 0 0 1 3040b.dat
1 4 110 -296 510 -1 0 0 0 1 0 0 0 -1 3040b.dat
1 0 110 -288 420 0 0 -1 0 1 0 1 0 0 4445.dat
1 15 -150 -256 310 1 0 0 0 1 0 0 0 1 6091.dat
1 15 -110 -288 330 0 0 1 0 1 0 -1 0 0 3040b.dat
1 7 -80 -272 300 1 0 0 0 1 0 0 0 1 3935.dat
1 7 -20 -272 330 1 0 0 0 1 0 0 0 1 3023.dat
1 4 -110 -296 570 1 0 0 0 1 0 0 0 1 3040b.dat
1 4 -110 -296 510 -1 0 0 0 1 0 0 0 -1 3040b.dat
1 0 -110 -288 420 0 0 1 0 1 0 -1 0 0 4445.dat
0 STEP
1 15 0 -152 -640 -1 0 0 0 1 0 0 0 -1 3022.dat
1 7 0 -152 -440 -1 0 0 0 1 0 0 0 -1 3022.dat
1 7 0 -160 -430 -1 0 0 0 1 0 0 0 -1 3023.dat
1 0 0 -160 -650 1 0 0 0 1 0 0 0 1 6286 - 2540.dat
1 0 0 -160 -630 -1 0 0 0 1 0 0 0 -1 2452.dat
1 0 0 -160 -450 1 0 0 0 1 0 0 0 1 2452.dat
1 0 0 -160 -450 1 0 0 0 1 0 0 0 1 4276b.dat
1 0 0 -185.55 -603.457 0 0 1 0.939 0.343 0 -0.343 0.939 0 4276b.dat
1 0 0 -188.296 -610.971 0 0 -1 -0.939 0.343 0 0.343 0.939 0 4276b.dat
1 0 0 -189.176 -531.769 0 0 -1 0.422 0.907 0 0.907 -0.422 0 4504.dat
1 0 0 -191.043 -618.485 0 0 -1 -0.939 0.343 0 0.343 0.939 0 3794a.dat
1 0 0 -193.79 -625.998 0 0 -1 -0.939 0.343 0 0.343 0.939 0 6286 - 4081b.dat
1 0 0 -196.536 -633.512 0 0 1 0.939 0.343 0 -0.343 0.939 0 6286 - 4081b.dat
1 0 0 -169.259 -507.95 0 0 -1 0.422 0.907 0 0.907 -0.422 0 4085c.dat
1 0 0 -162.007 -511.327 0 0 1 -0.422 0.907 0 -0.907 -0.422 0 4085c.dat
1 15 0 -168 -640 -1 0 0 0 1 0 0 0 -1 3022.dat
1 7 0 -168 -440 -1 0 0 0 1 0 0 0 -1 2460.dat
1 0 0 -192.009 -440 0 0 -1 0 1 0 1 0 0 6286 - 2479.dat
0 STEP
1 0 110 -200 -390 -1 0 0 0 1 0 0 0 -1 3005.dat
1 0 90 -200 -410 1 0 0 0 1 0 0 0 1 4490.dat
1 0 130 -200 -370 0 0 -1 0 1 0 1 0 0 4490.dat
1 0 130 -200 -310 0 0 1 0 1 0 -1 0 0 2357.dat
1 0 150 -200 -280 0 0 1 0 1 0 -1 0 0 3004.dat
1 0 150 -200 -250 -1 0 0 0 1 0 0 0 -1 3040b.dat
1 15 150 -280 330 1 0 0 0 1 0 0 0 1 6091.dat
1 7 80 -280 440 0 0 1 0 1 0 -1 0 0 4282.dat
1 0 90 -288 590 0 0 -1 0 1 0 1 0 0 4085c.dat
1 4 90 -288 540 0 0 -1 0 1 0 1 0 0 3794a.dat
1 0 -110 -200 -390 -1 0 0 0 1 0 0 0 -1 3005.dat
1 0 -90 -200 -410 1 0 0 0 1 0 0 0 1 4490.dat
1 0 -130 -200 -370 0 0 1 0 1 0 -1 0 0 4490.dat
1 0 -130 -200 -310 -1 0 0 0 1 0 0 0 -1 2357.dat
1 0 -150 -200 -280 0 0 -1 0 1 0 1 0 0 3004.dat
1 0 -150 -200 -250 -1 0 0 0 1 0 0 0 -1 3040b.dat
1 15 -150 -280 330 1 0 0 0 1 0 0 0 1 6091.dat
1 7 -80 -280 440 0 0 -1 0 1 0 1 0 0 4282.dat
1 0 -90 -288 590 0 0 1 0 1 0 -1 0 0 4085c.dat
1 4 -90 -288 540 0 0 1 0 1 0 -1 0 0 3794a.dat
0 STEP
1 15 0 -200 -650 1 0 0 0 1 0 0 0 1 973.dat
1 15 -15.552 -191 -650 0.985 -0.161 -0.055 0.17 0.931 0.321 0 -0.325 0.946 3818.dat
1 15 15.552 -191 -650 0.985 0.17 0 -0.17 0.985 0 0 0 1 3819.dat
1 15 -22.967 -177.415 -665.509 0.985 -0.153 0.075 0.17 0.885 -0.432 0 0.439 0.898 3820.dat
1 15 23.69 -173.226 -659.898 0.985 0.12 -0.12 -0.17 0.696 -0.696 0 0.707 0.707 3820.dat
1 8 -23.579 -173.871 -674.76 0.985 -0.129 0.11 0.17 0.749 -0.64 0 0.65 0.76 2530.dat
1 0 0 -223.997 -650 0.998 0 0.063 0 1 0.001 -0.063 0 0.998 3626b.dat
1 0 0 -223.997 -650 0.998 0 0.063 0 1 0.001 -0.063 0 0.998 6286 - 2528p31.dat
1 7 0 -204.874 -546.544 0 0 1 -0.422 0.907 0 -0.907 -0.422 0 3710.dat
1 15 150 -208 -280 0 0 1 0 1 0 -1 0 0 3710.dat
1 15 130 -208 -340 0 0 1 0 1 0 -1 0 0 3710.dat
1 15 110 -208 -390 0 0 1 0 1 0 -1 0 0 2420.dat
1 15 80 -208 -410 -1 0 0 0 1 0 0 0 -1 3023.dat
1 15 110 -296 420 0 0 -1 0 1 0 1 0 0 3460.dat
1 0 90 -304 510 1 0 0 0 1 0 0 0 1 3040b.dat
1 4 90 -312 540 0 0 1 0 1 0 -1 0 0 4070.dat
1 7 100 -302 540 0 1 0 0 0 -1 -1 0 0 3062b.dat
1 7 124 -302 540 0 1 0 0 0 -1 -1 0 0 3062b.dat
1 0 90 -304 570 0 0 1 0 1 0 -1 0 0 3005.dat
1 7 0 -288 390 -1 0 0 0 1 0 0 0 -1 3460.dat
1 7 -70 -288 440 0 0 -1 0 1 0 1 0 0 2431.dat
1 7 70 -288 440 0 0 -1 0 1 0 1 0 0 2431.dat
1 7 0 -288 540 -1 0 0 0 1 0 0 0 -1 3036.dat
1 0 -50 -296 640 0 0 -1 0 1 0 1 0 0 4477.dat
1 0 50 -296 640 0 0 -1 0 1 0 1 0 0 4477.dat
1 15 -150 -208 -280 0 0 -1 0 1 0 1 0 0 3710.dat
1 15 -130 -208 -340 0 0 -1 0 1 0 1 0 0 3710.dat
1 15 -110 -208 -390 -1 0 0 0 1 0 0 0 -1 2420.dat
1 15 -80 -208 -410 -1 0 0 0 1 0 0 0 -1 3023.dat
1 15 -110 -296 420 0 0 1 0 1 0 -1 0 0 3460.dat
1 0 -90 -304 510 1 0 0 0 1 0 0 0 1 3040b.dat
1 4 -90 -312 540 0 0 -1 0 1 0 1 0 0 4070.dat
1 7 -100 -302 540 0 -1 0 0 0 -1 1 0 0 3062b.dat
1 7 -124 -302 540 0 -1 0 0 0 -1 1 0 0 3062b.dat
1 0 -90 -304 570 0 0 -1 0 1 0 1 0 0 3005.dat
1 15 90 -312 590 -1 0 0 0 1 0 0 0 -1 4287a.dat
1 15 -90 -312 590 -1 0 0 0 1 0 0 0 -1 4287a.dat
0 STEP
1 15 110 -328 390 1 0 0 0 1 0 0 0 1 6091.dat
1 15 110 -320 410 1 0 0 0 1 0 0 0 1 4589.dat
1 15 110 -320 450 1 0 0 0 1 0 0 0 1 4589.dat
1 4 110 -320 570 1 0 0 0 1 0 0 0 1 3005.dat
1 4 110 -320 500 0 0 1 0 1 0 -1 0 0 3004.dat
1 0 90 -312 570 0 0 1 0 1 0 -1 0 0 4085c.dat
1 0 90 -320 590 0 0 1 0 1 0 -1 0 0 3623.dat
1 0 50 -304 720 0 0 -1 0 1 0 1 0 0 4623.dat
1 15 -110 -328 390 1 0 0 0 1 0 0 0 1 6091.dat
1 15 -110 -320 410 1 0 0 0 1 0 0 0 1 4589.dat
1 15 -110 -320 450 1 0 0 0 1 0 0 0 1 4589.dat
1 4 -110 -320 570 1 0 0 0 1 0 0 0 1 3005.dat
1 4 -110 -320 500 0 0 -1 0 1 0 1 0 0 3004.dat
1 0 -90 -312 570 0 0 -1 0 1 0 1 0 0 4085c.dat
1 0 -90 -320 590 0 0 -1 0 1 0 1 0 0 3623.dat
1 0 -50 -304 720 0 0 1 0 1 0 -1 0 0 4623.dat
1 0 0 -296 600 1 0 0 0 1 0 0 0 1 6067.dat
1 0 210 -35 -520 0.545 -0.217 -0.81 0 0.966 -0.259 0.839 0.141 0.526 2564.dat
1 0 20 -200.012 -440 1 0 0 0 1 0 0 0 1 6286 - 4081b.dat
1 0 20 -200.012 -470 0 0 1 0 1 0 -1 0 0 6286 - ropeLQ-1.ldr
1 15 0 -216 -410 1 0 0 0 1 0 0 0 1 4477.dat
1 7 0 -288 340 1 0 0 0 1 0 0 0 1 6286 - helm.ldr
1 15 110 -328 440 0 0 1 0 1 0 -1 0 0 3666.dat
1 15 -110 -328 440 0 0 1 0 1 0 -1 0 0 3666.dat
1 15 90 -320 650 -1 0 0 0 1 0 0 0 -1 2420.dat
1 0 90 -328 600 0 0 -1 0 1 0 1 0 0 3710.dat
1 15 -90 -320 650 0 0 1 0 1 0 -1 0 0 2420.dat
1 0 -90 -328 600 0 0 1 0 1 0 -1 0 0 3710.dat
1 15 0 -368 630 1 0 0 0 1 0 0 0 1 4215ap30.dat
1 0 -110 -216 -390 1 0 0 0 1 0 0 0 1 2555.dat
1 0 110 -216 -390 1 0 0 0 1 0 0 0 1 2555.dat
1 0 -90 -328 510 1 0 0 0 1 0 0 0 1 3005.dat
1 0 90 -328 510 1 0 0 0 1 0 0 0 1 3005.dat
1 4 -50 -320 610 1 0 0 0 1 0 0 0 1 2357.dat
1 4 50 -320 610 0 0 -1 0 1 0 1 0 0 2357.dat
0 STEP
1 6 110 -222 -408 1 0 0 0 0 -1 0 1 0 2561.dat
1 6 -110 -222 -408 1 0 0 0 0 -1 0 1 0 2561.dat
1 15 0 -224 -410 -1 0 0 0 1 0 0 0 -1 6286 - 2540.dat
1 0 0 -203.199 -382.892 1 0 0 0 0.259 0.966 0 -0.966 0.259 6019.dat
1 0 0 -209.411 -359.71 1 0 0 0 0.259 0.966 0 -0.966 0.259 4589.dat
1 16 0 -288 470 1 0 0 0 1 0 0 0 1 6286 - lid.ldr
1 4 110 -344 540 0 0 1 0 1 0 -1 0 0 3659.dat
1 4 -110 -344 540 0 0 1 0 1 0 -1 0 0 3659.dat
1 0 -90 -352 540 0 0 1 0 1 0 -1 0 0 3659.dat
1 0 90 -352 540 0 0 1 0 1 0 -1 0 0 3659.dat
1 0 -90 -352 630 0 0 1 0 1 0 -1 0 0 3005.dat
1 0 90 -352 630 0 0 1 0 1 0 -1 0 0 3005.dat
1 4 60 -368 630 1 0 0 0 1 0 0 0 1 4864a.dat
1 4 -60 -368 630 1 0 0 0 1 0 0 0 1 4864a.dat
1 15 90 -416 650 0 0 -1 0 1 0 1 0 0 2339.dat
1 15 -90 -416 650 0 0 1 0 1 0 -1 0 0 2339.dat
0 STEP
1 0 0 -638 -260 1 0 0 0 1 0 0 0 1 2537.dat
1 0 0 -662 280 1 0 0 0 1 0 0 0 1 2537.dat
1 15 110 -360 510 1 0 0 0 1 0 0 0 1 6091.dat
1 15 -110 -360 510 1 0 0 0 1 0 0 0 1 6091.dat
1 15 110 -352 550 0 0 1 0 1 0 -1 0 0 3623.dat
1 15 -110 -352 550 0 0 1 0 1 0 -1 0 0 3623.dat
1 0 90 -376 600 0 0 1 0 1 0 -1 0 0 3659.dat
1 0 -90 -376 600 0 0 1 0 1 0 -1 0 0 3659.dat
1 15 90 -376 550 1 0 0 0 1 0 0 0 1 4286.dat
1 15 -90 -376 550 1 0 0 0 1 0 0 0 1 4286.dat
1 0 90 -384 650 -0.707 0 -0.707 0 1 0 0.707 0 -0.707 6286 - 4735.dat
1 0 -90 -384 650 -0.707 0 0.707 0 1 0 -0.707 0 -0.707 6286 - 4735.dat
1 4 0 -392 630 1 0 0 0 1 0 0 0 1 3008.dat
1 4 0 -400 630 1 0 0 0 1 0 0 0 1 3710.dat
1 0 -30 -408 630 1 0 0 0 1 0 0 0 1 4085c.dat
1 0 30 -408 630 1 0 0 0 1 0 0 0 1 4085c.dat
1 4 0 -408 630 1 0 0 0 1 0 0 0 1 3023.dat
1 4 0 -416 640 1 0 0 0 1 0 0 0 1 3020.dat
0 STEP
1 8 0 -642 -260 1 0 0 0 1 0 0 0 1 2539.dat
1 8 0 -666 280 1 0 0 0 1 0 0 0 1 2539.dat
1 0 0 -334 -362 -1 0 0 0 -1 0 0 0 1 6286 - mastbarlow.ldr
1 0 0 -358 178 -1 0 0 0 -1 0 0 0 1 6286 - mastbarlow.ldr
1 15 90 -400 590 1 0 0 0 1 0 0 0 1 4286.dat
1 15 -90 -400 590 1 0 0 0 1 0 0 0 1 4286.dat
1 15 90 -384 620 0 0 1 0 1 0 -1 0 0 3023.dat
1 15 90 -392 630 0 0 1 0 1 0 -1 0 0 3623.dat
1 15 90 -400 620 0 0 1 0 1 0 -1 0 0 3023.dat
1 15 -90 -384 620 0 0 1 0 1 0 -1 0 0 3023.dat
1 15 -90 -392 630 0 0 1 0 1 0 -1 0 0 3623.dat
1 15 -90 -400 620 0 0 1 0 1 0 -1 0 0 3023.dat
1 4 0 -424 640 -1 0 0 0 1 0 0 0 -1 3176.dat
1 0 0 -344 340 -1 0 0 0 1 0 0 0 -1 74948p01.dat
0 STEP
1 0 0 -642 -260 1 0 0 0 1 0 0 0 1 2538b.dat
1 0 0 -666 280 1 0 0 0 1 0 0 0 1 2538b.dat
1 0 0 -570 -322 -1 0 0 0 -1 0 0 0 1 6286 - mastbarmiddle.ldr
1 0 0 -594 218 -1 0 0 0 -1 0 0 0 1 6286 - mastbarmiddle.ldr
1 6 -70 -330 570 1 0 0 0 -1 0 0 0 -1 2561.dat
1 6 -30 -409 610 1 0 0 0 1 0 0 0 1 2561.dat
1 8 30 -405 610 -1 0 0 0 -1 0 0 0 1 2530.dat
1 8 70 -310 570 0 0 1 0 1 0 -1 0 0 2530.dat
1 15 70 -416 650 0 0 -1 0 1 0 1 0 0 3040b.dat
1 15 -70 -416 650 0 0 1 0 1 0 -1 0 0 3040b.dat
1 4 0 -432 650 -1 0 0 0 1 0 0 0 -1 3023.dat
1 4 0 -440 650 -1 0 0 0 1 0 0 0 -1 3023.dat
0 STEP
1 0 30 -666 -250 -1 0 0 0 1 0 0 0 -1 3062b.dat
1 0 30 -690 -250 -1 0 0 0 1 0 0 0 -1 3062b.dat
1 0 -30 -666 -250 -1 0 0 0 1 0 0 0 -1 3062b.dat
1 0 -30 -690 -250 -1 0 0 0 1 0 0 0 -1 3062b.dat
1 7 0 -690 -300 -1 0 0 0 1 0 0 0 -1 73037.dat
1 6 140.058 -378.784 -260 0 0.966 0.259 0 -0.259 0.966 1 0 0 2541.dat
1 6 -139.942 -379.216 -261 0 -0.966 -0.259 0 -0.259 0.966 -1 0 0 2541.dat
1 0 22.627 -579 -197.373 0.707 0 -0.707 0 -1 0 -0.707 0 -0.707 6286 - jib.ldr
1 15 30 -440 650 0 0 -1 0 1 0 1 0 0 4286.dat
1 15 -30 -440 650 0 0 1 0 1 0 -1 0 0 4286.dat
1 0 13 -674 -300 0 -1 0 -1 0 0 0 0 -1 6286 - ropeLQ-2.ldr
0 STEP
1 0 -30 -698 -280 0 0 1 0 1 0 -1 0 0 3710.dat
1 0 30 -698 -280 0 0 1 0 1 0 -1 0 0 3710.dat
1 0 0 -198.885 -505.225 -1 0 0 0 0.422 0.907 0 0.907 -0.422 2538b.dat
1 7 155.933 -417.588 -39.783 0 -1 0 1 0 0 0 0 1 3127a.dat
1 0 0 -1107 -260 -1 0 0 0 -1 0 0 0 1 3957a.dat
1 0 0 -1059 280 -1 0 0 0 0 1 0 1 0 3849.dat
1 0 0 -324 600 1 0 0 0 1 0 0 0 1 2538b.dat
1 0 0 -716 600 -1 0 0 0 0 1 0 1 0 3849.dat
1 15 130 -286 588 0 0 1 1 0 0 0 1 0 6286 - 2540.dat
1 4 130 -286 564 0 0 -1 -1 0 0 0 1 0 3048b.dat
1 4 -130 -284 564 0 0 1 1 0 0 0 1 0 3048b.dat
1 15 -130 -284 588 0 0 -1 -1 0 0 0 1 0 6286 - 2540.dat
1 1 118.284 -408 678.284 -0.707 0 0.707 0 1 0 -0.707 0 -0.707 6286 - 2566.dat
1 46 118.284 -416 678.284 -0.707 0 0.707 0 1 0 -0.707 0 -0.707 6141.dat
1 46 118.284 -424 678.284 -0.707 0 0.707 0 1 0 -0.707 0 -0.707 6141.dat
1 1 118.284 -432 678.284 -1 0 0 0 1 0 0 0 -1 4032a.dat
1 1 -118.284 -408 678.284 -0.707 0 0.707 0 1 0 -0.707 0 -0.707 6286 - 2566.dat
1 46 -118.284 -416 678.284 -0.707 0 0.707 0 1 0 -0.707 0 -0.707 6141.dat
1 46 -118.284 -424 678.284 -0.707 0 0.707 0 1 0 -0.707 0 -0.707 6141.dat
1 1 -118.284 -432 678.284 -1 0 0 0 1 0 0 0 -1 4032a.dat
1 0 80 -80 200 0 0 -1 0 1 0 1 0 0 6286 - canon.ldr
1 0 80 -80 80 0 0 -1 0 1 0 1 0 0 6286 - canon.ldr
1 0 -80 -80 -40 0 0 1 0 1 0 -1 0 0 6286 - canon.ldr
1 0 -80 -80 -160 0 0 1 0 1 0 -1 0 0 6286 - canon.ldr
1 0 -3 -719.792 -504.803 1 0 0 0 0.985 -0.174 0 0.174 0.985 6286 - u9496p01c01.dat
1 0 0 -378.793 -820.783 0 1 0 0.086 0 0.996 0.996 0 -0.086 6286 - ropeLQ-3.ldr
1 15 0 -488 650 1 0 0 0 1 0 0 0 1 4088b.dat
1 0 -22 -644.954 496.573 -1 0 0 0 0.574 0.819 0 0.819 -0.574 6286 - yard.ldr
1 0 -39 -913 673 -0.999 0.052 -0.003 0.052 0.997 -0.052 0 -0.052 -0.999 6286 - u9496p01c02.dat
1 0 10 -232 720 0 0 -1 0 1 0 1 0 0 6286 - jollyboat.ldr
0 STEP
1 7 155.933 -314.588 -42.783 0 0 1 0 1 0 -1 0 0 6286 - chest.ldr
1 0 0 -858 -312 -1 0 0 0 -1 0 0 0 1 6286 - mastbartop.ldr
1 0 0 -1030 228 -1 0 0 0 -1 0 0 0 1 6286 - mastbartop.ldr
1 0 20 -197.597 -629.569 1 0 0 0 0.765 0.645 0 -0.645 0.765 6286 - flexHoseWithNorEnds-3.ldr
1 0 -21.893 -132.79 -525.343 0.999 -0.022 -0.05 0.041 0.907 0.42 0.036 -0.421 0.906 6286 - flexHoseWithNorEnds-4.ldr
1 8 49 -682 -260 0 0 -1 0 1 0 1 0 0 6286 - pirate1.ldr
1 6 76.304 -691.865 -282.885 -0.014 -0.537 -0.843 0.161 0.831 -0.532 0.987 -0.143 0.074 2562.dat
1 1 -30.588 -103.969 -100.024 -0.041 0 -0.999 0 0.999 0 0.998 0 -0.041 6286 - pirate7.ldr
1 8 -6.64 -107.87 -122.937 -0.04 -0.693 -0.716 0.169 0.7 -0.689 0.978 -0.15 0.089 2530.dat
1 6 13.157 -1065.199 310.724 0.643 -0.654 0.385 0 0.506 0.859 -0.756 -0.556 0.327 2550.dat
1 6 20.081 -1081.79 303.579 0.643 -0.654 0.385 0 0.506 0.859 -0.756 -0.556 0.327 3819.dat
1 6 7.219 -1081.784 318.709 0.641 -0.316 0.689 0 0.904 0.416 -0.755 -0.269 0.585 3818.dat
1 6 18.008 -1057.719 327.877 -0.643 -0.654 -0.385 0 0.506 -0.859 0.756 -0.556 -0.327 3819.dat
1 6 30.87 -1057.724 312.747 -0.642 -0.756 -0.061 0 0.081 -0.993 0.755 -0.642 -0.052 3818.dat
1 14 -8.781 -1068.825 311.607 0.641 0.263 0.71 0 0.933 -0.345 -0.755 0.224 0.604 3820.dat
1 14 7.117 -1080.733 286.048 0.643 -0.19 0.735 0 0.966 0.25 -0.756 -0.162 0.625 3820.dat
1 14 20.401 -1046.365 297.346 -0.642 -0.578 0.491 0 -0.644 -0.759 0.755 -0.491 0.417 3820.dat
1 14 6.243 -1039.643 324.394 -0.643 -0.735 0.19 0 -0.25 -0.966 0.756 -0.625 0.162 3820.dat
1 15 0 -862 600 -1 0 0 0 1 0 0 0 -1 2525p31.dat
1 15 -40 -104 131 1 0 0 0 1 0 0 0 1 6286 - pirate8.ldr
1 8 -14.953 -103.193 113.135 0.986 -0.146 0.081 0.146 0.52 -0.842 0.081 0.842 0.534 2530.dat
1 8 49.833 -705.978 280 0 -0.069 -0.998 0 0.998 -0.069 1 0 0 6286 - pirate3.ldr
1 6 79.557 -719.878 254.277 0.093 0.27 0.958 0.99 -0.127 -0.061 0.105 0.954 -0.279 2561.dat
1 0 0 -392 411 1 0 0 0 1 0 0 0 1 6286 - pirate4.ldr
1 15 69 -324 440 0 0 -1 0 1 0 1 0 0 6286 - pirate9.ldr
1 0 0 -392 570 1 0 0 0 1 0 0 0 1 6286 - pirate5.ldr
1 15 113.332 -354.008 452.822 0.894 0.336 0.285 0.02 0.614 -0.785 -0.44 0.711 0.544 3068bp30.dat
1 4 99.696 -356.778 419 -0.952 -0.216 0.212 -0.245 0.963 -0.119 -0.178 -0.166 -0.97 2546p01.dat
1 15 89 -104 140 0 0 -1 0 1 0 1 0 0 6286 - pirate2.ldr
1 8 118.63 -119.818 162.063 -0.013 -0.332 -0.943 0.074 0.94 -0.332 0.997 -0.074 0.013 2530.dat
1 6 -11.916 -160 20.131 0.092 0 -0.996 0 1 0 0.996 0 0.092 6286 - pirate6.ldr
0 STEP
1 15 0 -1205 280 -1 0 0 0 1 0 0 0 -1 2525p31.dat
1 15 0 -1095 -260 -1 0 0 0 1 0 0 0 -1 2335p30.dat
1 0 0 -572 -339 1 0 0 0 1 0 0 0 1 6286 - u9495p01c02.dat
1 0 0 -861 -334 1 0 0 0 1 0 0 0 1 6286 - u9494p01c02.dat
1 0 0 -595 201 1 0 0 0 1 0 0 0 1 6286 - u9495p01c02.dat
1 0 0 -1031 206 1 0 0 0 1 0 0 0 1 6286 - u9499p01c01.dat
1 0 310 0 323 0.966 0 -0.259 0 1 0 0.259 0 0.966 6286 - shark.ldr



0 FILE 6286 - pirate1.ldr
0 pirate1
0 Name: 6286 - pirate1.ldr
0 Author: Philippe Hurbain [Philo]
0 !LDRAW_ORG Model
0 !LICENSE Redistributable under CCAL version 2.0 : see CAreadme.txt

1 15 0 0 0 1 0 0 0 1 0 0 0 1 3815b.dat
1 15 0 12 0 1 0 0 0 1 0 0 0 1 3816b.dat
1 15 0 12 0 1 0 0 0 1 0 0 0 1 3817b.dat
1 1 0 -32 0 1 0 0 0 1 0 0 0 1 973p34.dat
1 1 15.552 -23 0 0.985 0.17 0 -0.17 0.985 0 0 0 1 3819.dat
1 1 -15.552 -23 0 0.985 -0.151 -0.077 0.17 0.877 0.447 0 -0.454 0.891 3818.dat
1 14 -22.572 -11.694 -17.375 0.985 -0.161 0.052 0.17 0.937 -0.305 0 0.309 0.951 3820.dat
1 14 23.688 -5.24 -9.884 0.985 -0.12 -0.12 0.002 0.717 -0.697 0.17 0.686 0.707 3820.dat
1 14 0 -56 0 0.986 0 -0.169 0 1 0 0.169 0 0.986 3626bp49.dat
1 0 0 -56 0 0.481 0 0.878 0 1 0 -0.878 0 0.481 2544.dat


0 FILE 6286 - pirate6.ldr
0 pirate6
0 Name: 6286 - pirate6.ldr
0 Author: Philippe Hurbain [Philo]
0 !LDRAW_ORG Model
0 !LICENSE Redistributable under CCAL version 2.0 : see CAreadme.txt

1 1 0 0 0 0.986 0 -0.169 0 1 0 0.169 0 0.986 2543.dat
1 15 0 56 0 1 0 0 0 1 0 0 0 1 3815b.dat
1 15 0 68 0 1 0 0 0 1 0 0 0 1 3816b.dat
1 15 0 68 0 1 0 0 0 1 0 0 0 1 3817b.dat
1 15 0 24 0 1 0 0 0 1 0 0 0 1 973p38.dat
1 15 15.552 33 0 0.985 0.17 0 -0.17 0.985 0 0 0 1 3819.dat
1 15 -15.552 33 0 0.985 -0.138 -0.1 0.17 0.797 0.579 0 -0.587 0.809 3818.dat
1 14 -22.085 41.48 -19.09 0.985 -0.168 0.026 0.17 0.973 -0.154 0 0.156 0.987 3820.dat
1 14 23.688 50.76 -9.884 0.985 -0.12 -0.12 0.002 0.717 -0.697 0.17 0.686 0.707 3820.dat
1 14 0 0 0 0.986 0 -0.169 0 1 0 0.169 0 0.986 3626bp40.dat
1 6 -22.285 42.658 -28.79 0.985 -0.156 0.068 0.17 0.903 -0.393 0 0.398 0.917 2562.dat


0 FILE 6286 - pirate2.ldr
0 pirate2
0 Name: 6286 - pirate2.ldr
0 Author: Philippe Hurbain [Philo]
0 !LDRAW_ORG Model
0 !LICENSE Redistributable under CCAL version 2.0 : see CAreadme.txt

1 0 0 0 0 1 0 0 0 1 0 0 0 1 3815b.dat
1 0 0 12 0 1 0 0 0 1 0 0 0 1 3816b.dat
1 0 0 12 0 1 0 0 0 1 0 0 0 1 3817b.dat
1 1 0 -32 0 1 0 0 0 1 0 0 0 1 973p34.dat
1 1 15.552 -23 0 0.985 0.13 0.109 -0.17 0.755 0.633 0 -0.642 0.766 3819.dat
1 1 -15.552 -23 0 0.985 -0.17 0 0.17 0.985 0 0 0 1 3818.dat
1 14 -23.688 -5.24 -9.884 0.985 -0.12 0.12 0.17 0.697 -0.697 0 0.707 0.707 3820.dat
1 14 21.855 -15.852 -19.705 0.997 -0.072 -0.015 0.071 0.993 -0.086 0.021 0.085 0.996 3820.dat
1 14 0 -56 0 0.986 0 -0.169 0 1 0 0.169 0 0.986 3626bp49.dat
1 6 0 -56 0 -0.996 0 -0.092 0 1 0 0.092 0 -0.996 2544.dat


0 FILE 6286 - pirate3.ldr
0 pirate3
0 Name: 6286 - pirate3.ldr
0 Author: Philippe Hurbain [Philo]
0 !LDRAW_ORG Model
0 !LICENSE Redistributable under CCAL version 2.0 : see CAreadme.txt

1 1 0 0 0 1 0 0 0 1 0 0 0 1 3815b.dat
1 1 0 12 0 1 0 0 0 0.998 0.069 0 -0.069 0.998 3816b.dat
1 1 0 12 0 1 0 0 0 0.998 0.069 0 -0.069 0.998 3817b.dat
1 14 0 -32 0 1 0 0 0 1 0 0 0 1 973p32.dat
1 14 15.552 -23 0 0.985 0.107 0.132 -0.17 0.62 0.766 0 -0.776 0.629 3819.dat
1 14 21.192 -19.701 -20.893 -0.067 0.996 0.018 -0.992 -0.068 0.102 0.103 -0.012 0.994 3820.dat
1 14 0 -56 0 0.99 0 0.144 0 1.002 0 -0.145 0 0.991 3626bp35.dat
1 4 0 -56 0 0.99 0 0.144 0 1.002 0 -0.145 0 0.991 2543.dat
1 14 -15.551 -23 0 0.985 -0.124 -0.116 0.17 0.721 0.672 0 -0.681 0.731 3818.dat
1 14 -21.677 -16.876 -20.104 0.159 -0.986 0.006 0.986 0.159 -0.035 0.033 0.01 0.999 3820.dat


0 FILE 6286 - pirate4.ldr
0 pirate4
0 Name: 6286 - pirate4.ldr
0 Author: Philippe Hurbain [Philo]
0 !LDRAW_ORG Model
0 !LICENSE Redistributable under CCAL version 2.0 : see CAreadme.txt

1 4 0 0 0 0.986 0 0.169 0 1 0 -0.169 0 0.986 2543.dat
1 15 0 56 0 1 0 0 0 1 0 0 0 1 3815b.dat
1 15 0 68 0 1 0 0 0 1 0 0 0 1 3817b.dat
1 15 0 68 0 1 0 0 0 1 0 0 0 1 3816b.dat
1 14 0 24 0 1 0 0 0 1 0 0 0 1 973p32.dat
1 14 -15.552 33 0 0.985 -0.142 -0.095 0.17 0.815 0.552 0 -0.559 0.831 3818.dat
1 14 15.552 33 0 0.953 0.123 0.116 -0.158 0.87 0.442 -0.045 -0.455 0.878 3819.dat
1 14 21.502 44.277 -17.483 -0.33 0.911 -0.005 -0.885 -0.318 -0.303 -0.286 -0.098 0.942 3820.dat
1 14 -22.213 42.087 -18.772 0.997 0.074 0.033 -0.067 0.979 -0.186 -0.046 0.186 0.983 3820.dat
1 14 0 0 0 0.986 0 0.169 0 1 0 -0.169 0 0.986 3626bp35.dat


0 FILE 6286 - pirate5.ldr
0 pirate5
0 Name: 6286 - pirate5.ldr
0 Author: Philippe Hurbain [Philo]
0 !LDRAW_ORG Model
0 !LICENSE Redistributable under CCAL version 2.0 : see CAreadme.txt

1 0 0 56 0 1 0 0 0 1 0 0 0 1 3815b.dat
1 0 0 68 0 1 0 0 0 1 0 0 0 1 3817b.dat
1 6 0 68 0 1 0 0 0 1 0 0 0 1 6286 - 2532.dat
1 0 0 24 0 1 0 0 0 1 0 0 0 1 973p36.dat
1 0 15.552 33 0 0.985 0.17 0 -0.17 0.985 0 0 0 1 3819.dat
1 0 -15.552 33 0 0.985 -0.116 -0.124 0.17 0.672 0.72 0 -0.731 0.682 3818.dat
1 14 -21.436 37.722 -20.546 0.985 -0.17 -0.006 0.17 0.985 0.034 0 -0.035 0.999 3820.dat
1 7 23.688 50.76 -9.884 -0.985 0.12 -0.12 -0.002 -0.717 -0.697 -0.17 -0.686 0.707 2531.dat
1 14 0 -1 0 0.66 0 -0.752 0 1 0 0.752 0 0.66 3626bp47.dat
1 0 0 -1 0 0.66 0 -0.752 0 1 0 0.752 0 0.66 6286 - 2528p31.dat
1 6 0 21 0 1 0 0 0 1 0 0 0 1 2526.dat
1 8 25.128 59.124 -18.368 0.986 -0.12 0.115 0.166 0.717 -0.676 -0.002 0.686 0.728 2530.dat


0 FILE 6286 - pirate7.ldr
0 pirate7
0 Name: 6286 - pirate7.ldr
0 Author: Philippe Hurbain [Philo]
0 !LDRAW_ORG Model
0 !LICENSE Redistributable under CCAL version 2.0 : see CAreadme.txt

1 1 0 0 0 1 0 0 0 1 0 0 0 1 3815b.dat
1 1 0 12 0 1 0 0 0 1 0 0 0 1 3816b.dat
1 1 0 12 0 1 0 0 0 1 0 0 0 1 3817b.dat
1 14 0 -32 0 1 0 0 0 1 0 0 0 1 973p31.dat
1 14 15.552 -23 0 0.984 -0.05 0.163 -0.17 -0.288 0.942 0 -0.955 -0.292 3819.dat
1 14 -15.552 -23 0 0.979 -0.164 -0.044 0.169 0.949 0.254 0 -0.258 0.963 3818.dat
1 14 -23.114 -8.425 -14.388 0.979 -0.147 0.085 0.169 0.851 -0.492 0 0.498 0.863 3820.dat
1 14 17.925 -38.6 -15.162 0.974 -0.159 0.15 -0.054 0.489 0.87 -0.212 -0.856 0.469 3820.dat
1 14 0 -56 0 0.986 0 -0.169 0 1 0 0.169 0 0.986 3626bp35.dat
1 1 0 -56 0 0.986 0 -0.169 0 1 0 0.169 0 0.986 2543.dat


0 FILE 6286 - pirate8.ldr
0 pirate8
0 Name: 6286 - pirate8.ldr
0 Author: Philippe Hurbain [Philo]
0 !LDRAW_ORG Model
0 !LICENSE Redistributable under CCAL version 2.0 : see CAreadme.txt

1 1 0 0 0 1 0 0 0 1 0 0 0 1 3815b.dat
1 1 0 12 0 1 0 0 0 1 0 0 0 1 3816b.dat
1 1 0 12 0 1 0 0 0 1 0 0 0 1 3817b.dat
1 14 0 -32 0 1 0 0 0 1 0 0 0 1 973p33.dat
1 14 15.552 -23 0 0.985 0.17 0 -0.17 0.985 0 0 0 1 3819.dat
1 14 -15.552 -23 0 0.985 -0.126 -0.114 0.17 0.732 0.659 0 -0.669 0.743 3818.dat
1 14 -21.738 -16.534 -19.976 0.985 -0.17 0.009 0.17 0.984 -0.052 0 0.052 0.998 3820.dat
1 14 23.688 -5.24 -9.884 0.985 -0.12 -0.12 0.002 0.717 -0.697 0.17 0.686 0.707 3820.dat
