0 FILE 6712 - Main.ldr
0 Main
0 Name: 6712 - Main.ldr
0 Author: Willy Tschager [Holly-Wood]
0 !LDRAW_ORG Model 
0 !LICENSE Redistributable under CCAL version 2.0 : see CAreadme.txt

1 0 0 0 0 1 0 0 0 1 0 0 0 1 6712 - Fireplace.ldr
1 0 -140 -49 -32 0.5 0 -0.866 0 1 0 0.866 0 0.5 6712 - Horse.ldr
1 0 -140.866 -129 -31.5 0.5 0 -0.866 0 1 0 0.866 0 0.5 6712 - Sheriff.ldr
1 0 83 -99 64 1 0 0 0 1 0 0 0 1 6712 - Bandit.ldr
1 6 81 3 76 1 0 0 0 1 0 0 0 1 30139.dat
1 2 -51 8 86 1 0 0 0 1 0 0 0 1 6064.dat
1 7 80 0 -14 0.707 0 0.707 0 1 0 -0.707 0 0.707 3069bp03.dat

0 FILE 6712 - Horse.ldr
0 Horse
0 Name: 6712 - Horse.ldr
0 Author: Willy Tschager [Holly-Wood]
0 !LDRAW_ORG Model 
0 !LICENSE Redistributable under CCAL version 2.0 : see CAreadme.txt

1 0 0 0 0 1 0 0 0 1 0 0 0 1 4493c01.dat
1 6 0 -8 0 1 0 0 0 1 0 0 0 1 4491b.dat
1 7 -31 -44 27 1 0 0 0 0 -1 0 1 0 30141.dat

0 FILE 6712 - Fireplace.ldr
0 Fireplace
0 Name: 6712 - Fireplace.ldr
0 Author: Willy Tschager [Holly-Wood]
0 !LDRAW_ORG Model 
0 !LICENSE Redistributable under CCAL version 2.0 : see CAreadme.txt

1 7 0 0 0 1 0 0 0 1 0 0 0 1 3031.dat
0 STEP
1 0 -30 -8 10 0 0 -1 0 1 0 1 0 0 2555.dat
1 0 -30 -8 -10 0 0 -1 0 1 0 1 0 0 2555.dat
0 STEP
1 0 0 -8 -10 1 0 0 0 1 0 0 0 1 2412b.dat
1 0 0 -8 10 1 0 0 0 1 0 0 0 1 2412b.dat
0 STEP
1 38 -24 -14 -10 0 0 1 0 -1 0 1 0 0 6126a.dat
1 38 -24 -14 10 0 0 1 0 -1 0 1 0 0 6126a.dat
1 0 0 -28 -2 -0.966 0 0.259 0 1 0 -0.259 0 -0.966 4528.dat

0 FILE 6712 - Sheriff.ldr
0 Sheriff
0 Name: 6712 - Sheriff.ldr
0 Author: Willy Tschager [Holly-Wood]
0 !LDRAW_ORG Model 
0 !LICENSE Redistributable under CCAL version 2.0 : see CAreadme.txt

1 7 0 -24 0 1 0 0 0 1 0 0 0 1 3629pw2.dat
1 14 0 -24 0 1 0 0 0 1 0 0 0 1 3626bp35.dat
1 7 0 0 0 1 0 0 0 1 0 0 0 1 973pw4.dat
1 0 0 32 0 1 0 0 0 1 0 0 0 1 3815.dat
1 7 -15.552 9 0 0.985 -0.128 -0.112 0.17 0.743 0.646 0 -0.656 0.755 3818.dat
1 7 15.552 9 0 0.985 0.139 0.098 -0.17 0.807 0.565 0 -0.574 0.819 3819.dat
1 0 -21.93 15.393 -20.098 0.995 -0.066 0.069 0.066 0.997 0.007 -0.07 -0.002 0.997 3820.dat
1 0 22.28 17.422 -19.215 0.985 0.167 -0.03 -0.17 0.97 -0.171 0 0.174 0.985 3820.dat
1 0 0 44 0 1 0 0 0 1 0 0 0 1 3816.dat
1 0 0 44 0 1 0 0 0 1 0 0 0 1 3817.dat
1 7 -22.656 13.187 -30.096 0.998 -0.052 0.033 0.058 0.975 -0.213 -0.021 0.214 0.976 30132.dat

0 FILE 6712 - Bandit.ldr
0 Bandit
0 Name: 6712 - Bandit.ldr
0 Author: Willy Tschager [Holly-Wood]
0 !LDRAW_ORG Model 
0 !LICENSE Redistributable under CCAL version 2.0 : see CAreadme.txt

1 6 0 -27 0 1 0 0 0 1 0 0 0 1 3629.dat
1 14 0 -27 0 1 0 0 0 1 0 0 0 1 3626bpw1.dat
1 0 0 0 0 -1 0 0 0 1 0 0 0 -1 30133.dat
1 0 0 0 0 1 0 0 0 1 0 0 0 1 973pw5.dat
1 0 0 32 0 1 0 0 0 1 0 0 0 1 3815.dat
1 0 -15.552 9 0 0.985 -0.128 -0.112 0.17 0.743 0.646 0 -0.656 0.755 3818.dat
1 0 15.552 9 0 0.985 0.139 0.098 -0.17 0.807 0.565 0 -0.574 0.819 3819.dat
1 0 -21.93 15.393 -20.098 0.135 0.99 0.012 -0.988 0.136 -0.069 -0.07 -0.002 0.997 3820.dat
1 0 22.28 17.422 -19.215 0.985 0.167 -0.03 -0.17 0.97 -0.171 0 0.174 0.985 3820.dat
1 7 22.08 16.263 -29.297 0.985 0.155 -0.069 -0.17 0.899 -0.401 0 0.407 0.913 30132.dat
1 0 0 44 0 1 0 0 0 1 0 0 0 1 3816.dat
1 0 0 44 0 1 0 0 0 1 0 0 0 1 3817.dat
1 2 -18 13 -47 0.259 -0.118 0.959 0 0.993 0.122 -0.966 -0.032 0.257 3069bpw2.dat