0 FILE 6835 - Saucer Scout.ldr
0 Saucer Scout
0 Name: 6835 - Saucer Scout.ldr
0 Author: Damien Roux [Darats]
0 !LDRAW_ORG Model
0 !LICENSE Redistributable under CCAL version 2.0 : see CAreadme.txt

0 !THEME Space / Spyrius

1 0 -100 -65.44 -50 0.34202 0 -0.939693 0 1 0 0.939693 0 0.34202 6835 - Minifig.ldr
1 0 0 0 0 1 0 0 0 1 0 0 0 1 6835 - Spaceship.ldr


0 FILE 6835 - Spaceship - Cockpit.ldr
0 Spaceship - Cockpit
0 Name: 6835 - Spaceship - Cockpit.ldr
0 Author: Damien Roux [Darats]
0 !LDRAW_ORG Model
0 !LICENSE Redistributable under CCAL version 2.0 : see CAreadme.txt

0 !THEME Space / Spyrius

1 33 0 -34 -50 1 0 0 0 1 0 0 0 1 2418b.dat
1 0 0 -54 -40 -1 0 0 0 1 0 0 0 -1 2516.dat
1 33 0 -46 -68 -1 0 0 0 0 1 0 1 0 6141.dat



0 FILE 6835 - Spaceship.ldr
0 Spaceship
0 Name: 6835 - Spaceship.ldr
0 Author: Damien Roux [Darats]
0 !LDRAW_ORG Model
0 !LICENSE Redistributable under CCAL version 2.0 : see CAreadme.txt

0 !THEME Space / Spyrius

1 0 0 0 0 1 0 0 0 1 0 0 0 1 2419.dat
1 0 0 0 60 -1 0 0 0 1 0 0 0 -1 2419.dat
1 7 0 -8 30 -1 0 0 0 1 0 0 0 -1 3068b.dat
1 7 30 -8 30 0 0 -1 0 1 0 1 0 0 2412b.dat
1 7 -30 -8 30 0 0 -1 0 1 0 1 0 0 3023.dat
1 0 -30 -24 60 0 0 -1 0 1 0 1 0 0 3005.dat
1 0 -30 -24 0 0 0 -1 0 1 0 1 0 0 3005.dat
1 0 30 -24 60 0 0 -1 0 1 0 1 0 0 3005.dat
1 0 30 -24 0 0 0 -1 0 1 0 1 0 0 3005.dat
1 4 50 -24 30 0 0 -1 0 1 0 1 0 0 4855.dat
1 4 -50 -24 30 0 0 1 0 1 0 -1 0 0 4855.dat
1 4 0 -24 80 -1 0 0 0 1 0 0 0 -1 4855.dat
1 4 0 -24 -20 1 0 0 0 1 0 0 0 1 4855.dat
1 7 -50 -32 30 0 0 -1 0 1 0 1 0 0 3039.dat
1 0 -30 -32 60 0 0 -1 0 1 0 1 0 0 2420.dat
1 0 -30 -32 0 -1 0 0 0 1 0 0 0 -1 2420.dat
1 0 30 -32 0 0 0 1 0 1 0 -1 0 0 2420.dat
1 0 30 -32 60 1 0 0 0 1 0 0 0 1 2420.dat
1 0 -80 -32 30 0 0 1 0 1 0 -1 0 0 3022.dat
1 0 80 -32 30 0 0 1 0 1 0 -1 0 0 3022.dat
1 0 -10 -24 -40 0 0 1 0 1 0 -1 0 0 6141.dat
1 0 10 -24 100 0 0 1 0 1 0 -1 0 0 6141.dat
1 0 -110 -32 30 0 0 -1 0 1 0 1 0 0 3475b.dat
1 0 110 -32 30 0 0 1 0 1 0 -1 0 0 3475b.dat
1 4 -100 -40 40 -1 0 0 0 1 0 0 0 -1 2412b.dat
1 4 -100 -40 20 -1 0 0 0 1 0 0 0 -1 2412b.dat
1 0 0 -32 -50 -1 0 0 0 1 0 0 0 -1 3022.dat
1 0 0 -32 110 -1 0 0 0 1 0 0 0 -1 3022.dat
1 0 100 -40 30 0 0 1 0 1 0 -1 0 0 3068bp51.dat
1 0 0 -32 -80 -1 0 0 0 1 0 0 0 -1 3475b.dat
1 0 0 -32 140 1 0 0 0 1 0 0 0 1 3475b.dat
1 0 -50 -56 30 0 0 1 0 1 0 -1 0 0 3937.dat
1 4 -10 -40 130 0 0 1 0 1 0 -1 0 0 2412b.dat
1 4 10 -40 130 0 0 1 0 1 0 -1 0 0 2412b.dat
1 4 -10 -40 -70 0 0 1 0 1 0 -1 0 0 2412b.dat
1 4 10 -40 -70 0 0 1 0 1 0 -1 0 0 2412b.dat
1 0 -50 -46 30 0 0 -1 0 1 0 1 0 0 6835 - Spaceship - Cockpit.ldr


0 FILE 6835 - Minifig.ldr
0 Minifig
0 Name: 6835 - Minifig.ldr
0 Author: Damien Roux [Darats]
0 !LDRAW_ORG Model
0 !LICENSE Redistributable under CCAL version 2.0 : see CAreadme.txt

0 !THEME Space / Spyrius

1 0 0 -27 0 0.927184 0 0.374607 0 1 0 -0.374607 0 0.927184 6835 - Minifig - Helmet.ldr
1 14 0 -27 0 0.927184 0 0.374607 0 1 0 -0.374607 0 0.927184 3626bp66.dat
1 0 0 0 0 1 0 0 0 1 0 0 0 1 3838.dat
1 1 0 0 0 1 0 0 0 1 0 0 0 1 973p66.dat
1 4 0 32 0 1 0 0 0 1 0 0 0 1 3815.dat
1 0 -15.552 9 0 0.985 -0.167417 -0.0295202 0.17 0.970036 0.171043 0 -0.173648 0.984808 3818.dat
1 0 15.552 9 0 0.985 0.0177698 0.169069 -0.17 0.102961 0.979604 0 -0.994522 0.104528 3819.dat
1 4 -23.5102 24.5495 -13.422 0.985 -0.139235 0.0974933 0.17 0.806743 -0.564887 0 0.57349 0.819028 3820.dat
1 4 19.2624 -0.062851 -19.7371 0.985 0.132095 0.106968 -0.17 0.765373 0.619787 0 -0.629225 0.777029 3820.dat
1 0 0 44 0 1 0 0 0 0.987688 -0.156434 0 0.156434 0.987688 3816.dat
1 0 0 44 0 1 0 0 0 0.984808 0.173648 0 -0.173648 0.984808 3817.dat


0 FILE 6835 - Minifig - Helmet.ldr
0 Minifig - Helmet
0 Name: 6835 - Minifig - Helmet.ldr
0 Author: Damien Roux [Darats]
0 !LDRAW_ORG Model
0 !LICENSE Redistributable under CCAL version 2.0 : see CAreadme.txt

0 !THEME Space / Spyrius

1 4 0 0 0 1 0 0 0 1 0 0 0 1 2446.dat
1 42 0 1.904 4.596 1 0 0 0 0.707107 0.707107 0 -0.707107 0.707107 2447.dat



