0 FILE 6861 - Super Vehicle.ldr
0 Super Vehicle
0 Name: 6861 - Super Vehicle.ldr
0 Author: Damien Roux [Darats]
0 !LDRAW_ORG Model
0 !LICENSE Redistributable under CCAL version 2.0 : see CAreadme.txt

0 !THEME Space / Blacktron II

1 0 0 9.645 -2.303 1 0 0 0 0.992546 0.121869 0 -0.121869 0.992546 6861 - Vehicle.ldr
1 0 342.841 -44 129.285 0.987688 0 -0.156434 0 1 0 0.156434 0 0.987688 6861 - Minifig 3.ldr

0 FILE 6861 - Vehicle.ldr
0 Vehicle
0 Name: 6861 - Vehicle.ldr
0 Author: Damien Roux [Darats]
0 !LDRAW_ORG Model
0 !LICENSE Redistributable under CCAL version 2.0 : see CAreadme.txt

0 !THEME Space / Blacktron II

1 0 10 0 0 0 0 1 0 1 0 -1 0 0 3795.dat
1 0 10 0 -80 -1 0 0 0 1 0 0 0 -1 3832.dat
1 0 10 -24 -40 0 0 -1 0 1 0 1 0 0 3007.dat
1 15 50 -24 -70 -1 0 0 0 1 0 0 0 -1 3004.dat
1 15 -30 -24 -70 -1 0 0 0 1 0 0 0 -1 3004.dat
1 0 -30 -24 -90 1 0 0 0 1 0 0 0 1 3747a.dat
1 15 50 -24 -90 1 0 0 0 1 0 0 0 1 3747a.dat
1 0 10 -24 50 -1 0 0 0 1 0 0 0 -1 3660.dat
1 0 90 -24 -80 1 0 0 0 1 0 0 0 1 4730.dat
1 0 -70 -24 -80 -1 0 0 0 1 0 0 0 -1 4730.dat
1 0 70 -32 -80 -1 0 0 0 1 0 0 0 -1 3020.dat
1 0 -30 -32 -80 -1 0 0 0 1 0 0 0 -1 3795.dat
1 0 -30 -32 20 1 0 0 0 1 0 0 0 1 3934.dat
1 0 50 -32 20 1 0 0 0 1 0 0 0 1 3933.dat
1 15 10 -32 -130 1 0 0 0 1 0 0 0 1 2419.dat
1 15 10 -56 20 0 0 1 0 1 0 -1 0 0 3007.dat
1 0 -40 -56 140 0 0 1 0 1 0 -1 0 0 3009.dat
1 0 -20 -32 180 -1 0 0 0 1 0 0 0 -1 3021.dat
1 0 -10 -56 180 1 0 0 0 1 0 0 0 1 4730.dat
1 0 -20 -64 180 1 0 0 0 1 0 0 0 1 3021.dat
1 0 10 -46 180 0 0 -1 0 1 0 1 0 0 2593.dat
1 0 110 -14 -80 0 0 -1 0 1 0 1 0 0 2593.dat
1 0 -90 -14 -80 0 0 1 0 1 0 -1 0 0 2593.dat
1 0 60 -56 140 0 0 1 0 1 0 -1 0 0 3009.dat
1 0 -40 -72 180 0 0 1 0 1 0 -1 0 0 3023.dat
1 0 -40 -80 180 0 0 1 0 1 0 -1 0 0 3023.dat
1 0 60 -80 180 0 0 1 0 1 0 -1 0 0 3004.dat
1 15 10 -64 80 0 0 1 0 1 0 -1 0 0 3022.dat
1 15 0 -40 -100 0 0 1 0 1 0 -1 0 0 3023.dat
1 15 20 -40 -100 0 0 1 0 1 0 -1 0 0 3023.dat
1 0 10 -40 -150 0 0 1 0 1 0 -1 0 0 3021.dat
1 0 -30 -40 -120 0 0 1 0 1 0 -1 0 0 3795.dat
1 0 50 -40 -120 0 0 1 0 1 0 -1 0 0 3795.dat
1 0 10 -64 60 1 0 0 0 1 0 0 0 1 4475.dat
1 0 10 -64 -90 1 0 0 0 1 0 0 0 1 3010.dat
1 15 60 -64 -90 1 0 0 0 1 0 0 0 1 3005.dat
1 15 -40 -64 -90 1 0 0 0 1 0 0 0 1 3005.dat
1 0 -30 -64 -70 -1 0 0 0 1 0 0 0 -1 3660.dat
1 0 50 -64 -70 -1 0 0 0 1 0 0 0 -1 3660.dat
1 0 -30 -64 -110 1 0 0 0 1 0 0 0 1 3039.dat
1 0 10 -64 -110 1 0 0 0 1 0 0 0 1 3039.dat
1 0 50 -64 -110 1 0 0 0 1 0 0 0 1 3039.dat
1 15 20 -48 -160 0 0 1 0 1 0 -1 0 0 3069bp68.dat
1 15 0 -48 -160 0 0 -1 0 1 0 1 0 0 3069bp68.dat
1 15 10 -88 30 1 0 0 0 1 0 0 0 1 3298.dat
1 0 10 -88 70 0 0 1 0 1 0 -1 0 0 3002.dat
1 0 60 -88 180 0 0 -1 0 1 0 1 0 0 2452.dat
1 0 -40 -88 180 0 0 1 0 1 0 -1 0 0 2452.dat
1 0 -89.247 -76.215 180 0.92388 0.382683 0 -0.382683 0.92388 0 0 0 1 6861 - Vehicle - Antenna 1.ldr
1 0 109.247 -76.215 180 0.92388 -0.382683 0 0.382683 0.92388 0 0 0 1 6861 - Vehicle - Antenna 2.ldr
1 0 -30 -112 -80 0 0 1 0 1 0 -1 0 0 2434.dat
1 0 50 -112 -80 0 0 1 0 1 0 -1 0 0 2434.dat
1 0 10 -96 100 1 0 0 0 1 0 0 0 1 4475.dat
1 0 94 -92 -110 0 -1 0 -1 0 0 0 0 -1 3937.dat
1 0 -74 -92 -110 0 1 0 1 0 0 0 0 -1 3937.dat
1 0 10 -120 70 1 0 0 0 1 0 0 0 1 3298.dat
1 0 0 -120 90 0 0 1 0 1 0 -1 0 0 3040b.dat
1 0 20 -120 90 0 0 -1 0 1 0 1 0 0 3040b.dat
1 0 60 -120 170 1 0 0 0 1 0 0 0 1 4286.dat
1 0 -40 -120 170 1 0 0 0 1 0 0 0 1 4286.dat
1 0 10 -128 140 1 0 0 0 1 0 0 0 1 4475.dat
1 0 10 -120 -80 0 0 1 0 1 0 -1 0 0 2539.dat
1 0 118 -92 -40 0 -1 0 1 0 0 0 0 1 3479.dat
1 0 -98 -92 -40 0 1 0 -1 0 0 0 0 1 3479.dat
1 0 126 -92 -40 0 -1 0 0 0 1 -1 0 0 3956.dat
1 0 -106 -92 -40 0 1 0 0 0 1 1 0 0 3956.dat
1 0 146 -112 -40 1 0 0 0 1 0 0 0 1 4229.dat
1 42 146 -86 -88 1 0 0 0 0 -1 0 1 0 6141.dat
1 0 -126 -112 -40 1 0 0 0 1 0 0 0 1 4229.dat
1 42 -126 -86 -88 1 0 0 0 0 -1 0 1 0 6141.dat
1 0 10 -152 110 1 0 0 0 1 0 0 0 1 3298.dat
1 0 0 -152 130 0 0 1 0 1 0 -1 0 0 3040b.dat
1 0 20 -152 130 0 0 -1 0 1 0 1 0 0 3040b.dat
1 0 10 -128 -80 0 0 -1 0 1 0 1 0 0 3795.dat
1 0 40 -118 -10 0 -1 0 -0.507538 0 0.861629 -0.861629 0 -0.507538 3959.dat
1 0 -20 -118 -10 0 1 0 0.507538 0 0.861629 0.861629 0 -0.507538 3959.dat
1 42 -20 -138.678 2.18 0 0 1 0.507538 -0.861629 0 0.861629 0.507538 0 4740.dat
1 42 40 -138.678 2.18 0 0 1 0.507538 -0.861629 0 0.861629 0.507538 0 4740.dat
1 15 0 -160 120 0 0 1 0 1 0 -1 0 0 3023.dat
1 15 20 -160 120 0 0 1 0 1 0 -1 0 0 3023.dat
1 0 10 -136 -60 1 0 0 0 1 0 0 0 1 3956.dat
1 15 10 -156 -80 -1 0 0 0 0 1 0 1 0 4345a.dat
1 0 10 -156 -80 -1 0 0 0 0 1 0 1 0 4346p60.dat
1 15 10 -148 -56 -1 0 0 0 1 0 0 0 -1 6141.dat
1 0 10 -156 -32 -1 0 0 0 0 1 0 1 0 3479.dat
1 0 10 -156 -96 1 0 0 0 0 -1 0 1 0 4859.dat
1 15 10 -146 -104 1 0 0 0 0 -1 0 1 0 2412b.dat
1 15 10 -166 -104 1 0 0 0 0 -1 0 1 0 3069bp13.dat
1 15 60 -32 -160 0 0 1 0 1 0 -1 0 0 4276b.dat
1 15 -40 -32 -160 0 0 1 0 1 0 -1 0 0 4276b.dat
1 0 10 -32 -170 1 0 0 0 1 0 0 0 1 3710.dat
1 15 10 -24 -160 1 0 0 0 1 0 0 0 1 3795.dat
1 0 50 -59.553 -214.909 -1 0 0 0 -0.694658 0.71934 0 0.71934 0.694658 6861 - Vehicle - Cockpit.ldr
1 0 10 -140 140 -1 0 0 0 0 1 0 1 0 3956.dat
1 15 10 -140 148 -1 0 0 0 0 1 0 1 0 4591.dat
1 0 10 -192 130 1 0 0 0 1 0 0 0 1 3937.dat
1 0 10 -189.071 122.929 1 0 0 0 0.707107 -0.707107 0 0.707107 0.707107 6861 - Vehicle - Canon.ldr
1 0 118 -92 -160 0 -1 0 1 0 0 0 0 1 6861 - Vehicle - Door.ldr
1 0 -98 -92 -160 0 1 0 -1 0 0 0 0 1 6861 - Vehicle - Door.ldr
1 0 -30 -93 -152 1 0 0 0 1 0 0 0 1 6861 - Minifig 1.ldr
1 0 50 -93 -152 1 0 0 0 1 0 0 0 1 6861 - Minifig 2.ldr

0 FILE 6861 - Vehicle - Antenna 1.ldr
0 Vehicle - Antenna 1
0 Name: 6861 - Vehicle - Antenna 1.ldr
0 Author: Damien Roux [Darats]
0 !LDRAW_ORG Model
0 !LICENSE Redistributable under CCAL version 2.0 : see CAreadme.txt

0 !THEME Space / Blacktron II

1 0 0 0 0 1 0 0 0 1 0 0 0 1 4276b.dat
1 0 0 8 0 -1 0 0 0 1 0 0 0 -1 4276b.dat
1 0 -50 8 0 0 0 -1 0 1 0 1 0 0 2452.dat
1 0 -50 0 0 0 0 -1 0 1 0 1 0 0 4590.dat
1 0 0 -8 0 -1 0 0 0 1 0 0 0 -1 4276b.dat
1 0 -50 -8 0 0 0 -1 0 1 0 1 0 0 2452.dat
1 42 -60 -8 -30 0 0 -1 0 1 0 1 0 0 6141.dat
1 15 -60 -24 30 1 0 0 0 1 0 0 0 1 4070.dat
1 15 -50 -16 -10 1 0 0 0 1 0 0 0 1 2555.dat
1 15 0 -16 0 1 0 0 0 1 0 0 0 1 2412b.dat
1 42 -60 -14 40 1 0 0 0 0 -1 0 1 0 3960.dat
1 42 -50 -22 0 1 0 0 0 0 -1 0 1 0 2569.dat


0 FILE 6861 - Vehicle - Antenna 2.ldr
0 Vehicle - Antenna 2
0 Name: 6861 - Vehicle - Antenna 2.ldr
0 Author: Damien Roux [Darats]
0 !LDRAW_ORG Model
0 !LICENSE Redistributable under CCAL version 2.0 : see CAreadme.txt

0 !THEME Space / Blacktron II

1 0 0 0 0 -1 0 0 0 1 0 0 0 -1 4276b.dat
1 0 0 8 0 1 0 0 0 1 0 0 0 1 4276b.dat
1 0 50 8 0 0 0 1 0 1 0 -1 0 0 2452.dat
1 0 50 0 0 0 0 1 0 1 0 -1 0 0 4590.dat
1 0 0 -8 0 1 0 0 0 1 0 0 0 1 4276b.dat
1 0 50 -8 0 0 0 1 0 1 0 -1 0 0 2452.dat
1 42 60 -8 -30 0 0 1 0 1 0 -1 0 0 6141.dat
1 15 60 -24 30 1 0 0 0 1 0 0 0 1 4070.dat
1 15 50 -16 -10 1 0 0 0 1 0 0 0 1 2555.dat
1 15 0 -16 0 -1 0 0 0 1 0 0 0 -1 2412b.dat
1 42 60 -14 40 1 0 0 0 0 -1 0 1 0 3960.dat
1 42 50 -22 0 1 0 0 0 0 -1 0 1 0 2569.dat


0 FILE 6861 - Vehicle - Cockpit.ldr
0 Vehicle - Cockpit
0 Name: 6861 - Vehicle - Cockpit.ldr
0 Author: Damien Roux [Darats]
0 !LDRAW_ORG Model
0 !LICENSE Redistributable under CCAL version 2.0 : see CAreadme.txt

0 !THEME Space / Blacktron II

1 42 0 0 0 1 0 0 0 1 0 0 0 1 2466.dat
1 42 40 0 0 1 0 0 0 1 0 0 0 1 2466.dat
1 42 80 0 0 1 0 0 0 1 0 0 0 1 2466.dat
1 0 40 136 0 1 0 0 0 1 0 0 0 1 3666.dat
1 0 40 0 20 1 0 0 0 1 0 0 0 1 3666.dat
1 0 0 8 10 1 0 0 0 1 0 0 0 1 4032a.dat
1 0 40 8 10 1 0 0 0 1 0 0 0 1 4032a.dat
1 0 80 8 10 1 0 0 0 1 0 0 0 1 4032a.dat
1 0 90 -8 10 0 0 -1 0 1 0 1 0 0 4275b.dat
1 0 -10 -8 10 0 0 -1 0 1 0 1 0 0 4275b.dat
1 0 20 -8 10 0 0 -1 0 1 0 1 0 0 3022.dat
1 0 60 -8 10 0 0 -1 0 1 0 1 0 0 3022.dat
1 0 40 -16 0 1 0 0 0 1 0 0 0 1 2412b.dat
1 0 80 -16 0 1 0 0 0 1 0 0 0 1 2412b.dat
1 0 0 -16 0 1 0 0 0 1 0 0 0 1 2412b.dat
1 15 40 -16 20 1 0 0 0 1 0 0 0 1 2412b.dat
1 15 80 -16 20 1 0 0 0 1 0 0 0 1 2412b.dat
1 15 0 -16 20 1 0 0 0 1 0 0 0 1 2412b.dat
1 0 0 36 18 -1 0 0 0 0 -1 0 -1 0 2516.dat


0 FILE 6861 - Vehicle - Canon.ldr
0 Vehicle - Canon
0 Name: 6861 - Vehicle - Canon.ldr
0 Author: Damien Roux [Darats]
0 !LDRAW_ORG Model
0 !LICENSE Redistributable under CCAL version 2.0 : see CAreadme.txt

0 !THEME Space / Blacktron II

1 15 0 0 0 1 0 0 0 1 0 0 0 1 3938.dat
1 15 10 -24 0 1 0 0 0 1 0 0 0 1 4589.dat
1 15 -10 -24 0 1 0 0 0 1 0 0 0 1 4589.dat


0 FILE 6861 - Vehicle - Door.ldr
0 Vehicle - Door
0 Name: 6861 - Vehicle - Door.ldr
0 Author: Damien Roux [Darats]
0 !LDRAW_ORG Model
0 !LICENSE Redistributable under CCAL version 2.0 : see CAreadme.txt

0 !THEME Space / Blacktron II

1 42 0 0 0 1 0 0 0 1 0 0 0 1 2418a.dat
1 0 0 -8 0 1 0 0 0 1 0 0 0 1 4032a.dat
1 0 0 -16 0 1 0 0 0 1 0 0 0 1 4032a.dat
1 15 0 -24 0 -1 0 0 0 1 0 0 0 -1 4150p04.dat


0 FILE 6861 - Minifig 1.ldr
0 Minifig 1
0 Name: 6861 - Minifig 1.ldr
0 Author: Damien Roux [Darats]
0 !LDRAW_ORG Model
0 !LICENSE Redistributable under CCAL version 2.0 : see CAreadme.txt

0 !THEME Space / Blacktron II

1 0 0 -27 0 0.913545 0 -0.406737 0 1 0 0.406737 0 0.913545 6861 - Minifig - Helmet 2.ldr
1 14 0 -27 0 0.913545 0 -0.406737 0 1 0 0.406737 0 0.913545 3626bp01.dat
1 0 0 0 0 1 0 0 0 1 0 0 0 1 3838.dat
1 15 0 0 0 1 0 0 0 1 0 0 0 1 973p51.dat
1 0 0 32 0 1 0 0 0 1 0 0 0 1 3815.dat
1 0 -15.552 9 0 0.985 0.0236594 -0.168346 0.17 -0.137086 0.975414 0 -0.990268 -0.139173 3818.dat
1 0 15.552 9 0 0.985 0.126335 0.113752 -0.17 0.731998 0.659094 0 -0.669131 0.743145 3819.dat
1 0 -18.4926 -4.52311 -17.142 0.985 -0.102293 -0.135748 0.17 0.592698 0.786537 0 -0.798515 0.601724 3820.dat
1 0 21.8701 15.0465 -20.2236 0.985 0.169741 -0.00889577 -0.17 0.983502 -0.0515431 0 0.0523281 0.998479 3820.dat
1 15 0 44 0 1 0 0 0 0 1 0 -1 0 3817.dat
1 15 0 44 0 1 0 0 0 0 1 0 -1 0 3816.dat

0 FILE 6861 - Minifig 2.ldr
0 Minifig 2
0 Name: 6861 - Minifig 2.ldr
0 Author: Damien Roux [Darats]
0 !LDRAW_ORG Model
0 !LICENSE Redistributable under CCAL version 2.0 : see CAreadme.txt

0 !THEME Space / Blacktron II

1 0 0 -26.61 7.421 0.990268 0 -0.139173 0.014548 0.994522 0.103511 0.138411 -0.104528 0.984843 6861 - Minifig - Helmet 2.ldr
1 14 0 -26.61 7.421 0.990268 0 -0.139173 0.0145476 0.994522 0.103511 0.138411 -0.104528 0.984843 3626bp01.dat
1 15 0 0.24 4.6 1 0 0 0 0.994522 0.104528 0 -0.104528 0.994522 973p51.dat
1 0 0 32.066 1.256 1 0 0 0 0.994522 0.104528 0 -0.104528 0.994522 3815.dat
1 0 -15.552 9.192 3.657 0.985 -0.159748 -0.0581434 0.169069 0.884776 0.433269 -0.0177698 -0.436898 0.89933 3818.dat
1 0 15.552 9.192 3.657 0.985 0.158709 0.0609226 -0.169069 0.87708 0.448644 0.0177698 -0.452527 0.891568 3819.dat
1 0 -23.071 20.441 -13.728 0.994678 -0.0676144 0.0718343 0.0872086 0.943047 -0.319215 -0.0461969 0.324147 0.944713 3820.dat
1 0 23.023 20.137 -13.941 0.993432 0.0861909 -0.0691348 -0.103275 0.946797 -0.302904 0.0393791 0.308407 0.950275 3820.dat
1 15 0 44 0 1 0 0 0 0 1 0 -1 0 3817.dat
1 15 0 44 0 1 0 0 0 0 1 0 -1 0 3816.dat
1 0 0 0.24 4.6 1 0 0 0 0.994522 0.104528 0 -0.104528 0.994522 3838.dat

0 FILE 6861 - Minifig 3.ldr
0 Minifig 3
0 Name: 6861 - Minifig 3.ldr
0 Author: Damien Roux [Darats]
0 !LDRAW_ORG Model
0 !LICENSE Redistributable under CCAL version 2.0 : see CAreadme.txt

0 !THEME Space / Blacktron II

1 0 0 -27 0 0.993572 0 -0.113203 0 1 0 0.113203 0 0.993572 6861 - Minifig - Helmet 1.ldr
1 14 0 -27 0 0.993572 0 -0.113203 0 1 0 0.113203 0 0.993572 3626bp01.dat
1 15 0 0 0 1 0 0 0 1 0 0 0 1 973p51.dat
1 15 0 0 0 1 0 0 0 1 0 0 0 1 6861 - Minifig - Jet-Pack.ldr
1 0 0 32 0 1 0 0 0 1 0 0 0 1 3815.dat
1 15 0 44 0 1 0 0 0 0.978148 0.207912 0 -0.207912 0.978148 3817.dat
1 15 0 44 0 1 0 0 0 0.990268 -0.139173 0 0.139173 0.990268 3816.dat
1 0 -15.552 9 0 0.985 -0.159748 -0.0581434 0.17 0.925597 0.33689 0 -0.34202 0.939693 3818.dat
1 0 15.552 9 0 0.985 0.159748 0.0581434 -0.17 0.925597 0.33689 0 -0.34202 0.939693 3819.dat
1 0 -23.0709 22.0041 -16.1152 0.985 -0.154049 0.0718343 0.17 0.892578 -0.416216 0 0.422554 0.906171 3820.dat
1 0 23.0709 22.0041 -16.1152 0.985 0.154049 -0.0718343 -0.17 0.892578 -0.416216 0 0.422554 0.906171 3820.dat

0 FILE 6861 - Minifig - Helmet 1.ldr
0 Minifig - Helmet 1
0 Name: 6861 - Minifig - Helmet 1.ldr
0 Author: Damien Roux [Darats]
0 !LDRAW_ORG Model
0 !LICENSE Redistributable under CCAL version 2.0 : see CAreadme.txt

0 !THEME Space / Blacktron II

1 0 0 0 0 1 0 0 0 1 0 0 0 1 2446.dat
1 42 0 0 0 1 0 0 0 1 0 0 0 1 2447.dat


0 FILE 6861 - Minifig - Helmet 2.ldr
0 Minifig - Helmet 2
0 Name: 6861 - Minifig - Helmet 2.ldr
0 Author: Damien Roux [Darats]
0 !LDRAW_ORG Model
0 !LICENSE Redistributable under CCAL version 2.0 : see CAreadme.txt

0 !THEME Space / Blacktron II

1 0 0 0 0 1 0 0 0 1 0 0 0 1 2446.dat
1 42 0 3.204 5.6 1 0 0 0 0.507538 0.861629 0 -0.861629 0.507538 2447.dat


0 FILE 6861 - Minifig - Jet-Pack.ldr
0 Minifig - Jet-Pack
0 Name: 6861 - Minifig - Jet-Pack.ldr
0 Author: Damien Roux [Darats]
0 !LDRAW_ORG Model
0 !LICENSE Redistributable under CCAL version 2.0 : see CAreadme.txt

0 !THEME Space / Blacktron II

1 15 0 0 0 1 0 0 0 1 0 0 0 1 6023.dat
1 0 0 -16 35 1 0 0 0 1 0 0 0 1 3839b.dat
1 0 -10 -16 55 0 0 1 0 1 0 -1 0 0 4085b.dat
1 0 10 -16 55 0 0 -1 0 1 0 1 0 0 4085b.dat
1 0 0 -8 35 -1 0 0 0 1 0 0 0 -1 2458.dat
1 0 0 -8 55 -1 0 0 0 1 0 0 0 -1 3700.dat
1 0 0 16 45 -1 0 0 0 1 0 0 0 -1 3940.dat
1 15 0 64 55 -1 0 0 0 1 0 0 0 -1 3839b.dat
1 15 0 64 35 1 0 0 0 1 0 0 0 1 3839b.dat
1 0 0 4 65 -1 0 0 0 0 1 0 1 0 3956.dat
1 15 0 -32 45 -1 0 0 0 1 0 0 0 -1 4150p04.dat
1 42 30 -5 55 -1 0 0 0 1 0 0 0 -1 2569.dat
1 42 -30 -5 55 -1 0 0 0 1 0 0 0 -1 2569.dat


