0 FILE 6862 - Secret Space Voyager.ldr
0 Secret Space Voyager
0 Name: 6862 - Secret Space Voyager.ldr
0 Author: Damien Roux [Darats]
0 !LDRAW_ORG Model
0 !LICENSE Redistributable under CCAL version 2.0 : see CAreadme.txt

0 !THEME Space / M:Tron

1 0 0 0 0 1 0 0 0 1 0 0 0 1 6862 - Spaceship + Vehicle.ldr


0 FILE 6862 - Spaceship.ldr
0 Spaceship
0 Name: 6862 - Spaceship.ldr
0 Author: Damien Roux [Darats]
0 !LDRAW_ORG Model
0 !LICENSE Redistributable under CCAL version 2.0 : see CAreadme.txt

0 !THEME Space / M:Tron

1 4 0 0 0 -1 0 0 0 1 0 0 0 -1 4475.dat
1 4 -30 0 -30 -1 0 0 0 1 0 0 0 -1 3024.dat
1 4 30 0 -30 -1 0 0 0 1 0 0 0 -1 3024.dat
1 4 0 0 -100 0 0 -1 0 1 0 1 0 0 3832.dat
1 0 10 -24 120 0 0 -1 0 1 0 1 0 0 2465.dat
1 0 -10 -24 120 0 0 -1 0 1 0 1 0 0 2465.dat
1 4 30 -24 -20 0 0 -1 0 1 0 1 0 0 3039.dat
1 4 -30 -24 -20 0 0 1 0 1 0 -1 0 0 3039.dat
1 4 30 -24 20 0 0 -1 0 1 0 1 0 0 3747a.dat
1 4 -30 -24 20 0 0 1 0 1 0 -1 0 0 3747a.dat
1 4 -10 -24 -50 0 0 1 0 1 0 -1 0 0 3665.dat
1 4 10 -24 -50 0 0 -1 0 1 0 1 0 0 3665.dat
1 4 0 -24 -80 0 0 -1 0 1 0 1 0 0 4871.dat
1 4 0 -24 -140 0 0 -1 0 1 0 1 0 0 4854.dat
1 0 0 -32 -50 1 0 0 0 1 0 0 0 1 3069b.dat
1 4 0 -32 -10 0 0 1 0 1 0 -1 0 0 3021.dat
1 4 30 -32 -80 0 0 1 0 1 0 -1 0 0 3666.dat
1 4 -30 -32 -80 0 0 1 0 1 0 -1 0 0 3666.dat
1 4 0 -24 -190 1 0 0 0 1 0 0 0 1 4855.dat
1 0 -100 -32 -180 0 0 1 0 1 0 -1 0 0 3933.dat
1 0 -100 -32 0 0 0 1 0 1 0 -1 0 0 3933.dat
1 0 100 -32 0 0 0 -1 0 1 0 1 0 0 3934.dat
1 0 100 -32 -180 0 0 -1 0 1 0 1 0 0 3934.dat
1 4 0 -32 -190 1 0 0 0 1 0 0 0 1 3004.dat
1 4 30 -40 -180 0 0 1 0 1 0 -1 0 0 3023.dat
1 4 -30 -40 -180 0 0 1 0 1 0 -1 0 0 3023.dat
1 0 40 -40 -80 0 0 1 0 1 0 -1 0 0 3034.dat
1 0 -40 -40 -80 0 0 1 0 1 0 -1 0 0 3034.dat
1 0 0 -40 20 -1 0 0 0 1 0 0 0 -1 3034.dat
1 7 0 -40 -20 -1 0 0 0 1 0 0 0 -1 3022.dat
1 0 0 8 -180 -1 0 0 0 1 0 0 0 -1 4032a.dat
1 4 0 8 0 -1 0 0 0 1 0 0 0 -1 3031.dat
1 4 0 0 220 -1 0 0 0 1 0 0 0 -1 4859.dat
1 0 0 0 280 -1 0 0 0 1 0 0 0 -1 3597.dat
1 7 0 8 240 -1 0 0 0 1 0 0 0 -1 4859.dat
1 0 0 8 300 -1 0 0 0 1 0 0 0 -1 4032a.dat
1 4 50 8 -60 0 0 -1 0 1 0 1 0 0 3023.dat
1 4 -50 8 -60 0 0 -1 0 1 0 1 0 0 3023.dat
1 0 150 -40 30 -1 0 0 0 1 0 0 0 -1 4085c.dat
1 0 -150 -40 30 -1 0 0 0 1 0 0 0 -1 4085c.dat
1 4 170 -40 30 0 0 -1 0 1 0 1 0 0 4081b.dat
1 4 -170 -40 30 0 0 1 0 1 0 -1 0 0 4081b.dat
1 0 50 -40 -180 0 0 -1 0 1 0 1 0 0 4623.dat
1 0 -50 -40 -180 0 0 1 0 1 0 -1 0 0 4623.dat
1 4 0 -64 -10 0 0 1 0 1 0 -1 0 0 3002.dat
1 4 30 -64 -20 0 0 -1 0 1 0 1 0 0 3039.dat
1 4 -30 -64 -20 0 0 1 0 1 0 -1 0 0 3039.dat
1 4 0 -48 -240 1 0 0 0 1 0 0 0 1 2336p68.dat
1 0 60 -88 20 0 0 -1 0 1 0 1 0 0 6862 - Spaceship - Box 1.ldr
1 0 -60 -88 20 0 0 1 0 1 0 -1 0 0 6862 - Spaceship - Box 2.ldr
1 4 0 -48 -190 -1 0 0 0 1 0 0 0 -1 3666.dat
1 4 70 -48 -150 1 0 0 0 1 0 0 0 1 2450.dat
1 4 -70 -48 -150 0 0 1 0 1 0 -1 0 0 2450.dat
1 4 160 -48 30 -1 0 0 0 1 0 0 0 -1 3069b.dat
1 4 -160 -48 30 -1 0 0 0 1 0 0 0 -1 3069b.dat
1 0 -30 -48 -170 -1 0 0 0 1 0 0 0 -1 3024.dat
1 0 30 -48 -170 -1 0 0 0 1 0 0 0 -1 3024.dat
1 4 50 -48 -80 0 0 -1 0 1 0 1 0 0 4315.dat
1 4 -50 -48 -80 0 0 1 0 1 0 -1 0 0 4315.dat
1 0 -64 -44 -80 0.461749 0.887011 0 -0.887011 0.461749 0 0 0 1 6862 - Spaceship - Wing 1.ldr
1 0 64 -44 -80 0.461749 -0.887011 0 0.887011 0.461749 0 0 0 1 6862 - Spaceship - Wing 2.ldr
1 0 10 -64 -210 0 0 -1 0 1 0 1 0 0 4070.dat
1 0 -10 -64 -210 0 0 1 0 1 0 -1 0 0 4070.dat
1 15 0 -56 -190 -1 0 0 0 1 0 0 0 -1 3069bp68.dat
1 15 30 -48 -90 0 0 1 0 1 0 -1 0 0 3070bp06.dat
1 4 50 -112 20 0 0 -1 0 1 0 1 0 0 3039p68.dat
1 4 -50 -112 20 0 0 1 0 1 0 -1 0 0 3039p68.dat
1 0 150 -36 50 0 0 1 0 1 0 -1 0 0 3962a.dat
1 0 -150 -36 50 0 0 1 0 1 0 -1 0 0 3962a.dat
1 0 0 -72 -230 -1 0 0 0 1 0 0 0 -1 3004.dat
1 0 50 -72 -140 0 0 -1 0 1 0 1 0 0 3937.dat
1 0 50 -72 -60 0 0 -1 0 1 0 1 0 0 3937.dat
1 0 -50 -72 -60 0 0 1 0 1 0 -1 0 0 3937.dat
1 0 -50 -72 -140 0 0 1 0 1 0 -1 0 0 3937.dat
1 4 30 -72 -170 1 0 0 0 1 0 0 0 1 3045.dat
1 4 -30 -72 -170 0 0 1 0 1 0 -1 0 0 3045.dat
1 4 0 -112 -20 -1 0 0 0 1 0 0 0 -1 2434.dat
1 4 0 -120 30 -1 0 0 0 1 0 0 0 -1 3666.dat
1 4 0 -120 -10 1 0 0 0 1 0 0 0 1 2419.dat
1 4 0 -72 -210 1 0 0 0 1 0 0 0 1 2412b.dat
1 4 0 -128 10 1 0 0 0 1 0 0 0 1 2419.dat
1 4 0 -128 -30 1 0 0 0 1 0 0 0 1 4315.dat
1 42 0 -124 -44 1 0 0 0 1 0 0 0 1 2507.dat
1 0 92 -38 -220 0 -1 0 1 0 0 0 0 1 6862 - Spaceship - Wing 3.ldr
1 0 -92 -38 -220 0 1 0 -1 0 0 0 0 1 6862 - Spaceship - Wing 3.ldr
1 4 -30 -136 20 0 0 1 0 1 0 -1 0 0 3023.dat
1 4 30 -136 20 0 0 1 0 1 0 -1 0 0 3023.dat
1 4 0 -136 0 0 0 1 0 1 0 -1 0 0 3020.dat
1 0 0 -144 40 1 0 0 0 1 0 0 0 1 6862 - Spaceship - Top.ldr
1 4 190 -38 42 1 0 0 0 0 1 0 -1 0 6141.dat
1 42 190 -38 50 1 0 0 0 0 1 0 -1 0 4740.dat
1 42 190 -38 18 1 0 0 0 0 -1 0 1 0 2569.dat
1 4 -190 -38 42 1 0 0 0 0 1 0 -1 0 6141.dat
1 42 -190 -38 50 1 0 0 0 0 1 0 -1 0 4740.dat
1 42 -190 -38 18 1 0 0 0 0 -1 0 1 0 2569.dat
1 42 -50 -222 84 1 0 0 0 0 1 0 -1 0 4740.dat
1 42 50 -222 84 1 0 0 0 0 1 0 -1 0 4740.dat
1 4 0 -176 40 0 0 -1 0 1 0 1 0 0 4276b.dat
1 0 0 -192 20 0 0 -1 0 1 0 1 0 0 4531.dat
1 0 0 -188 50 1 0 0 0 0.981627 0.190809 0 -0.190809 0.981627 6862 - Spaceship - Laser.ldr
1 0 50 -62 -140 0.707107 -0.707107 0 0.707107 0.707107 0 0 0 1 6862 - Spaceship - Side.ldr
1 0 -50 -62 -140 0.707107 0.707107 0 -0.707107 0.707107 0 0 0 1 6862 - Spaceship - Side.ldr
1 0 34 -54 -210 0 -1 0 1 0 0 0 0 1 752.dat
0 MLCAD BTG Hose 1
1 256 34 -54 -210 0 1 0 -1 0 0 0 0 1 755.dat
1 0 -34 -54 -210 0 1 0 -1 0 0 0 0 1 752.dat
0 MLCAD BTG Hose 1
1 256 72.7925 -84.4871 -124.955 -0.6787 0.0374 0.7334 0.7344 0.0319 0.678 -0.0019 -0.9988 0.0491 756.dat
0 MLCAD BTG Hose 1
1 256 72.9478 -84.349 -127.452 -0.6603 0.0579 0.7487 0.751 0.0513 0.6583 0.0003 -0.997 0.0774 756.dat
0 MLCAD BTG Hose 1
1 256 73.1596 -84.1528 -129.946 -0.6417 0.0801 0.7628 0.767 0.0738 0.6374 0.0052 -0.9941 0.1087 756.dat
0 MLCAD BTG Hose 1
1 256 73.4305 -83.8903 -132.42 -0.623 0.1036 0.7753 0.7821 0.0997 0.6151 0.0136 -0.9896 0.1431 756.dat
0 MLCAD BTG Hose 1
1 256 73.7635 -83.551 -134.887 -0.6045 0.1278 0.7862 0.7961 0.1293 0.5911 0.0261 -0.9833 0.1799 756.dat
0 MLCAD BTG Hose 1
1 256 74.1551 -83.1289 -137.319 -0.5867 0.1519 0.7955 0.8087 0.1623 0.5654 0.0432 -0.975 0.218 756.dat
0 MLCAD BTG Hose 1
1 256 74.6036 -82.614 -139.733 -0.5695 0.1744 0.8033 0.8194 0.1983 0.5379 0.0654 -0.9645 0.2558 756.dat
0 MLCAD BTG Hose 1
1 256 75.0997 -82.0027 -142.121 -0.5532 0.1936 0.8102 0.8279 0.2359 0.5089 0.0926 -0.9523 0.2908 756.dat
0 MLCAD BTG Hose 1
1 256 75.6275 -81.2988 -144.47 -0.538 0.2077 0.817 0.8338 0.2734 0.4796 0.1237 -0.9392 0.3203 756.dat
0 MLCAD BTG Hose 1
1 256 76.1708 -80.5076 -146.785 -0.5233 0.2153 0.8245 0.8375 0.3087 0.4509 0.1575 -0.9265 0.3419 756.dat
0 MLCAD BTG Hose 1
1 256 76.71 -79.6415 -149.066 -0.5088 0.2157 0.8334 0.8392 0.3403 0.4243 0.1921 -0.9153 0.3541 756.dat
0 MLCAD BTG Hose 1
1 256 77.2326 -78.707 -151.343 -0.4937 0.209 0.8442 0.8399 0.3665 0.4004 0.2257 -0.9066 0.3565 756.dat
0 MLCAD BTG Hose 1
1 256 77.7164 -77.7309 -153.59 -0.4776 0.1963 0.8564 0.8403 0.3868 0.3799 0.2567 -0.901 0.3497 756.dat
0 MLCAD BTG Hose 1
1 256 78.1575 -76.7154 -155.847 -0.4599 0.1789 0.8698 0.8413 0.4012 0.3624 0.2841 -0.8984 0.335 756.dat
0 MLCAD BTG Hose 1
1 256 78.5439 -75.6836 -158.097 -0.441 0.1583 0.8835 0.8433 0.4101 0.3474 0.3073 -0.8982 0.3143 756.dat
0 MLCAD BTG Hose 1
1 256 78.8745 -74.6412 -160.358 -0.4206 0.136 0.897 0.8466 0.4143 0.3342 0.3262 -0.8999 0.2894 756.dat
0 MLCAD BTG Hose 1
1 256 79.1458 -73.6041 -162.616 -0.3993 0.1131 0.9098 0.8511 0.4148 0.3219 0.341 -0.9029 0.2619 756.dat
0 MLCAD BTG Hose 1
1 256 79.3621 -72.5693 -164.894 -0.377 0.0905 0.9218 0.8567 0.4125 0.3099 0.3521 -0.9065 0.233 756.dat
0 MLCAD BTG Hose 1
1 256 79.5232 -71.5507 -167.174 -0.3542 0.0687 0.9326 0.8631 0.408 0.2977 0.3601 -0.9104 0.2038 756.dat
0 MLCAD BTG Hose 1
1 256 79.6342 -70.5431 -169.474 -0.3308 0.0482 0.9425 0.8702 0.4021 0.2849 0.3652 -0.9143 0.1749 756.dat
0 MLCAD BTG Hose 1
1 256 79.697 -69.5586 -171.77 -0.3073 0.0289 0.9512 0.8776 0.3952 0.2714 0.3681 -0.9181 0.1468 756.dat
0 MLCAD BTG Hose 1
1 256 79.7159 -68.591 -174.081 -0.2834 0.0111 0.9589 0.8852 0.3878 0.2572 0.369 -0.9217 0.1197 756.dat
0 MLCAD BTG Hose 1
1 256 79.6769 -67.632 -176.404 -0.2594 -0.0112 0.9657 0.8912 0.3826 0.2438 0.3722 -0.9239 0.0893 756.dat
0 MLCAD BTG Hose 1
1 256 79.5465 -66.6791 -178.711 -0.2352 -0.0453 0.9709 0.8942 0.3815 0.2344 0.381 -0.9232 0.0492 756.dat
0 MLCAD BTG Hose 1
1 256 79.3181 -65.7259 -181.022 -0.2104 -0.0835 0.974 0.8969 0.38 0.2263 0.389 -0.9212 0.005 756.dat
0 MLCAD BTG Hose 1
1 256 78.981 -64.7793 -183.323 -0.1853 -0.126 0.9746 0.8995 0.3776 0.2199 0.3957 -0.9173 -0.0434 756.dat
0 MLCAD BTG Hose 1
1 256 78.5239 -63.8438 -185.601 -0.16 -0.1732 0.9718 0.902 0.3743 0.2152 0.401 -0.911 -0.0964 756.dat
0 MLCAD BTG Hose 1
1 256 77.9323 -62.9189 -187.858 -0.1344 -0.2256 0.9649 0.9046 0.3695 0.2124 0.4045 -0.9014 -0.1544 756.dat
0 MLCAD BTG Hose 1
1 256 77.1933 -62.011 -190.078 -0.1088 -0.2832 0.9529 0.9074 0.3631 0.2115 0.4059 -0.8877 -0.2175 756.dat
0 MLCAD BTG Hose 1
1 256 76.295 -61.1276 -192.244 -0.0834 -0.3462 0.9344 0.9106 0.3545 0.2126 0.4048 -0.8686 -0.2857 756.dat
0 MLCAD BTG Hose 1
1 256 75.2223 -60.2709 -194.35 -0.0586 -0.4139 0.9084 0.9142 0.3432 0.2153 0.4009 -0.8431 -0.3583 756.dat
0 MLCAD BTG Hose 1
1 256 73.9737 -59.4553 -196.36 -0.035 -0.4851 0.8738 0.9185 0.329 0.2194 0.3939 -0.8102 -0.434 756.dat
0 MLCAD BTG Hose 1
1 256 72.5397 -58.6839 -198.265 -0.0129 -0.5581 0.8297 0.9235 0.3114 0.2239 0.3834 -0.7691 -0.5114 756.dat
0 MLCAD BTG Hose 1
1 256 70.9224 -57.9647 -200.047 0.0068 -0.6304 0.7762 0.9293 0.2907 0.2279 0.3693 -0.7198 -0.5878 756.dat
0 MLCAD BTG Hose 1
1 256 69.1389 -57.3085 -201.678 0.0236 -0.6992 0.7145 0.9357 0.267 0.2305 0.352 -0.6631 -0.6606 756.dat
0 MLCAD BTG Hose 1
1 256 67.1926 -56.7143 -203.159 0.037 -0.762 0.6465 0.9427 0.2413 0.2304 0.3316 -0.6009 -0.7273 756.dat
0 MLCAD BTG Hose 1
1 256 65.1227 -56.1912 -204.466 0.0468 -0.8167 0.5751 0.9499 0.2145 0.2272 0.3089 -0.5357 -0.7859 756.dat
0 MLCAD BTG Hose 1
1 256 62.9366 -55.734 -205.612 0.0532 -0.8626 0.5031 0.9572 0.1876 0.2204 0.2845 -0.4698 -0.8357 756.dat
0 MLCAD BTG Hose 1
1 256 60.6662 -55.3429 -206.595 0.0563 -0.8997 0.4328 0.9642 0.1614 0.2102 0.259 -0.4055 -0.8766 756.dat
0 MLCAD BTG Hose 1
1 256 58.3164 -55.0109 -207.432 0.0566 -0.9288 0.3663 0.9709 0.1368 0.1966 0.2327 -0.3445 -0.9095 756.dat
0 MLCAD BTG Hose 1
1 256 55.9331 -54.7383 -208.121 0.0546 -0.9509 0.3046 0.9769 0.1139 0.1805 0.2064 -0.2877 -0.9352 756.dat
0 MLCAD BTG Hose 1
1 256 53.4877 -54.5138 -208.69 0.0507 -0.9674 0.2483 0.9824 0.0931 0.162 0.1798 -0.2357 -0.955 756.dat
0 MLCAD BTG Hose 1
1 256 51.0395 -54.3381 -209.136 0.0453 -0.9793 0.1975 0.9871 0.0742 0.1418 0.1536 -0.1885 -0.97 756.dat
0 MLCAD BTG Hose 1
1 256 48.5544 -54.2025 -209.482 0.0387 -0.9877 0.1518 0.9911 0.0573 0.1201 0.1274 -0.1458 -0.9811 756.dat
0 MLCAD BTG Hose 1
1 256 46.0584 -54.1044 -209.732 0.0311 -0.9933 0.111 0.9944 0.0421 0.0974 0.1014 -0.1074 -0.989 756.dat
0 MLCAD BTG Hose 1
1 256 43.5606 -54.0399 -209.898 0.0229 -0.9969 0.0747 0.9969 0.0284 0.0739 0.0758 -0.0728 -0.9945 756.dat
0 MLCAD BTG Hose 1
1 256 41.0526 -54.0052 -209.987 0.0141 -0.999 0.0424 0.9986 0.0162 0.0497 0.0504 -0.0416 -0.9979 756.dat
0 MLCAD BTG Hose 1
1 256 38.5411 -53.9977 -210.006 0.0048 -0.9999 0.0134 0.9997 0.0052 0.0251 0.0252 -0.0133 -0.9996 756.dat
0 GROUP 49 Hose 1
0 MLCAD BTG Hose 2
1 256 -34 -54 -210 0 -1 0 -1 0 0 0 0 1 755.dat
0 MLCAD BTG Hose 2
1 256 -72.793 -84.487 -124.955 0.6787 -0.0374 -0.7334 0.7344 0.0319 0.678 -0.0019 -0.9988 0.0491 756.dat
0 MLCAD BTG Hose 2
1 256 -72.948 -84.349 -127.452 0.6603 -0.0579 -0.7487 0.751 0.0513 0.6583 0.0003 -0.997 0.0774 756.dat
0 MLCAD BTG Hose 2
1 256 -73.16 -84.153 -129.946 0.6417 -0.0801 -0.7628 0.767 0.0738 0.6374 0.0052 -0.9941 0.1087 756.dat
0 MLCAD BTG Hose 2
1 256 -73.431 -83.89 -132.42 0.623 -0.1036 -0.7753 0.7821 0.0997 0.6151 0.0136 -0.9896 0.1431 756.dat
0 MLCAD BTG Hose 2
1 256 -73.764 -83.551 -134.887 0.6045 -0.1278 -0.7862 0.7961 0.1293 0.5911 0.0261 -0.9833 0.1799 756.dat
0 MLCAD BTG Hose 2
1 256 -74.155 -83.129 -137.319 0.5867 -0.1519 -0.7955 0.8087 0.1623 0.5654 0.0432 -0.975 0.218 756.dat
0 MLCAD BTG Hose 2
1 256 -74.604 -82.614 -139.733 0.5695 -0.1744 -0.8033 0.8194 0.1983 0.5379 0.0654 -0.9645 0.2558 756.dat
0 MLCAD BTG Hose 2
1 256 -75.1 -82.003 -142.121 0.5532 -0.1936 -0.8102 0.8279 0.2359 0.5089 0.0926 -0.9523 0.2908 756.dat
0 MLCAD BTG Hose 2
1 256 -75.628 -81.299 -144.47 0.538 -0.2077 -0.817 0.8338 0.2734 0.4796 0.1237 -0.9392 0.3203 756.dat
0 MLCAD BTG Hose 2
1 256 -76.171 -80.508 -146.785 0.5233 -0.2153 -0.8245 0.8375 0.3087 0.4509 0.1575 -0.9265 0.3419 756.dat
0 MLCAD BTG Hose 2
1 256 -76.71 -79.642 -149.067 0.5088 -0.2157 -0.8334 0.8392 0.3403 0.4243 0.1921 -0.9153 0.3541 756.dat
0 MLCAD BTG Hose 2
1 256 -77.233 -78.707 -151.343 0.4937 -0.209 -0.8442 0.8399 0.3665 0.4004 0.2257 -0.9066 0.3565 756.dat
0 MLCAD BTG Hose 2
1 256 -77.716 -77.731 -153.59 0.4776 -0.1963 -0.8564 0.8403 0.3868 0.3799 0.2567 -0.901 0.3497 756.dat
0 MLCAD BTG Hose 2
1 256 -78.158 -76.715 -155.847 0.4599 -0.1789 -0.8698 0.8413 0.4012 0.3624 0.2841 -0.8984 0.335 756.dat
0 MLCAD BTG Hose 2
1 256 -78.544 -75.684 -158.097 0.441 -0.1583 -0.8835 0.8433 0.4101 0.3474 0.3073 -0.8982 0.3143 756.dat
0 MLCAD BTG Hose 2
1 256 -78.875 -74.641 -160.358 0.4206 -0.136 -0.897 0.8466 0.4143 0.3342 0.3262 -0.8999 0.2894 756.dat
0 MLCAD BTG Hose 2
1 256 -79.146 -73.604 -162.616 0.3993 -0.1131 -0.9098 0.8511 0.4148 0.3219 0.341 -0.9029 0.2619 756.dat
0 MLCAD BTG Hose 2
1 256 -79.362 -72.569 -164.894 0.377 -0.0905 -0.9218 0.8567 0.4125 0.3099 0.3521 -0.9065 0.233 756.dat
0 MLCAD BTG Hose 2
1 256 -79.523 -71.551 -167.174 0.3542 -0.0687 -0.9326 0.8631 0.408 0.2977 0.3601 -0.9104 0.2038 756.dat
0 MLCAD BTG Hose 2
1 256 -79.634 -70.543 -169.474 0.3308 -0.0482 -0.9425 0.8702 0.4021 0.2849 0.3652 -0.9143 0.1749 756.dat
0 MLCAD BTG Hose 2
1 256 -79.697 -69.559 -171.77 0.3073 -0.0289 -0.9512 0.8776 0.3952 0.2714 0.3681 -0.9181 0.1468 756.dat
0 MLCAD BTG Hose 2
1 256 -79.716 -68.591 -174.081 0.2834 -0.0111 -0.9589 0.8852 0.3878 0.2572 0.369 -0.9217 0.1197 756.dat
0 MLCAD BTG Hose 2
1 256 -79.677 -67.632 -176.404 0.2594 0.0112 -0.9657 0.8912 0.3826 0.2438 0.3722 -0.9239 0.0893 756.dat
0 MLCAD BTG Hose 2
1 256 -79.547 -66.679 -178.711 0.2352 0.0453 -0.9709 0.8942 0.3815 0.2344 0.381 -0.9232 0.0492 756.dat
0 MLCAD BTG Hose 2
1 256 -79.318 -65.726 -181.022 0.2104 0.0835 -0.974 0.8969 0.38 0.2263 0.389 -0.9212 0.005 756.dat
0 MLCAD BTG Hose 2
1 256 -78.981 -64.779 -183.323 0.1853 0.126 -0.9746 0.8995 0.3776 0.2199 0.3957 -0.9173 -0.0434 756.dat
0 MLCAD BTG Hose 2
1 256 -78.524 -63.844 -185.601 0.16 0.1732 -0.9718 0.902 0.3743 0.2152 0.401 -0.911 -0.0964 756.dat
0 MLCAD BTG Hose 2
1 256 -77.932 -62.919 -187.858 0.1344 0.2256 -0.9649 0.9046 0.3695 0.2124 0.4045 -0.9014 -0.1544 756.dat
0 MLCAD BTG Hose 2
1 256 -77.193 -62.011 -190.078 0.1088 0.2832 -0.9529 0.9074 0.3631 0.2115 0.4059 -0.8877 -0.2175 756.dat
0 MLCAD BTG Hose 2
1 256 -76.295 -61.128 -192.244 0.0834 0.3462 -0.9344 0.9106 0.3545 0.2126 0.4048 -0.8686 -0.2857 756.dat
0 MLCAD BTG Hose 2
1 256 -75.222 -60.271 -194.35 0.0586 0.4139 -0.9084 0.9142 0.3432 0.2153 0.4009 -0.8431 -0.3583 756.dat
0 MLCAD BTG Hose 2
1 256 -73.974 -59.455 -196.36 0.035 0.4851 -0.8738 0.9185 0.329 0.2194 0.3939 -0.8102 -0.434 756.dat
0 MLCAD BTG Hose 2
1 256 -72.54 -58.684 -198.265 0.0129 0.5581 -0.8297 0.9235 0.3114 0.2239 0.3834 -0.7691 -0.5114 756.dat
0 MLCAD BTG Hose 2
1 256 -70.922 -57.965 -200.047 -0.0068 0.6304 -0.7762 0.9293 0.2907 0.2279 0.3693 -0.7198 -0.5878 756.dat
0 MLCAD BTG Hose 2
1 256 -69.139 -57.309 -201.678 -0.0236 0.6992 -0.7145 0.9357 0.267 0.2305 0.352 -0.6631 -0.6606 756.dat
0 MLCAD BTG Hose 2
1 256 -67.193 -56.714 -203.159 -0.037 0.762 -0.6465 0.9427 0.2413 0.2304 0.3316 -0.6009 -0.7273 756.dat
0 MLCAD BTG Hose 2
1 256 -65.123 -56.191 -204.466 -0.0468 0.8167 -0.5751 0.9499 0.2145 0.2272 0.3089 -0.5357 -0.7859 756.dat
0 MLCAD BTG Hose 2
1 256 -62.937 -55.734 -205.612 -0.0532 0.8626 -0.5031 0.9572 0.1876 0.2204 0.2845 -0.4698 -0.8357 756.dat
0 MLCAD BTG Hose 2
1 256 -60.666 -55.343 -206.595 -0.0563 0.8997 -0.4328 0.9642 0.1614 0.2102 0.259 -0.4055 -0.8766 756.dat
0 MLCAD BTG Hose 2
1 256 -58.316 -55.011 -207.432 -0.0566 0.9288 -0.3663 0.9709 0.1368 0.1966 0.2327 -0.3445 -0.9095 756.dat
0 MLCAD BTG Hose 2
1 256 -55.933 -54.738 -208.121 -0.0546 0.9509 -0.3046 0.9769 0.1139 0.1805 0.2064 -0.2877 -0.9352 756.dat
0 MLCAD BTG Hose 2
1 256 -53.488 -54.514 -208.69 -0.0507 0.9674 -0.2483 0.9824 0.0931 0.162 0.1798 -0.2357 -0.955 756.dat
0 MLCAD BTG Hose 2
1 256 -51.04 -54.338 -209.136 -0.0453 0.9793 -0.1975 0.9871 0.0742 0.1418 0.1536 -0.1885 -0.97 756.dat
0 MLCAD BTG Hose 2
1 256 -48.554 -54.203 -209.482 -0.0387 0.9877 -0.1518 0.9911 0.0573 0.1201 0.1274 -0.1458 -0.9811 756.dat
0 MLCAD BTG Hose 2
1 256 -46.058 -54.104 -209.732 -0.0311 0.9933 -0.111 0.9944 0.0421 0.0974 0.1014 -0.1074 -0.989 756.dat
0 MLCAD BTG Hose 2
1 256 -43.561 -54.04 -209.898 -0.0229 0.9969 -0.0747 0.9969 0.0284 0.0739 0.0758 -0.0728 -0.9945 756.dat
0 MLCAD BTG Hose 2
1 256 -41.053 -54.005 -209.987 -0.0141 0.999 -0.0424 0.9986 0.0162 0.0497 0.0504 -0.0416 -0.9979 756.dat
0 MLCAD BTG Hose 2
1 256 -38.541 -53.998 -210.006 -0.0048 0.9999 -0.0134 0.9997 0.0052 0.0251 0.0252 -0.0133 -0.9996 756.dat
0 GROUP 49 Hose 2
1 0 0 -4 304 1 0 0 0 0.019197 -0.999816 0 0.999816 0.019197 6862 - Spaceship - Hinge 1.ldr
1 0 0 -172 70 1 0 0 0 0.998537 0.054079 0 -0.054079 0.998537 6862 - Spaceship - Hinge 2.ldr
1 0 0 -92 8 1 0 0 0 0 1 0 -1 0 2609a.dat
1 0 0 -92 14.5 1 0 0 0 1 0 0 0 1 2959c01.dat


0 FILE 6862 - Spaceship - Box 1.ldr
0 Spaceship - Box 1
0 Name: 6862 - Spaceship - Box 1.ldr
0 Author: Damien Roux [Darats]
0 !LDRAW_ORG Model
0 !LICENSE Redistributable under CCAL version 2.0 : see CAreadme.txt

0 !THEME Space / M:Tron

1 4 0 0 0 1 0 0 0 1 0 0 0 1 4345b.dat
1 7 0 0 0 1 0 0 0 1 0 0 0 1 4346p68.dat
1 42 0 16 0 -0.707107 0 0.707107 0 1 0 -0.707107 0 -0.707107 4588.dat



0 FILE 6862 - Spaceship - Box 2.ldr
0 Spaceship - Box 2
0 Name: 6862 - Spaceship - Box 2.ldr
0 Author: Damien Roux [Darats]
0 !LDRAW_ORG Model
0 !LICENSE Redistributable under CCAL version 2.0 : see CAreadme.txt

0 !THEME Space / M:Tron

1 4 0 0 0 1 0 0 0 1 0 0 0 1 4345b.dat
1 7 0 0 0 1 0 0 0 1 0 0 0 1 4346p68.dat
1 0 0 11.911 8.753 0 0 1 -0.743145 0.669131 0 -0.669131 -0.743145 0 2433.dat



0 FILE 6862 - Spaceship - Wing 1.ldr
0 Spaceship - Wing 1
0 Name: 6862 - Spaceship - Wing 1.ldr
0 Author: Damien Roux [Darats]
0 !LDRAW_ORG Model
0 !LICENSE Redistributable under CCAL version 2.0 : see CAreadme.txt

0 !THEME Space / M:Tron

1 7 -26 -68 0 0 0 -1 0 1 0 1 0 0 2582p68.dat
1 7 -46 -68 0 0 0 1 0 1 0 -1 0 0 2540.dat
1 0 -36 -60 0 1 0 0 0 1 0 0 0 1 4229.dat
1 4 -36 -76 0 0 0 1 0 1 0 -1 0 0 3068bp68.dat
1 0 -86.001 -66 -4 0 0 -1 -1 0 0 0 1 0 4085c.dat
1 0 -86.001 -66 -28 0 0 -1 -1 0 0 0 1 0 4589.dat
1 42 -86.001 -66 4 0 0 -1 -1 0 0 0 1 0 4589.dat



0 FILE 6862 - Spaceship - Wing 2.ldr
0 Spaceship - Wing 2
0 Name: 6862 - Spaceship - Wing 2.ldr
0 Author: Damien Roux [Darats]
0 !LDRAW_ORG Model
0 !LICENSE Redistributable under CCAL version 2.0 : see CAreadme.txt

0 !THEME Space / M:Tron

1 7 26 -68 0 0 0 1 0 1 0 -1 0 0 2582p68.dat
1 7 46 -68 0 0 0 -1 0 1 0 1 0 0 2540.dat
1 0 36 -60 0 1 0 0 0 1 0 0 0 1 4229.dat
1 4 36 -76 0 0 0 -1 0 1 0 1 0 0 3068bp68.dat
1 0 86 -65.999 -4 0 0 1 1 0 0 0 1 0 4085c.dat
1 0 86 -65.999 -28 0 0 1 1 0 0 0 1 0 4589.dat
1 42 86 -65.999 4 0 0 1 1 0 0 0 1 0 4589.dat



0 FILE 6862 - Spaceship - Wing 3.ldr
0 Spaceship - Wing 3
0 Name: 6862 - Spaceship - Wing 3.ldr
0 Author: Damien Roux [Darats]
0 !LDRAW_ORG Model
0 !LICENSE Redistributable under CCAL version 2.0 : see CAreadme.txt

0 !THEME Space / M:Tron

1 0 0 0 0 1 0 0 0 1 0 0 0 1 2340.dat
1 7 0 -16 0 1 0 0 0 1 0 0 0 1 4595.dat
1 42 0 -6 -36 1 0 0 0 0 1 0 -1 0 4589.dat



0 FILE 6862 - Spaceship - Top.ldr
0 Spaceship - Top
0 Name: 6862 - Spaceship - Top.ldr
0 Author: Damien Roux [Darats]
0 !LDRAW_ORG Model
0 !LICENSE Redistributable under CCAL version 2.0 : see CAreadme.txt

0 !THEME Space / M:Tron

1 0 0 0 0 1 0 0 0 1 0 0 0 1 4475.dat
1 0 0 -8 0 1 0 0 0 1 0 0 0 1 3020.dat
1 0 0 -16 0 1 0 0 0 1 0 0 0 1 3022.dat
1 4 0 -24 -10 1 0 0 0 1 0 0 0 1 3794a.dat
1 4 0 -24 10 1 0 0 0 1 0 0 0 1 3794a.dat
1 4 0 -24 -30 1 0 0 0 1 0 0 0 1 3298p68.dat
1 4 0 -32 -30 1 0 0 0 1 0 0 0 1 3794a.dat
1 4 50 -72 80 1 0 0 0 1 0 0 0 1 2340.dat
1 4 -50 -72 80 1 0 0 0 1 0 0 0 1 2340.dat
1 0 50 -88 80 1 0 0 0 1 0 0 0 1 4595.dat
1 0 -50 -88 80 1 0 0 0 1 0 0 0 1 4595.dat



0 FILE 6862 - Spaceship - Laser.ldr
0 Spaceship - Laser
0 Name: 6862 - Spaceship - Laser.ldr
0 Author: Damien Roux [Darats]
0 !LDRAW_ORG Model
0 !LICENSE Redistributable under CCAL version 2.0 : see CAreadme.txt

0 !THEME Space / M:Tron

1 4 0 -4 -30 0 0 -1 0 1 0 1 0 0 4275b.dat
1 0 0 -8 -30 -1 0 0 0 -1 0 0 0 1 2516.dat
1 15 0 -32 -40 -1 0 0 0 1 0 0 0 -1 3070bpc2.dat
1 42 0 -16 -58 -1 0 0 0 0 1 0 1 0 4740.dat
1 0 0 -16 -82 -1 0 0 0 0 1 0 1 0 4589.dat



0 FILE 6862 - Spaceship - Side.ldr
0 Spaceship - Side
0 Name: 6862 - Spaceship - Side.ldr
0 Author: Damien Roux [Darats]
0 !LDRAW_ORG Model
0 !LICENSE Redistributable under CCAL version 2.0 : see CAreadme.txt

0 !THEME Space / M:Tron

1 4 0 -10 0 0 0 1 0 1 0 -1 0 0 3938.dat
1 4 0 -10 80 0 0 1 0 1 0 -1 0 0 3938.dat
1 4 0 -18 40 0 0 1 0 1 0 -1 0 0 3666.dat
1 0 0 -26 60 0 0 1 0 1 0 -1 0 0 3023.dat
1 7 0 -42 60 -1 0 0 0 1 0 0 0 -1 4595.dat
1 0 0 -32 22 -1 0 0 0 0 1 0 1 0 752.dat
1 256 0 -32 22 -1 0 0 0 0 -1 0 -1 0 755.dat



0 FILE 6862 - Spaceship - Hinge 1.ldr
0 Spaceship - Hinge 1
0 Name: 6862 - Spaceship - Hinge 1.ldr
0 Author: Damien Roux [Darats]
0 !LDRAW_ORG Model
0 !LICENSE Redistributable under CCAL version 2.0 : see CAreadme.txt

0 !THEME Space / M:Tron

1 0 0 -4 56 1 0 0 0 1 0 0 0 1 3315.dat
1 4 0 4 86 1 0 0 0 1 0 0 0 1 3023.dat
1 4 0 4 26 1 0 0 0 1 0 0 0 1 3023.dat
1 4 0 4 56 1 0 0 0 1 0 0 0 1 3022.dat
1 4 0 12 76 0 0 1 0 1 0 -1 0 0 3795.dat
1 0 0 4 126 1 0 0 0 1 0 0 0 1 4590.dat
1 4 0 -12 106 1 0 0 0 1 0 0 0 1 3004.dat
1 4 0 -20 126 1 0 0 0 1 0 0 0 1 3700.dat
1 4 0 -20 106 1 0 0 0 1 0 0 0 1 3023.dat
1 4 0 -28 116 1 0 0 0 1 0 0 0 1 3068b.dat
1 0 0 -12 76 1 0 0 0 1 0 0 0 1 2609a.dat
1 0 0 -18.5 76 1 0 0 0 0 -1 0 1 0 2959c01.dat
1 0 0 -10 152 1 0 0 0 0 1 0 -1 0 2609a.dat
1 0 0 -10 158.5 1 0 0 0 1 0 0 0 1 2959c01.dat
1 0 0 -10 144 1 0 0 0 0 1 0 -1 0 2476a.dat



0 FILE 6862 - Spaceship - Hinge 2.ldr
0 Spaceship - Hinge 2
0 Name: 6862 - Spaceship - Hinge 2.ldr
0 Author: Damien Roux [Darats]
0 !LDRAW_ORG Model
0 !LICENSE Redistributable under CCAL version 2.0 : see CAreadme.txt

0 !THEME Space / M:Tron

1 4 0 -4 20 1 0 0 0 1 0 0 0 1 2452.dat
1 0 0 4 30 1 0 0 0 1 0 0 0 1 4032a.dat
1 0 0 4 170 1 0 0 0 1 0 0 0 1 4032a.dat
1 0 0 -4 110 0 0 1 0 1 0 -1 0 0 3034.dat
1 0 0 -12 90 0 0 1 0 1 0 -1 0 0 3034.dat
1 0 0 -28 180 -1 0 0 0 1 0 0 0 -1 2458.dat
1 0 0 -20 160 -1 0 0 0 1 0 0 0 -1 3023.dat
1 4 0 -20 120 1 0 0 0 1 0 0 0 1 2419.dat
1 0 10 -28 130 0 0 1 0 1 0 -1 0 0 3023.dat
1 0 -10 -28 130 0 0 1 0 1 0 -1 0 0 3023.dat
1 0 0 -28 160 -1 0 0 0 1 0 0 0 -1 3839b.dat
1 0 0 -36 150 0 0 -1 0 1 0 1 0 0 3020.dat
1 0 0 -84 190 1 0 0 0 1 0 0 0 1 3479.dat
1 0 0 -108 200 1 0 0 0 1 0 0 0 1 3937.dat
1 4 0 -98 190 1 0 0 0 0 -1 0 1 0 3938.dat
1 42 10 -98 166 1 0 0 0 0 -1 0 1 0 4589.dat
1 42 -10 -98 166 1 0 0 0 0 -1 0 1 0 4589.dat
1 4 0 -28 200 -1 0 0 0 1 0 0 0 -1 2607.dat
1 0 0 -19 226.5 -1 0 0 0 -0.0401318 0.999194 0 0.999194 0.0401318 2959c01.dat



0 FILE 6862 - Spaceship + Minifigs.ldr
0 Spaceship + Minifigs
0 Name: 6862 - Spaceship + Minifigs.ldr
0 Author: Damien Roux [Darats]
0 !LDRAW_ORG Model
0 !LICENSE Redistributable under CCAL version 2.0 : see CAreadme.txt
0 !THEME Space / M:Tron
1 0 0 0 0 1 0 0 0 1 0 0 0 1 6862 - Spaceship.ldr
1 0 0 -61 -112 1 0 0 0 1 0 0 0 1 6862 - Minifig 1.ldr
1 0 0 -61 -72 1 0 0 0 1 0 0 0 1 6862 - Minifig 2.ldr

0 FILE 6862 - Spaceship + Vehicle.ldr
0 Spaceship + Vehicle
0 Name: 6862 - Spaceship + Vehicle.ldr
0 Author: Damien Roux [Darats]
0 !LDRAW_ORG Model
0 !LICENSE Redistributable under CCAL version 2.0 : see CAreadme.txt

0 !THEME Space / M:Tron

1 0 0 0 0 1 0 0 0 1 0 0 0 1 6862 - Spaceship + Minifigs.ldr
1 0 0 -49.5 154.5 1 0 0 0 1 0 0 0 1 6862 - Vehicle + Minifig.ldr


0 FILE 6862 - Vehicle.ldr
0 Vehicle
0 Name: 6862 - Vehicle.ldr
0 Author: Damien Roux [Darats]
0 !LDRAW_ORG Model
0 !LICENSE Redistributable under CCAL version 2.0 : see CAreadme.txt

0 !THEME Space / M:Tron

1 0 0 0 0 0 0 1 0 1 0 -1 0 0 3034.dat
1 0 0 -8 60 -1 0 0 0 1 0 0 0 -1 3034.dat
1 0 0 -8 -60 -1 0 0 0 1 0 0 0 -1 3034.dat
1 0 0 -8 0 0 0 -1 0 1 0 1 0 0 3020.dat
1 4 0 -16 0 0 0 -1 0 1 0 1 0 0 3035.dat
1 0 60 0 60 0 0 -1 0 1 0 1 0 0 3022.dat
1 0 -60 0 60 0 0 -1 0 1 0 1 0 0 3022.dat
1 0 -60 0 -60 0 0 -1 0 1 0 1 0 0 3022.dat
1 0 60 0 -60 0 0 -1 0 1 0 1 0 0 3022.dat
1 4 60 8 60 1 0 0 0 1 0 0 0 1 4730.dat
1 0 80 18 60 0 0 -1 0 1 0 1 0 0 2593.dat
1 4 60 8 -60 1 0 0 0 1 0 0 0 1 4730.dat
1 0 80 18 -60 0 0 -1 0 1 0 1 0 0 2593.dat
1 4 -60 8 -60 -1 0 0 0 1 0 0 0 -1 4730.dat
1 0 -80 18 -60 0 0 1 0 1 0 -1 0 0 2593.dat
1 4 -60 8 60 -1 0 0 0 1 0 0 0 -1 4730.dat
1 0 -80 18 60 0 0 1 0 1 0 -1 0 0 2593.dat
1 4 0 -40 70 -1 0 0 0 1 0 0 0 -1 2458.dat
1 0 30 -24 -40 0 0 -1 0 1 0 1 0 0 2412b.dat
1 0 -30 -24 -40 0 0 -1 0 1 0 1 0 0 2412b.dat
1 4 30 -40 70 -1 0 0 0 1 0 0 0 -1 3665.dat
1 4 -30 -40 70 -1 0 0 0 1 0 0 0 -1 3665.dat
1 4 0 -40 50 1 0 0 0 1 0 0 0 1 3039p05.dat
1 0 -10 -24 -30 0.976296 0 -0.21644 0 1 0 0.21644 0 0.976296 4592.dat
1 7 -10 -24 -30 0.976296 0.0828279 -0.199964 0 0.92388 0.382683 0.21644 -0.373612 0.90198 4593.dat
1 0 10 -24 -30 0.976296 0 0.21644 0 1 0 -0.21644 0 0.976296 4592.dat
1 7 10 -24 -30 0.976296 -0.0828279 0.199964 0 0.92388 0.382683 -0.21644 -0.373612 0.90198 4593.dat
1 0 30 -40 -70 1 0 0 0 1 0 0 0 1 4070.dat
1 0 -30 -40 -70 1 0 0 0 1 0 0 0 1 4070.dat
1 4 0 -40 -60 0 0 1 0 1 0 -1 0 0 4730.dat
1 0 30 -40 40 0 0 1 0 1 0 -1 0 0 3004.dat
1 0 -30 -40 40 0 0 1 0 1 0 -1 0 0 3004.dat
1 0 30 -48 0 0 0 1 0 1 0 -1 0 0 2432.dat
1 0 -30 -48 0 0 0 -1 0 1 0 1 0 0 2432.dat
1 42 30 -30 -84 0 0 -1 -1 0 0 0 1 0 6141.dat
1 42 -30 -30 -84 0 0 -1 -1 0 0 0 1 0 6141.dat
1 0 30 -48 60 0 0 -1 0 1 0 1 0 0 4623.dat
1 0 -30 -48 60 0 0 1 0 1 0 -1 0 0 4623.dat
1 0 0 -48 60 0 0 1 0 1 0 -1 0 0 3022.dat
1 0 0 -48 -60 1 0 0 0 1 0 0 0 1 4859.dat
1 4 0 -56 70 1 0 0 0 1 0 0 0 1 2419.dat
1 15 0 -56 -50 -1 0 0 0 1 0 0 0 -1 3069bp68.dat
1 0 52 -60 60 -0.843391 0 0.5373 0 1 0 -0.5373 0 -0.843391 6862 - Vehicle - Light 1.ldr
1 0 -52 -60 60 -0.843391 0 -0.5373 0 1 0 0.5373 0 -0.843391 6862 - Vehicle - Light 1.ldr
1 4 0 -40 -90 1 0 0 0 1 0 0 0 1 2607.dat
1 0 0 -31 -116.5 1 0 0 0 1 0 0 0 1 2959c01.dat
1 4 0 -40 90 -1 0 0 0 1 0 0 0 -1 2607.dat
1 0 0 -31 116.5 -1 0 0 0 0.999848 -0.0174524 0 -0.0174524 -0.999848 2959c01.dat
1 0 0 -80 70 -1 0 0 0 1 0 0 0 -1 3937.dat
1 4 0 -70 70 -1 0 0 0 0.707107 -0.707107 0 -0.707107 -0.707107 6862 - Vehicle - Light 2.ldr


0 FILE 6862 - Vehicle - Light 1.ldr
0 Vehicle - Light 1
0 Name: 6862 - Vehicle - Light 1.ldr
0 Author: Damien Roux [Darats]
0 !LDRAW_ORG Model
0 !LICENSE Redistributable under CCAL version 2.0 : see CAreadme.txt

0 !THEME Space / M:Tron

1 0 0 0 40 1 0 0 0 1 0 0 0 1 4735.dat
1 42 0 16 40 1 0 0 0 1 0 0 0 1 4740.dat



0 FILE 6862 - Vehicle - Light 2.ldr
0 Vehicle - Light 2
0 Name: 6862 - Vehicle - Light 2.ldr
0 Author: Damien Roux [Darats]
0 !LDRAW_ORG Model
0 !LICENSE Redistributable under CCAL version 2.0 : see CAreadme.txt

0 !THEME Space / M:Tron

1 4 0 -10 0 1 0 0 0 1 0 0 0 1 3938.dat
1 42 10 -34 0 1 0 0 0 1 0 0 0 1 4589.dat
1 42 -10 -34 0 1 0 0 0 1 0 0 0 1 4589.dat



0 FILE 6862 - Vehicle + Minifig.ldr
0 Vehicle + Minifig
0 Name: 6862 - Vehicle + Minifig.ldr
0 Author: Damien Roux [Darats]
0 !LDRAW_ORG Model
0 !LICENSE Redistributable under CCAL version 2.0 : see CAreadme.txt

0 !THEME Space / M:Tron

1 0 0 0 0 1 0 0 0 1 0 0 0 1 6862 - Vehicle.ldr
1 0 0 -69 8 1 0 0 0 1 0 0 0 1 6862 - Minifig 3.ldr


0 FILE 6862 - Minifig 1.ldr
0 Minifig 1
0 Name: 6862 - Minifig 1.ldr
0 Author: Damien Roux [Darats]
0 !LDRAW_ORG Model
0 !LICENSE Redistributable under CCAL version 2.0 : see CAreadme.txt

0 !THEME Space / M:Tron

1 0 0 -27 0 0.891007 0 -0.45399 0 1 0 0.45399 0 0.891007 6862 - Minifig - Helmet 1.ldr
1 14 0 -27 0 0.891007 0 -0.45399 0 1 0 0.45399 0 0.891007 3626bp01.dat
1 0 0 0 0 1 0 0 0 1 0 0 0 1 3838.dat
1 4 0 0 0 1 0 0 0 1 0 0 0 1 973p68.dat
1 0 0 32 0 1 0 0 0 1 0 0 0 1 3815.dat
1 15 0 44 0 1 0 0 0 0 1 0 -1 0 3816.dat
1 15 0 44 0 1 0 0 0 0 1 0 -1 0 3817.dat
1 15 -15.552 9 0 0.985 -0.0497032 -0.162572 0.17 0.287986 0.94196 0 -0.956305 0.292372 3818.dat
1 15 15.552 9 0 0.985 0.102309 0.135768 -0.17 0.592788 0.786656 0 -0.798636 0.601815 3819.dat
1 0 -19.9286 3.79694 -20.9588 0.985 -0.150078 -0.0797981 0.17 0.869572 0.46236 0 -0.469401 0.882814 3820.dat
1 0 21.1921 11.1182 -21.1945 0.985 0.16832 0.0236559 -0.17 0.975267 0.137065 0 -0.139152 0.990119 3820.dat


0 FILE 6862 - Minifig 2.ldr
0 Minifig 2
0 Name: 6862 - Minifig 2.ldr
0 Author: Damien Roux [Darats]
0 !LDRAW_ORG Model
0 !LICENSE Redistributable under CCAL version 2.0 : see CAreadme.txt

0 !THEME Space / M:Tron

1 0 0 -25.922 12.329 0.75471 0 -0.656059 0.113923 0.984808 0.131054 0.646092 -0.173648 0.743244 6862 - Minifig - Helmet 1.ldr
1 14 0 -25.922 12.329 0.75471 0 -0.656059 0.113923 0.984808 0.131054 0.646092 -0.173648 0.743244 3626bp01.dat
1 0 0 0.668 7.641 1 0 0 0 0.984808 0.173648 0 -0.173648 0.984808 3838.dat
1 4 0 0.668 7.641 1 0 0 0 0.984808 0.173648 0 -0.173648 0.984808 973p68.dat
1 0 0 32.183 2.084 1 0 0 0 0.984808 0.173648 0 -0.173648 0.984808 3815.dat
1 15 -15.552 9.532 6.077 0.985 0.0177698 -0.169069 0.167417 -0.274093 0.946571 -0.0295202 -0.961534 -0.273047 3818.dat
1 0 -18.596 -6.252 -8.99 0.985 -0.106968 -0.132095 0.167417 0.475441 0.863009 -0.0295202 -0.872849 0.48676 3820.dat
1 15 0 44 0 1 0 0 0 0 1 0 -1 0 3816.dat
1 15 0 44 0 1 0 0 0 0 1 0 -1 0 3817.dat
1 15 15.552 9.532 6.077 0.985 -0.0497032 0.162572 -0.167417 -0.449672 0.87688 0.0295202 -0.891768 -0.4515 3819.dat
1 0 18.064 -8.826 -5.839 0.985 0.0797981 0.150078 -0.167417 0.302036 0.937872 0.0295202 -0.94969 0.31127 3820.dat


0 FILE 6862 - Minifig 3.ldr
0 Minifig 3
0 Name: 6862 - Minifig 3.ldr
0 Author: Damien Roux [Darats]
0 !LDRAW_ORG Model
0 !LICENSE Redistributable under CCAL version 2.0 : see CAreadme.txt

0 !THEME Space / M:Tron

1 0 0 -27 0 0.927184 0 -0.374607 0 1 0 0.374607 0 0.927184 6862 - Minifig - Helmet 2.ldr
1 14 0 -27 0 0.927184 0 -0.374607 0 1 0 0.374607 0 0.927184 3626bp01.dat
1 0 0 0 0 1 0 0 0 1 0 0 0 1 3838.dat
1 4 0 0 0 1 0 0 0 1 0 0 0 1 973p68.dat
1 0 0 32 0 1 0 0 0 1 0 0 0 1 3815.dat
1 15 0 44 0 1 0 0 0 0 1 0 -1 0 3816.dat
1 15 0 44 0 1 0 0 0 0 1 0 -1 0 3817.dat
1 15 -15.552 9 0 0.985 -0.0207178 -0.168733 0.17 0.120041 0.977658 0 -0.992546 0.121869 3818.dat
1 15 15.552 9 0 0.985 0.128301 0.11153 -0.17 0.743389 0.646218 0 -0.656059 0.75471 3819.dat
1 0 -19.3212 0.277687 -19.879 0.985 -0.133942 -0.104647 0.17 0.776073 0.606335 0 -0.615569 0.787892 3820.dat
1 0 21.9299 15.3931 -20.0977 0.985 0.16956 -0.0118568 -0.17 0.982452 -0.0686998 0 0.0697459 0.997413 3820.dat


0 FILE 6862 - Minifig - Helmet 1.ldr
0 Minifig - Helmet 1
0 Name: 6862 - Minifig - Helmet 1.ldr
0 Author: Damien Roux [Darats]
0 !LDRAW_ORG Model
0 !LICENSE Redistributable under CCAL version 2.0 : see CAreadme.txt

0 !THEME Space / M:Tron

1 0 0 0 0 1 0 0 0 1 0 0 0 1 2446.dat
1 42 0 1.904 4.596 1 0 0 0 0.707107 0.707107 0 -0.707107 0.707107 2447.dat



0 FILE 6862 - Minifig - Helmet 2.ldr
0 Minifig - Helmet 2
0 Name: 6862 - Minifig - Helmet 2.ldr
0 Author: Damien Roux [Darats]
0 !LDRAW_ORG Model
0 !LICENSE Redistributable under CCAL version 2.0 : see CAreadme.txt

0 !THEME Space / M:Tron

1 0 0 0 0 1 0 0 0 1 0 0 0 1 2446.dat
1 42 0 0 0 1 0 0 0 1 0 0 0 1 2447.dat



