0 FILE 6898 - Ice-Sat V.ldr
0 Ice-Sat V
0 Name: 6898 - Ice-Sat V.ldr
0 Author: Damien Roux [Darats]
0 !LDRAW_ORG Model
0 !LICENSE Redistributable under CCAL version 2.0 : see CAreadme.txt

0 !THEME Space / Ice Planet 2002

1 0 0 0 0 1 0 0 0 1 0 0 0 1 6898 - Vehicle.ldr
1 0 0 -53 -172 1 0 0 0 1 0 0 0 1 6898 - Minifig.ldr


0 FILE 6898 - Vehicle.ldr
0 Vehicle
0 Name: 6898 - Vehicle.ldr
0 Author: Damien Roux [Darats]
0 !LDRAW_ORG Model
0 !LICENSE Redistributable under CCAL version 2.0 : see CAreadme.txt

0 !THEME Space / Ice Planet 2002

1 1 0 0 0 0 0 1 0 1 0 -1 0 0 2445.dat
1 0 0 8 -100 1 0 0 0 1 0 0 0 1 2817.dat
1 7 -20 18 -100 1 0 0 0 1 0 0 0 1 3673.dat
1 7 20 18 -100 1 0 0 0 1 0 0 0 1 3673.dat
1 15 -30 18 -100 0 0 1 0 1 0 -1 0 0 6118.dat
1 15 30 18 -100 0 0 -1 0 1 0 1 0 0 6118.dat
1 0 0 8 -40 1 0 0 0 1 0 0 0 1 2817.dat
1 7 -20 18 -40 1 0 0 0 1 0 0 0 1 3673.dat
1 7 20 18 -40 1 0 0 0 1 0 0 0 1 3673.dat
1 15 -30 18 -40 0 0 1 0 1 0 -1 0 0 6118.dat
1 15 30 18 -40 0 0 -1 0 1 0 1 0 0 6118.dat
1 0 0 8 20 1 0 0 0 1 0 0 0 1 2817.dat
1 7 -20 18 20 1 0 0 0 1 0 0 0 1 3673.dat
1 7 20 18 20 1 0 0 0 1 0 0 0 1 3673.dat
1 15 -30 18 20 0 0 1 0 1 0 -1 0 0 6118.dat
1 15 30 18 20 0 0 -1 0 1 0 1 0 0 6118.dat
1 0 0 8 80 1 0 0 0 1 0 0 0 1 2817.dat
1 7 -20 18 80 1 0 0 0 1 0 0 0 1 3673.dat
1 7 20 18 80 1 0 0 0 1 0 0 0 1 3673.dat
1 15 -30 18 80 0 0 1 0 1 0 -1 0 0 6118.dat
1 15 30 18 80 0 0 -1 0 1 0 1 0 0 6118.dat
1 1 0 -8 -90 0 0 1 0 1 0 -1 0 0 3021.dat
1 15 0 -16 -70 -1 0 0 0 1 0 0 0 -1 3023.dat
1 15 0 -16 -160 1 0 0 0 1 0 0 0 1 4732.dat
1 1 0 -8 -230 1 0 0 0 1 0 0 0 1 3839b.dat
1 15 0 0 -230 1 0 0 0 1 0 0 0 1 3023.dat
1 15 0 8 -230 1 0 0 0 1 0 0 0 1 3023.dat
1 1 0 16 -180 0 0 -1 0 1 0 1 0 0 3795.dat
1 1 0 -24 100 0 0 -1 0 1 0 1 0 0 3001.dat
1 1 0 -24 -100 0 0 -1 0 1 0 1 0 0 3020.dat
1 15 0 -32 110 1 0 0 0 1 0 0 0 1 4590.dat
1 15 0 -32 -20 0 0 1 0 1 0 -1 0 0 3029.dat
1 1 0 0 -170 -1 0 0 0 1 0 0 0 -1 2419.dat
1 15 30 -8 -180 0 0 1 0 1 0 -1 0 0 3069bp61.dat
1 15 -30 -8 -180 0 0 -1 0 1 0 1 0 0 3069bp61.dat
1 1 0 -40 80 0 0 -1 0 1 0 1 0 0 3020.dat
1 1 0 -56 -90 -1 0 0 0 1 0 0 0 -1 3039.dat
1 1 0 -40 -50 -1 0 0 0 1 0 0 0 -1 3023.dat
1 1 -30 -40 -50 0 0 1 0 1 0 -1 0 0 4085b.dat
1 1 -30 -40 -20 0 0 -1 0 1 0 1 0 0 2412b.dat
1 1 30 -40 -20 0 0 -1 0 1 0 1 0 0 2412b.dat
1 1 30 -40 -50 0 0 -1 0 1 0 1 0 0 4085b.dat
1 1 50 -24 -190 1 0 0 0 1 0 0 0 1 4070.dat
1 38 50 -14 -204 -1 0 0 0 0 1 0 1 0 6141.dat
1 1 -50 -24 -190 1 0 0 0 1 0 0 0 1 4070.dat
1 38 -50 -14 -204 -1 0 0 0 0 1 0 1 0 6141.dat
1 1 -30 -56 -130 -1 0 0 0 1 0 0 0 -1 2462.dat
1 1 30 -56 -130 0 0 -1 0 1 0 1 0 0 2462.dat
1 0 0 -46 130 1 0 0 0 1 0 0 0 1 3149e.dat
1 4 0 -46 130 1 0 0 0 1 0 0 0 1 313.dat
1 1 0 -48 -50 1 0 0 0 1 0 0 0 1 3710.dat
1 15 0 -24 -210 1 0 0 0 1 0 0 0 1 3829c01.dat
1 1 0 -64 -110 -1 0 0 0 1 0 0 0 -1 2419.dat
1 1 -50 -64 -150 0 0 1 0 1 0 -1 0 0 4085b.dat
1 1 50 -64 -150 0 0 -1 0 1 0 1 0 0 4085b.dat
1 0 -50 -22 -54 -1 0 0 0 0 1 0 1 0 4735.dat
1 15 -50 -72 -140 0 0 1 0 1 0 -1 0 0 2412b.dat
1 15 50 -72 -140 0 0 -1 0 1 0 1 0 0 4276b.dat
1 1 0 -88 -120 0 0 -1 0 1 0 1 0 0 4871.dat
1 15 0 -80 -130 1 0 0 0 1 0 0 0 1 3023.dat
1 1 0 -80 -110 -1 0 0 0 1 0 0 0 -1 4623.dat
1 15 0 -88 -120 -1 0 0 0 1 0 0 0 -1 3022.dat
1 1 0 -96 -120 -1 0 0 0 1 0 0 0 -1 3020.dat
1 38 2 -84 -88 0 0 1 0 -1 0 1 0 0 6120.dat
1 38 2 -90 -88 0 0 1 0 1 0 -1 0 0 6120.dat
1 15 0 -104 -130 1 0 0 0 1 0 0 0 1 4315.dat
1 38 0 -100 -144 1 0 0 0 0.9588 0.284 0 -0.284 0.9588 2483.dat
1 15 0 -104 -110 1 0 0 0 1 0 0 0 1 3023.dat
1 15 70 -76 -150 1 0 0 0 1 0 0 0 1 2433.dat
1 38 70 -100 -150 1 0 0 0 1 0 0 0 1 4589.dat
1 1 -62 -80 -160 0 -1 0 -1 0 0 0 0 -1 2516.dat
1 38 -70 -72 -136 -1 0 0 0 -1 0 0 0 1 6117.dat
1 0 0 -112 -120 1 0 0 0 1 0 0 0 1 3680.dat
1 0 50 -68 -110 1 0 0 0 0.9205 0.3907 0 -0.3907 0.9205 6898 - Vehicle - Antenna.ldr
1 0 0 -46 130 1 0 0 0 0.454 0.891 0 -0.891 0.454 6898 - Vehicle - Rocket Holder + Rocket.ldr
1 0 0 -112 -120 0.9659 0 0.2588 0 1 0 -0.2588 0 0.9659 6898 - Vehicle - Crane.ldr

0 FILE 6898 - Vehicle - Antenna.ldr
0 Vehicle - Antenna
0 Name: 6898 - Vehicle - Antenna.ldr
0 Author: Damien Roux [Darats]
0 !LDRAW_ORG Model
0 !LICENSE Redistributable under CCAL version 2.0 : see CAreadme.txt

0 !THEME Space / Ice Planet 2002

1 15 0 -36 0 0 0 1 0 1 0 -1 0 0 2433.dat
1 38 0 -44 0 0 0 1 0 1 0 -1 0 0 2569.dat


0 FILE 6898 - Vehicle - Rocket Holder.ldr
0 Vehicle - Rocket Holder
0 Name: 6898 - Vehicle - Rocket Holder.ldr
0 Author: Damien Roux [Darats]
0 !LDRAW_ORG Model
0 !LICENSE Redistributable under CCAL version 2.0 : see CAreadme.txt

0 !THEME Space / Ice Planet 2002

1 0 0 0 0 1 0 0 0 1 0 0 0 1 314e.dat
1 1 0 -18 -30 0 0 1 0 1 0 -1 0 0 3034.dat
1 15 0 -26 -90 0 0 1 0 1 0 -1 0 0 3022.dat
1 15 -10 -26 10 0 0 1 0 1 0 -1 0 0 4315.dat
1 15 10 -26 10 0 0 -1 0 1 0 1 0 0 4315.dat
1 0 24 -22 10 0.9659 -0.2588 0 0.2588 0.9659 0 0 0 1 6898 - Vehicle - Rocket Holder - Door.ldr
1 0 -24 -22 10 -0.9659 0.2588 0 0.2588 0.9659 0 0 0 -1 6898 - Vehicle - Rocket Holder - Door.ldr
1 0 0 -34 40 1 0 0 0 1 0 0 0 1 3023.dat
1 0 0 -34 -20 1 0 0 0 1 0 0 0 1 3023.dat
1 1 0 -50 -90 0 0 1 0 1 0 -1 0 0 4871.dat
1 15 -30 -58 -80 0 0 1 0 1 0 -1 0 0 6141.dat
1 15 -30 -58 -100 0 0 1 0 1 0 -1 0 0 6141.dat
1 15 30 -58 -80 0 0 1 0 1 0 -1 0 0 6141.dat
1 15 30 -58 -100 0 0 1 0 1 0 -1 0 0 6141.dat


0 FILE 6898 - Vehicle - Rocket Holder - Door.ldr
0 Vehicle - Rocket Holder - Door
0 Name: 6898 - Vehicle - Rocket Holder - Door.ldr
0 Author: Damien Roux [Darats]
0 !LDRAW_ORG Model
0 !LICENSE Redistributable under CCAL version 2.0 : see CAreadme.txt

0 !THEME Space / Ice Planet 2002

1 38 -26 -68 0 0 0 -1 0 1 0 1 0 0 2582.dat
1 0 -26 -60 0 0 0 -1 0 1 0 1 0 0 3710.dat
1 15 -26 -76 0 0 0 1 0 1 0 -1 0 0 3069bp13.dat

0 FILE 6898 - Vehicle - Crane.ldr
0 Vehicle - Crane
0 Name: 6898 - Vehicle - Crane.ldr
0 Author: Damien Roux [Darats]
0 !LDRAW_ORG Model
0 !LICENSE Redistributable under CCAL version 2.0 : see CAreadme.txt

0 !THEME Space / Ice Planet 2002

1 7 0 0 0 1 0 0 0 1 0 0 0 1 3679.dat
1 0 0 -8 0 1 0 0 0 1 0 0 0 1 3022.dat
1 1 0 -16 10 -1 0 0 0 1 0 0 0 -1 2452.dat
1 15 0 -16 -10 -1 0 0 0 1 0 0 0 -1 3839b.dat
1 1 0 -24 0 1 0 0 0 1 0 0 0 1 3068bp61.dat
1 0 0 -12 30 1 0 0 0 0.342 -0.9397 0 0.9397 0.342 6898 - Vehicle - Crane - 1.ldr

0 FILE 6898 - Vehicle - Crane - 1.ldr
0 Vehicle - Crane - 1
0 Name: 6898 - Vehicle - Crane - 1.ldr
0 Author: Damien Roux [Darats]
0 !LDRAW_ORG Model
0 !LICENSE Redistributable under CCAL version 2.0 : see CAreadme.txt

0 !THEME Space / Ice Planet 2002

1 1 0 -4 70 0 0 1 0 1 0 -1 0 0 4504.dat
1 15 0 -12 50 0 0 1 0 1 0 -1 0 0 2412b.dat
1 15 0 -12 90 0 0 1 0 1 0 -1 0 0 2412b.dat
1 0 0 0 140 1 0 0 0 0.2079 0.9781 0 -0.9781 0.2079 6898 - Vehicle - Crane - 2.ldr

0 FILE 6898 - Vehicle - Crane - 2.ldr
0 Vehicle - Crane - 2
0 Name: 6898 - Vehicle - Crane - 2.ldr
0 Author: Damien Roux [Darats]
0 !LDRAW_ORG Model
0 !LICENSE Redistributable under CCAL version 2.0 : see CAreadme.txt

0 !THEME Space / Ice Planet 2002

1 1 0 12 40 0 0 1 0 1 0 -1 0 0 3623.dat
1 15 0 4 40 0 0 1 0 1 0 -1 0 0 6141.dat
1 15 0 4 20 0 0 1 0 1 0 -1 0 0 6141.dat
1 1 0 -4 30 0 0 1 0 1 0 -1 0 0 4276b.dat
1 1 0 -12 60 -1 0 0 0 1 0 0 0 -1 2607.dat
1 15 0 -12 40 -1 0 0 0 1 0 0 0 -1 6141.dat
1 15 0 -12 20 -1 0 0 0 1 0 0 0 -1 6141.dat
1 1 0 -20 40 0 0 -1 0 1 0 1 0 0 3623.dat
1 0 0 -3 86.6 1 0 0 0 0.9397 0.342 0 -0.342 0.9397 2959c01.dat



0 FILE 6898 - Vehicle - Rocket Holder + Rocket.ldr
0 Vehicle - Rocket Holder + Rocket
0 Name: 6898 - Vehicle - Rocket Holder + Rocket.ldr
0 Author: Damien Roux [Darats]
0 !LDRAW_ORG Model
0 !LICENSE Redistributable under CCAL version 2.0 : see CAreadme.txt

0 !THEME Space / Ice Planet 2002

1 0 0 0 0 1 0 0 0 1 0 0 0 1 6898 - Vehicle - Rocket Holder.ldr
1 0 0 -57.5 46 0 0 -1 -1 0 0 0 1 0 6898 - Rocket.ldr


0 FILE 6898 - Rocket.ldr
0 Rocket
0 Name: 6898 - Rocket.ldr
0 Author: Damien Roux [Darats]
0 !LDRAW_ORG Model
0 !LICENSE Redistributable under CCAL version 2.0 : see CAreadme.txt

0 !THEME Space / Ice Planet 2002

1 0 0 0 0 1 0 0 0 1 0 0 0 1 3943b.dat
1 0 0 -107 0 0 1 0 -1 0 0 0 0 1 3708.dat
1 38 0 -24 0 1 0 0 0 1 0 0 0 1 6143.dat
1 38 0 -48 0 1 0 0 0 1 0 0 0 1 6143.dat
1 15 0 -72 0 1 0 0 0 1 0 0 0 1 6143.dat
1 15 10 -86 0 0 -1 0 0 0 -1 1 0 0 3700.dat
1 15 10 -106 0 0 -1 0 0 0 -1 1 0 0 3700.dat
1 1 -14 -96 0 0 -1 0 0 0 -1 1 0 0 2654.dat
1 15 18 -96 0 0 -1 0 -1 0 0 0 0 -1 2609a.dat
1 0 24.6 -96 0 0 0 -1 -1 0 0 0 1 0 2959c01.dat
1 15 0 -140 0 1 0 0 0 1 0 0 0 1 6143.dat
1 38 0 -164 0 1 0 0 0 1 0 0 0 1 6143.dat
1 0 0 -212 0 1 0 0 0 1 0 0 0 1 4591.dat
1 0 0 -260 0 1 0 0 0 1 0 0 0 1 3942b.dat
1 0 0 -268 0 1 0 0 0 1 0 0 0 1 6898 - Rocket - Top.ldr


0 FILE 6898 - Rocket - Top.ldr
0 Rocket - Top
0 Name: 6898 - Rocket - Top.ldr
0 Author: Damien Roux [Darats]
0 !LDRAW_ORG Model
0 !LICENSE Redistributable under CCAL version 2.0 : see CAreadme.txt

0 !THEME Space / Ice Planet 2002

1 0 0 0 0 1 0 0 0 1 0 0 0 1 3957a.dat
1 0 0 -84 0 1 0 0 0 1 0 0 0 1 4733.dat
1 15 0 -60 0 1 0 0 0 1 0 0 0 1 4740.dat
1 38 0 -92 0 1 0 0 0 1 0 0 0 1 4740.dat
1 15 18 -74 0 0 -1 0 0 0 -1 1 0 0 4592.dat
1 15 -18 -74 0 0 1 0 0 0 1 1 0 0 4592.dat
1 15 -1 -74 -18 1 0 0 0 0 -1 0 1 0 4592.dat
1 15 -1 -74 18 1 0 0 0 0 1 0 -1 0 4592.dat
1 0 -1 -74 -18 1 0 0 0 -0.866 -0.5 0 0.5 -0.866 4593.dat
1 0 18 -74 0 0 -0.5 0.866 0 -0.866 -0.5 1 0 0 4593.dat
1 0 -1 -74 18 -1 0 0 0 -0.866 -0.5 0 -0.5 0.866 4593.dat
1 0 -18 -74 0 0 0.5 -0.866 0 -0.866 -0.5 -1 0 0 4593.dat


0 FILE 6898 - Minifig.ldr
0 Minifig
0 Name: 6898 - Minifig.ldr
0 Author: Damien Roux [Darats]
0 !LDRAW_ORG Model
0 !LICENSE Redistributable under CCAL version 2.0 : see CAreadme.txt

0 !THEME Space / Ice Planet 2002

1 0 0 -27 0 0.857167 0 -0.515038 0 1 0 0.515038 0 0.857167 6898 - Minifig - Helmet.ldr
1 14 0 -27 0 0.857167 0 -0.515038 0 1 0 0.515038 0 0.857167 3626bp01.dat
1 15 0 0 0 1 0 0 0 1 0 0 0 1 3838.dat
1 0 0 0 0 1 0 0 0 1 0 0 0 1 973p62.dat
1 1 0 32 0 1 0 0 0 1 0 0 0 1 3815.dat
1 15 -15.552 9 0 0.985 -0.0177698 -0.169069 0.17 0.102961 0.979604 0 -0.994522 0.104528 3818.dat
1 15 15.552 9 0 0.985 0.144168 0.0900863 -0.17 0.835327 0.52197 0 -0.529919 0.848048 3819.dat
1 1 -19.2624 -0.062851 -19.7371 0.985 -0.132095 -0.106968 0.17 0.765373 0.619787 0 -0.629225 0.777029 3820.dat
1 1 22.449 18.4003 -18.6945 0.985 0.165618 -0.0382359 -0.17 0.95961 -0.221543 0 0.224917 0.974223 3820.dat
1 0 0 44 0 1 0 0 0 0 1 0 -1 0 3816.dat
1 0 0 44 0 1 0 0 0 0 1 0 -1 0 3817.dat


0 FILE 6898 - Minifig - Helmet.ldr
0 Minifig - Helmet
0 Name: 6898 - Minifig - Helmet.ldr
0 Author: Damien Roux [Darats]
0 !LDRAW_ORG Model
0 !LICENSE Redistributable under CCAL version 2.0 : see CAreadme.txt

0 !THEME Space / Ice Planet 2002

1 15 0 0 0 1 0 0 0 1 0 0 0 1 2446.dat
1 38 0 0 0 1 0 0 0 1 0 0 0 1 6119.dat


