0 FILE 6905 BiWing Blaster.L3B.ldr
0 ROTATION CENTER 0 0 0 1 "Custom" 
0 ROTATION CONFIG 0 0
1 0 -110 120 320 -1 0 0 0 1 0 0 0 -1 coleo.ldr
1 0 -357 16.6 -148 -1 0 0 0 1 0 0 0 -1 mosca.ldr
1 0 -222 -61.2 738 1 0 0 0 1 0 0 0 1 fig2.ldr
1 0 -220 11 538 1 0 0 0 1 0 0 0 1 fig1.ldr
0
0 FILE fig1.ldr
0 New Minifig Model
0 Name: fig1.ldr
0 Author: MLCad
0 Unofficial Model
0 ROTATION CENTER 0 0 0 1 "Custom" 
0 ROTATION CONFIG 0 0
1 42 0 -25.2 0 1 0 0 0 1 0 0 0 1 30214.dat
1 1 0 -25.2 0 1 0 0 0 1 0 0 0 1 3626bp6v.dat
1 1 0 -0.2 0 1 0 0 0 1 0 0 0 1 3838.dat
1 0 0 0 0 1 0 0 0 1 0 0 0 1 973.dat
1 1 0 32 0 1 0 0 0 1 0 0 0 1 3815.dat
1 8 -15.552 9 0 0.985 -0.17 0 0.17 0.985 0 0 0 1 3818.dat
1 8 15.552 9 0 0.985 0.17 0 -0.17 0.985 0 0 0 1 3819.dat
1 1 -23.8634 26.5956 -10.321 0.985 -0.12019 0.12019 0.17 0.696395 -0.696395 0 0.707 0.707 3820.dat
1 1 23.8634 26.5956 -10.321 0.985 0.12019 -0.12019 -0.17 0.696395 -0.696395 0 0.707 0.707 3820.dat
1 8 0 44 0 1 0 0 0 0 1 0 -1 0 3816.dat
1 8 0 44 0 1 0 0 0 0 1 0 -1 0 3817.dat
0
0 FILE fig2.ldr
0 New Minifig Model
0 Name: fig2.ldr
0 Author: MLCad
0 Unofficial Model
0 ROTATION CENTER 0 0 0 1 "Custom" 
0 ROTATION CONFIG 0 0
1 47 0 -24 0 1 0 0 0 1 0 0 0 1 2446.dat
1 0 0 -24 0 1 0 0 0 1 0 0 0 1 3626bp63.dat
1 0 0 0 0 1 0 0 0 1 0 0 0 1 973p52.dat
1 8 0 32 0 1 0 0 0 1 0 0 0 1 3815.dat
1 8 -15.552 9 0 0.985 -0.17 0 0.17 0.985 0 0 0 1 3818.dat
1 8 15.552 9 0 0.985 0.17 0 -0.17 0.985 0 0 0 1 3819.dat
1 0 -23.8634 26.5956 -10.321 0.985 -0.12019 0.12019 0.17 0.696395 -0.696395 0 0.707 0.707 3820.dat
1 0 23.8634 26.5956 -10.321 0.985 0.12019 -0.12019 -0.17 0.696395 -0.696395 0 0.707 0.707 3820.dat
1 0 0 44 0 1 0 0 0 0 1 0 -1 0 3816p63.dat
1 0 0 44 0 1 0 0 0 0 1 0 -1 0 3817p63.dat
0
0 FILE coleo.ldr
0 New Model
0 Name: coleo.ldr
0 Author: MLCad
0 Unofficial Model
0 ROTATION CENTER 0 0 0 1 "Custom" 
0 ROTATION CONFIG 0 0
1 1 111.441 -40 -370 0 0 -1 0 1 0 1 0 0 2456.dat
1 1 111.441 -40 -230 0 0 -1 0 1 0 1 0 0 3007.dat
1 1 111 -71.6 -480 0 0 -1 0 1 0 1 0 0 3021.dat
1 0 111 -63.6 -490 1 0 0 0 1 0 0 0 1 3176.dat
1 1 111.441 -8 -290 0 0 -1 0 1 0 1 0 0 4282.dat
1 8 111.441 -56 -490 0 0 1 0 1 0 -1 0 0 6232.dat
1 0 111.441 -48 -200 0 0 -1 0 1 0 1 0 0 3021.dat
1 8 111 -55.6 -520 1 0 0 0 1 0 0 0 1 2607.dat
1 0 111.441 -16 -170 1 0 0 0 1 0 0 0 1 4032a.dat
1 0 111.441 -16 -220 1 0 0 0 1 0 0 0 1 3023.dat
1 0 111.441 -16 -290 1 0 0 0 1 0 0 0 1 4032a.dat
1 0 111.441 -16 -350 1 0 0 0 1 0 0 0 1 4032a.dat
1 8 111.441 -16 -380 1 0 0 0 1 0 0 0 1 4590.dat
1 8 111.441 -16 -140 1 0 0 0 1 0 0 0 1 4590.dat
1 0 111.441 -32 -250 0 0 -1 0 1 0 1 0 0 4871.dat
1 1 111.441 -32 -440 -1 0 0 0 1 0 0 0 -1 4856.dat
1 8 36.0502 -16 -345.1 0.35857 0 0.934155 0 1 0 -0.934155 0 0.35857 30211.dat
1 8 183.85 -16 -351.798 0.454252 0 -0.891556 0 1 0 0.891556 0 0.454252 30211.dat
1 8 186.832 -16 -174.9 -0.35857 0 -0.934154 0 1 0 0.934154 0 -0.35857 30211.dat
1 8 39.0321 -16 -168.202 -0.454252 0 0.891556 0 1 0 -0.891556 0 -0.454252 30211.dat
1 8 111 -47.6 -546 1 0 0 0 0 -1 0 1 0 73092.dat
1 0 81.441 -40 -250 0 0 -1 0 1 0 1 0 0 3475b.dat
1 0 141.441 -40 -250 0 0 1 0 1 0 -1 0 0 3475b.dat
1 0 111.441 -48 -150 1 0 0 0 1 0 0 0 1 4032a.dat
1 8 141.441 -56 -440 0 0 -1 0 1 0 1 0 0 3622.dat
1 8 81.441 -56 -440 0 0 -1 0 1 0 1 0 0 3622.dat
1 8 121.441 -64 -250 0 0 -1 0 1 0 1 0 0 3039.dat
1 8 101.441 -64 -250 0 0 1 0 1 0 -1 0 0 3039.dat
1 8 141.441 -56 -400 -1 0 0 0 1 0 0 0 -1 4287.dat
1 1 121.441 -40 -140 1 0 0 0 1 0 0 0 1 4599.dat
1 1 101.441 -40 -140 1 0 0 0 1 0 0 0 1 4599.dat
1 0 161.441 -40 -110 1 0 0 0 1 0 0 0 1 2462.dat
1 0 61.441 -40 -110 0 0 1 0 1 0 -1 0 0 2462.dat
1 1 111.441 -56 -190 0 0 -1 0 1 0 1 0 0 3020.dat
1 0 121.441 -64 -310 0 0 -1 0 1 0 1 0 0 3701.dat
1 8 111.441 -56 -140 1 0 0 0 1 0 0 0 1 4590.dat
1 0 111.441 -64 -410 0 0 -1 0 1 0 1 0 0 3032.dat
1 8 111.441 -80 -180 -1 0 0 0 1 0 0 0 -1 3298.dat
1 1 111.441 -72 -440 1 0 0 0 1 0 0 0 1 3710.dat
1 1 111.441 -72 -310 0 0 -1 0 1 0 1 0 0 3795.dat
1 0 121.441 -88 -180 0 0 -1 0 1 0 1 0 0 4081b.dat
1 0 101.441 -88 -180 0 0 1 0 1 0 -1 0 0 4081b.dat
1 0 81.441 -72 -410 0 0 -1 0 1 0 1 0 0 3475b.dat
1 0 141.441 -72 -410 0 0 1 0 1 0 -1 0 0 3475b.dat
1 42 141.441 -88 -410 0 0 -1 0 1 0 1 0 0 2412b.dat
1 1 111.441 -80 -410 1 0 0 0 1 0 0 0 1 3020.dat
1 42 81.441 -88 -410 0 0 -1 0 1 0 1 0 0 2412b.dat
1 0 111.441 -88 -410 1 0 0 0 1 0 0 0 1 4032a.dat
1 0 111.441 -96 -410 -1 0 0 0 1 0 0 0 -1 3068bp9n.dat
1 0 111.441 -96 -180 1 0 0 0 1 0 0 0 1 3069bpc1.dat
1 8 111 -95.6 -440 1 0 0 0 1 0 0 0 1 6069.dat
1 8 111.441 -96 -380 -1 0 0 0 1 0 0 0 -1 6069.dat
1 0 89.441 -54 -290 0 0 -1 0 1 0 1 0 0 6048.dat
1 0 133.441 -54 -290 0 0 1 0 1 0 -1 0 0 6048.dat
1 8 65.126 -53.601 -296.352 0 -0.42286 0.906866 1 0 0 0 0.906866 0.42286 412.dat
1 33 55.151 -54.601 -301.004 0.42286 0.361598 -0.831652 0 -0.917625 -0.398992 -0.906864 0.168609 -0.387788 30231.dat
1 8 156.515 -53.6011 -296.099 0 0.41493 -0.910522 -1 0 0 0 0.910522 0.41493 412.dat
1 33 166.947 -52.6015 -299.756 -0.41493 0.311403 0.85561 0 0.94027 -0.342228 -0.910522 -0.141908 -0.389906 30231.dat
1 0 10.69 -88.794 -338.297 0.356306 -0.361598 0.862265 -0.0313045 0.917625 0.397762 -0.934494 -0.168609 0.315441 2555.dat
1 0 213.535 -83.3087 -337.48 -0.25206 0.311403 0.916898 -0.0623661 0.94027 -0.336497 -0.96633 -0.141908 -0.217448 2555.dat
1 42 81.441 -86 -168 1 0 0 0 0 1 0 -1 0 4073.dat
1 42 141.441 -86 -168 1 0 0 0 0 1 0 -1 0 4073.dat
1 42 21.48 -90.324 -334.134 0.361598 0.86174 -0.35609 -0.917625 0.39752 0.0312852 0.168609 0.31525 0.933925 2569.dat
1 42 202.502 -85.587 -334.458 -0.311403 -0.916341 -0.251906 -0.94027 0.336293 -0.0623281 0.141908 0.217316 -0.965742 2569.dat
1 42 111.441 -96 -270 1 0 0 0 1 0 0 0 1 30213.dat
1 0 111.441 -40 -440 1 0 0 0 1 0 0 0 1 3004.dat
1 8 81.441 -56 -400 -1 0 0 0 1 0 0 0 -1 4287.dat
1 0 101.441 -64 -310 0 0 -1 0 1 0 1 0 0 3701.dat
1 1 111.441 -72 -380 1 0 0 0 1 0 0 0 1 3710.dat
0
0 FILE mosca.ldr
0 New Model
0 Name: mosca.ldr
0 Author: MLCad
0 Unofficial Model
0 Name: 6905 BiWing Blaster.L3B.ldr
0 Author: LEGO Digital Designer 4.2

0 ROTATION CENTER 0 0 0 1 "Custom" 
0 ROTATION CONFIG 0 0
1 1 -135 -8.6 -908 -1 0 0 0 1 0 0 0 -1 2419.dat
1 8 -135 -24.6 -908 1 0 0 0 1 0 0 0 1 30195.dat
1 0 -135 -32.6 -928 -1 0 0 0 1 0 0 0 -1 3039.dat
1 1 -135 -8.6 -858 1 0 0 0 1 0 0 0 1 3022.dat
1 8 -135 -16.6 -878 1 0 0 0 1 0 0 0 1 3022.dat
1 1 -135 -32.6 -958 -1 0 0 0 1 0 0 0 -1 4859.dat
1 8 -135 -16.6 -848 -1 0 0 0 1 0 0 0 -1 6069.dat
1 0 -135 -24.6 -868 0 0 -1 0 1 0 1 0 0 3021.dat
1 0 -145 -40.6 -928 -1 0 0 0 1 0 0 0 -1 2420.dat
1 0 -125 -40.6 -928 0 0 1 0 1 0 -1 0 0 2420.dat
1 8 -165 -32.6 -918 0 0 1 0 1 0 -1 0 0 30014.dat
1 8 -105 -32.6 -918 0 0 -1 0 1 0 1 0 0 30014.dat
1 8 -197.071 -22.6002 -926.494 0 0.656445 0.755179 -1 0 0 0 -0.755179 0.656445 412.dat
1 8 -73.1254 -22.6004 -925.957 0 -0.669525 -0.743608 1 0 0 0 -0.743608 0.669525 412.dat
1 0 -135 -40.6 -978 0 0 1 0 1 0 -1 0 0 2444.dat
1 0 -135 -30.6 -998 0 0 1 0 1 0 -1 0 0 2780.dat
1 8 -135 -40.6 -1008 1 0 0 0 1 0 0 0 1 2607.dat
1 8 -135 -31.6 -1033 1 0 0 0 0 -1 0 1 0 73092.dat
1 0 -125 -32.6 -848 0 0 -1 0 1 0 1 0 0 4081b.dat
1 0 -145 -32.6 -848 0 0 1 0 1 0 -1 0 0 4081b.dat
1 33 -205.378 -23.6002 -933.715 -0.656445 0 -0.755179 0 1 0 0.755179 0 -0.656445 30231.dat
1 0 -135 -40.6 -848 1 0 0 0 1 0 0 0 1 3069bpc1.dat
1 0 -264.312 -32.6002 -965.057 -0.656445 0 -0.755179 0 1 0 0.755179 0 -0.656445 2555.dat
1 42 -105 -30.6 -836 1 0 0 0 0 1 0 -1 0 4073.dat
1 42 -165 -30.6 -836 1 0 0 0 0 1 0 -1 0 4073.dat
1 0 -135 -48.6 -958 -1 0 0 0 1 0 0 0 -1 3068bp9n.dat
1 1 -135 -48.6 -928 1 0 0 0 1 0 0 0 1 3794a.dat
1 0 -268.843 -38.6002 -968.995 -0.656445 0 0.755179 0 -1 0 0.755179 0 0.656445 3959.dat
1 42 -286.967 -38.6002 -984.75 0.656445 -0.755179 0 0 0 1 -0.755179 -0.656445 0 4589.dat
1 42 -135 -72.6 -928 1 0 0 0 1 0 0 0 1 30213.dat

0 WORLD  -188.4472 -792.8826 -687.1171 -0.787061 1.345761E-07 -0.61689 -0.3065214 0.8678382 0.3910757 0.5353494 0.4968891 -0.6830288
0 CENTRE  111 -44 -531
0 LOOKAT  31 -1164 0
0 ZOOM  70
0 ROTANGLE -8.759999
1 33 -64.9457 -23.6004 -933.322 0.669525 0 0.743608 0 -1 0 0.743608 0 -0.669525 30231.dat
1 0 -6.56831 -32.6004 -965.687 0.669525 0 -0.743608 0 1 0 0.743608 0 0.669525 2555.dat
1 0 -2.10666 -38.6004 -969.704 -0.669525 0 -0.743608 0 -1 0 -0.743608 0 0.669525 3959.dat
1 42 15.7399 -38.6004 -985.773 0.669525 0.743608 0 0 0 1 0.743608 -0.669525 0 4589.dat
0 
0 
0
0
