0 FILE 6907 Sonic Stinger.dat
0 ROTATION CENTER 0 0 0 1 "Custom" 
0 ROTATION CONFIG 1 1
1 1 6 -72 279 -1 0 0 0 1 0 0 0 -1 2458.dat
1 0 6.54 -94 289 1 0 0 0 0 1 0 -1 0 2569.dat
1 42 5.9 -200 -10 1 0 0 0 1 0 0 0 1 30213.dat
1 1 6 -96 -61 1 0 0 0 1 0 0 0 1 3023.dat
1 8 6 -120 -21 1 0 0 0 1 0 0 0 1 3023.dat
1 1 6.54 -80 299 1 0 0 0 1 0 0 0 1 3024.dat
1 8 6.54 -72 299 -1 0 0 0 1 0 0 0 -1 2607.dat
1 0 6 -80 269 1 0 0 0 1 0 0 0 1 3068b.dat
1 0 35 -56 -61 1 0 0 0 1 0 0 0 1 3040b.dat
1 0 -4 -96 189 0 0 -1 0 1 0 1 0 0 3475a.dat
1 8 -75.33 -79 -42.159 0 -0.731392 0.682125 -1 0 0 0 -0.682125 -0.731392 412.dat
1 0 6 -40 269 1 0 0 0 1 0 0 0 1 4229.dat
1 0 6 -120 189 -1 0 0 0 1 0 0 0 -1 4595.dat
1 0 5.9 -176 -10 1 0 0 0 1 0 0 0 1 4746.dat
1 493 6.47 -63.15 326 1 0 0 0 0 -1 0 1 0 73092.dat
1 1 -4 -64 -61 -1 0 0 0 1 0 0 0 -1 2420.dat
1 0 169.02 -162.103 25.029 0.803909 0.310868 0.507274 0 0.852771 -0.522501 -0.594944 0.420055 0.685446 30035.dat
1 42 47.55 -44.323 -171 0.242053 -0.97089 0 -0.97089 -0.242053 0 0 0 -1 30208.dat
1 8 19.36 -55.476 -171 0 -0.242053 0.97089 0 0.97089 0.242053 -1 0 0 30209.dat
1 0 6 -88 -61 1 0 0 0 1 0 0 0 1 3039.dat
1 1 55 -96 -61 0 0 -1 0 1 0 1 0 0 3623.dat
1 1 6 -104 199 1 0 0 0 1 0 0 0 1 3794a.dat
1 0 15 -48 -171 0 0 -1 0 1 0 1 0 0 3937.dat
1 1 -6.91 -47.822 -171 0 0.190909 -0.982228 0 0.982228 0.190909 1 0 0 3938.dat
1 1 -4 -120 -41 0 0 1 0 1 0 -1 0 0 4081b.dat
1 42 5.9 -156 31 1 0 0 0 0 -1 0 1 0 4740.dat
1 42 -216.272 -242.321 182.288 0.731392 -0.593691 0.33605 0 -0.492479 -0.870893 0.682125 0.636569 -0.360322 2569.dat
1 42 6 -110 225 1 0 0 0 0 -1 0 1 0 4589.dat
1 0 6.54 -88 299 -1 0 0 0 1 0 0 0 -1 2555.dat
1 33 92.11 -77.231 -28.455 1.60782 0.621736 1.01455 0 1.70554 -1.045 -1.18989 0.840111 1.37089 30231.dat
1 0 5 -8 -51 0 0 -1 0 1 0 1 0 0 3832.dat
1 0 5.2 -56 108.8 1 0 0 0 1 0 0 0 1 4111802.dat
1 1 5 -16 -131 1 0 0 0 1 0 0 0 1 4859.dat
1 1 5 -16 19 1 0 0 0 1 0 0 0 1 3710.dat
1 1 5 -16 -81 1 0 0 0 1 0 0 0 1 3710.dat
1 0 5 -24 19 1 0 0 0 1 0 0 0 1 3023.dat
1 0 5 -24 -131 0 0 -1 0 1 0 1 0 0 3795.dat
1 0 5 -77.2 -103 1 0 0 0 1 0 0 0 1 fig.ldr
1 1 5 -32 -81 1 0 0 0 1 0 0 0 1 3710.dat
1 1 5 -32 19 1 0 0 0 1 0 0 0 1 3710.dat
1 8 105 -24 -81 0 0 -1 0 1 0 1 0 0 30211.dat
1 8 105 -24 19 0 0 -1 0 1 0 1 0 0 30211.dat
1 8 -95 -24 -81 0 0 1 0 1 0 -1 0 0 30211.dat
1 8 -95 -24 19 0 0 1 0 1 0 -1 0 0 30211.dat
1 0 -5 -32 -61 0 0 1 0 1 0 -1 0 0 4287.dat
1 0 -5 -32 -1 0 0 1 0 1 0 -1 0 0 4287.dat
1 0 15 -32 -61 0 0 -1 0 1 0 1 0 0 4287.dat
1 0 15 -32 -1 0 0 -1 0 1 0 1 0 0 4287.dat
1 1 6 -48 269 1 0 0 0 1 0 0 0 1 3022.dat
1 0 -25 -56 -61 1 0 0 0 1 0 0 0 1 3040b.dat
1 1 16 -64 -61 0 0 1 0 1 0 -1 0 0 2420.dat
1 0 6 -128 -1 -1 0 0 0 1 0 0 0 -1 3039.dat
1 0 16 -96 189 0 0 1 0 1 0 -1 0 0 3475a.dat
1 1 6 -112 -31 1 0 0 0 1 0 0 0 1 3022.dat
1 1 6 -104 179 1 0 0 0 1 0 0 0 1 3794a.dat
1 1 16 -120 -41 0 0 -1 0 1 0 1 0 0 4081b.dat
1 0 36 -117.8 -19 0 0 -1 1 0 0 0 -1 0 752.dat
1 0 -24 -117.8 -19 0 0 -1 1 0 0 0 -1 0 752.dat
0 MLCAD FLEXHOSE 0 0 0 0 1 0 0 0 1 0 0 0 1  36 -118 -19  0 0 -70 34 -156 -1 -100 0 0 50 756.dat 754.dat 0
0 MLCAD SKIP_BEGIN
1 0 36 -118 -19 -0.999877 -0.0156636 -9.55007e-005 0 0.00609685 -0.999981 0.0156639 -0.999859 -0.0060961 756.dat
1 0 36.0358 -118.014 -16.7141 -0.998785 -0.0492644 -0.00095 0 0.0192801 -0.999814 0.0492736 -0.9986 -0.0192567 754.dat
1 0 36.1517 -118.059 -14.3643 -0.996221 -0.0868006 -0.00296973 0 0.0341932 -0.999415 0.0868514 -0.995639 -0.034064 754.dat
1 0 36.3611 -118.142 -11.9627 -0.991673 -0.12861 -0.00657208 0 0.0510343 -0.998697 0.128778 -0.990381 -0.0506093 754.dat
1 0 36.6776 -118.267 -9.52541 -0.984504 -0.174934 -0.0122719 0 0.0699797 -0.997548 0.175364 -0.98209 -0.0688952 754.dat
1 0 37.1145 -118.442 -7.07265 -0.973944 -0.225845 -0.0206731 0 0.0911555 -0.995837 0.226789 -0.969889 -0.0887803 754.dat
1 0 37.6837 -118.672 -4.62815 -0.959114 -0.281157 -0.0324345 0 0.114601 -0.993412 0.283021 -0.952795 -0.109915 754.dat
1 0 38.3948 -118.962 -2.21849 -0.939067 -0.340337 -0.0482012 0 0.140228 -0.990119 0.343734 -0.929788 -0.131684 754.dat
1 0 39.2538 -119.316 0.128384 -0.912878 -0.402444 -0.0684967 0 0.167789 -0.985823 0.408232 -0.899936 -0.153171 754.dat
1 0 40.2629 -119.736 2.38482 -0.87976 -0.466115 -0.0935897 0 0.196858 -0.980432 0.475418 -0.862545 -0.173188 754.dat
1 0 41.4196 -120.225 4.52536 -0.839201 -0.529643 -0.123366 0 0.226851 -0.97393 0.543821 -0.817323 -0.190373 754.dat
1 0 42.7176 -120.781 6.52827 -0.79109 -0.591141 -0.157255 0 0.257079 -0.96639 0.6117 -0.764502 -0.203373 754.dat
1 0 44.1468 -121.402 8.37664 -0.735782 -0.648761 -0.194251 0 0.286837 -0.957979 0.677218 -0.704864 -0.21105 754.dat
1 0 45.695 -122.087 10.0587 -0.674087 -0.700927 -0.233041 0 0.315495 -0.948927 0.738652 -0.639659 -0.212671 754.dat
1 0 47.3485 -122.831 11.5677 -0.607166 -0.746494 -0.272206 0 0.34258 -0.939489 0.794575 -0.570425 -0.208003 754.dat
1 0 49.0932 -123.632 12.9009 -0.536368 -0.784819 -0.310434 0 0.367819 -0.929897 0.843984 -0.498767 -0.197286 754.dat
1 0 50.9155 -124.486 14.059 -0.46305 -0.815718 -0.346683 0 0.391144 -0.92033 0.886332 -0.426159 -0.181119 754.dat
1 0 52.8026 -125.391 15.0449 -0.388415 -0.839366 -0.380262 0 0.412662 -0.910884 0.921485 -0.353801 -0.160284 754.dat
1 0 54.7425 -126.345 15.8626 -0.313402 -0.856155 -0.410825 0 0.43262 -0.901576 0.949621 -0.282555 -0.135584 754.dat
1 0 56.7244 -127.346 16.5167 -0.238629 -0.866563 -0.438321 0 0.45136 -0.892342 0.971111 -0.212939 -0.107708 754.dat
1 0 58.7379 -128.395 17.0114 -0.164374 -0.871035 -0.462903 0 0.469287 -0.883046 0.986398 -0.14515 -0.0771386 754.dat
1 0 60.7732 -129.491 17.3506 -0.0905757 -0.869895 -0.48485 0 0.486851 -0.873485 0.99589 -0.0791165 -0.0440969 754.dat
1 0 62.8199 -130.637 17.5367 -0.0168333 -0.863263 -0.504474 0 0.504545 -0.863385 0.999858 -0.0145336 -0.00849317 754.dat
1 0 64.8667 -131.833 17.5712 0.0576105 -0.850973 -0.52204 0 0.522908 -0.852389 0.998339 0.0491066 0.030125 754.dat
1 0 66.9004 -133.083 17.4538 0.133929 -0.832461 -0.537653 0 0.542541 -0.840029 0.990991 0.112504 0.0726621 754.dat
1 0 68.9043 -134.389 17.183 0.213832 -0.806591 -0.551079 0 0.564126 -0.825688 0.976871 0.176558 0.120628 754.dat
1 0 70.8565 -135.754 16.7557 0.299766 -0.771365 -0.56137 0 0.588431 -0.808548 0.954013 0.242375 0.176392 754.dat
1 0 72.728 -137.182 16.1677 0.395217 -0.723433 -0.566082 0 0.616252 -0.787549 0.918588 0.311253 0.243553 754.dat
1 0 74.4788 -138.673 15.4144 0.504955 -0.657269 -0.55948 0 0.648187 -0.761481 0.863145 0.384514 0.327306 754.dat
1 0 76.055 -140.228 14.4923 0.634452 -0.563933 -0.52863 0 0.683902 -0.729574 0.772962 0.46288 0.433903 754.dat
1 0 77.384 -141.839 13.4014 0.784903 -0.429889 -0.446232 0 0.720172 -0.693796 0.619619 0.544562 0.565265 754.dat
1 0 78.3723 -143.495 12.1495 0.933355 -0.238722 -0.268066 0 0.7468 -0.665049 0.358953 0.620727 0.69703 754.dat
1 0 78.9077 -145.17 10.7574 0.999714 0.0160251 0.0177696 0 0.742619 -0.669714 -0.0239283 0.669522 0.742406 754.dat
1 0 78.872 -146.825 9.26519 0.908737 0.304101 0.285865 0 0.684923 -0.728615 -0.417369 0.66212 0.622415 754.dat
1 0 78.1688 -148.409 7.73409 0.72771 0.559429 0.396835 0 0.578573 -0.81563 -0.685885 0.593542 0.421034 754.dat
1 0 76.7601 -149.866 6.23954 0.556306 0.738515 0.380945 0 0.45843 -0.88873 -0.830977 0.494406 0.255028 754.dat
1 0 74.6912 -151.15 4.85452 0.424476 0.847078 0.319809 0 0.353209 -0.935544 -0.905439 0.397117 0.149929 754.dat
1 0 72.0822 -152.238 3.63141 0.327745 0.909383 0.256135 0 0.271109 -0.962549 -0.944766 0.315471 0.0888548 754.dat
1 0 69.0907 -153.13 2.59363 0.256413 0.945128 0.202448 0 0.209451 -0.977819 -0.966567 0.250726 0.0537059 754.dat
1 0 65.8712 -153.843 1.73953 0.202718 0.966107 0.159821 0 0.163209 -0.986591 -0.979237 0.2 0.0330855 754.dat
1 0 62.5505 -154.404 1.0521 0.161318 0.978779 0.126363 0 0.12804 -0.991769 -0.986902 0.15999 0.0206552 754.dat
1 0 59.2215 -154.839 0.507942 0.128646 0.986643 0.0999317 0 0.100769 -0.99491 -0.991691 0.127991 0.0129635 754.dat
1 0 55.9466 -155.174 0.0831164 0.10231 0.991629 0.078775 0 0.0791905 -0.996859 -0.994753 0.101988 0.00810196 754.dat
1 0 52.765 -155.428 -0.244108 0.0806791 0.994836 0.061585 0 0.0617864 -0.998089 -0.99674 0.080525 0.00498487 754.dat
1 0 49.6993 -155.618 -0.492257 0.0626193 0.996911 0.0474096 0 0.0475028 -0.998871 -0.998037 0.0625486 0.00297459 754.dat
1 0 46.7609 -155.758 -0.676617 0.0473236 0.998247 0.0355571 0 0.035597 -0.999366 -0.99888 0.0472936 0.00168458 754.dat
1 0 43.9542 -155.859 -0.809592 0.034206 0.999089 0.0255212 0 0.0255361 -0.999674 -0.999415 0.0341949 0.000873489 754.dat
1 0 41.2787 -155.927 -0.901164 0.022833 0.999596 0.0169263 0 0.0169307 -0.999857 -0.999739 0.0228297 0.00038658 754.dat
1 0 38.7312 -155.97 -0.959346 0.0128775 0.999872 0.00949043 0 0.00949122 -0.999955 -0.999917 0.0128769 0.000122223 754.dat
1 0 36.3069 -155.993 -0.990568 0.00408868 0.999987 0.0029984 0 0.00299843 -0.999996 -0.999992 0.00408866 1.22596e-005 754.dat
0 MLCAD SKIP_END
0 MLCAD FLEXHOSE 0 -60 0 0 1 0 0 0 1 0 0 0 1  36 -118 -19  0 0 -70 36 -156 -1 100 0 0 50 756.dat 754.dat 0
0 MLCAD SKIP_BEGIN
1 0 -24 -118 -19 -0.99987 0.016097 9.88355e-005 0 0.00613989 -0.999981 -0.0160973 -0.999852 -0.0061391 756.dat
1 0 -24.0371 -118.014 -16.6985 -0.998717 0.050636 0.000983445 0 0.0194182 -0.999811 -0.0506455 -0.998528 -0.0193933 754.dat
1 0 -24.157 -118.06 -14.3336 -0.996007 0.0892221 0.00307436 0 0.034437 -0.999407 -0.0892751 -0.995416 -0.0342994 754.dat
1 0 -24.3735 -118.144 -11.9182 -0.991202 0.132183 0.00680154 0 0.0513873 -0.998679 -0.132358 -0.989892 -0.0509352 754.dat
1 0 -24.7005 -118.271 -9.46906 -0.983633 0.179737 0.0126909 0 0.0704329 -0.997517 -0.180184 -0.98119 -0.0692801 754.dat
1 0 -25.1515 -118.448 -7.00719 -0.972503 0.231908 0.0213511 0 0.0916793 -0.995789 -0.232889 -0.968408 -0.0891584 754.dat
1 0 -25.7382 -118.679 -4.55705 -0.956913 0.288444 0.0334328 0 0.115137 -0.99335 -0.290375 -0.950549 -0.110176 754.dat
1 0 -26.4699 -118.972 -2.14575 -0.935915 0.348722 0.0495512 0 0.140681 -0.990055 -0.352225 -0.926608 -0.131665 754.dat
1 0 -27.3522 -119.327 0.198488 -0.908615 0.411698 0.0701716 0 0.168021 -0.985783 -0.417635 -0.895697 -0.152667 754.dat
1 0 -28.3862 -119.749 2.44815 -0.874292 0.475917 0.0954766 0 0.196697 -0.980464 -0.4854 -0.857213 -0.171971 754.dat
1 0 -29.5688 -120.238 4.57829 -0.832546 0.53961 0.125249 0 0.226099 -0.974104 -0.553955 -0.810987 -0.188238 754.dat
1 0 -30.8928 -120.793 6.56806 -0.783402 0.60088 0.158819 0 0.255536 -0.9668 -0.621515 -0.757393 -0.200187 754.dat
1 0 -32.3474 -121.412 8.40162 -0.72736 0.657933 0.19512 0 0.284325 -0.958728 -0.686256 -0.69734 -0.206806 754.dat
1 0 -33.9201 -122.091 10.0684 -0.665352 0.709294 0.232827 0 0.31188 -0.950122 -0.74653 -0.632165 -0.20751 754.dat
1 0 -35.5967 -122.828 11.5628 -0.598618 0.753953 0.270576 0 0.337783 -0.941224 -0.801035 -0.563434 -0.202203 754.dat
1 0 -37.3635 -123.62 12.8831 -0.528534 0.791398 0.30715 0 0.361816 -0.932249 -0.848912 -0.492725 -0.191232 754.dat
1 0 -39.207 -124.463 14.0309 -0.45643 0.821561 0.341627 0 0.383954 -0.923352 -0.889759 -0.421445 -0.175248 754.dat
1 0 -41.1147 -125.354 15.0095 -0.383452 0.844699 0.373428 0 0.404335 -0.914611 -0.923561 -0.350709 -0.155043 754.dat
1 0 -43.0754 -126.293 15.8236 -0.310467 0.861258 0.402299 0 0.423213 -0.90603 -0.950584 -0.281293 -0.131394 754.dat
1 0 -45.0789 -127.277 16.4779 -0.238028 0.871746 0.428254 0 0.440927 -0.897543 -0.971258 -0.21364 -0.104953 754.dat
1 0 -47.1156 -128.308 16.977 -0.166362 0.876631 0.451488 0 0.457869 -0.88902 -0.986065 -0.147899 -0.076172 754.dat
1 0 -49.1766 -129.384 17.3248 -0.0953877 0.876261 0.472301 0 0.474465 -0.880274 -0.99544 -0.0839673 -0.0452581 754.dat
1 0 -51.2527 -130.508 17.5237 -0.0247191 0.870792 0.491029 0 0.491179 -0.871058 -0.999694 -0.0215318 -0.0121415 754.dat
1 0 -53.3338 -131.682 17.5752 0.0463453 0.860125 0.507974 0 0.508521 -0.86105 -0.998925 0.0399056 0.0235675 754.dat
1 0 -55.4081 -132.908 17.4789 0.118871 0.843803 0.523322 0 0.527059 -0.849828 -0.99291 0.10102 0.0626522 754.dat
1 0 -57.4608 -134.191 17.2332 0.194394 0.820872 0.53701 0 0.547453 -0.836836 -0.980923 0.162676 0.106422 754.dat
1 0 -59.4723 -135.532 16.8345 0.275108 0.789629 0.548455 0 0.570467 -0.821321 -0.961413 0.225952 0.15694 754.dat
1 0 -61.4162 -136.936 16.2783 0.364156 0.747185 0.555972 0 0.596961 -0.802271 -0.931338 0.292152 0.217387 754.dat
1 0 -63.2559 -138.406 15.559 0.466002 0.688725 0.555427 0 0.627755 -0.778411 -0.884784 0.362741 0.292535 754.dat
1 0 -64.9408 -139.942 14.6716 0.586438 0.606279 0.537137 0 0.663137 -0.748498 -0.809994 0.438948 0.388889 754.dat
1 0 -66.4019 -141.54 13.6137 0.730038 0.487137 0.479315 0 0.701361 -0.712807 -0.683407 0.520376 0.51202 754.dat
1 0 -67.5477 -143.19 12.3897 0.886562 0.313687 0.340013 0 0.734987 -0.678081 -0.46261 0.601161 0.651612 754.dat
1 0 -68.2645 -144.869 11.0161 0.994159 0.0719662 0.0804326 0 0.74524 -0.666796 -0.107928 0.662901 0.740887 754.dat
1 0 -68.426 -146.542 9.52837 0.950181 -0.221088 -0.219718 0 0.704905 -0.709302 0.311698 0.673965 0.669787 754.dat
1 0 -67.9197 -148.156 7.98504 0.777017 -0.500177 -0.382188 0 0.607149 -0.794588 0.62948 0.617409 0.471765 754.dat
1 0 -66.6865 -149.653 6.4628 0.592768 -0.70467 -0.389957 0 0.484194 -0.874961 0.805373 0.518649 0.287014 754.dat
1 0 -64.7537 -150.981 5.04021 0.448208 -0.829789 -0.332504 0 0.371958 -0.928249 0.893929 0.416049 0.166715 754.dat
1 0 -62.2343 -152.11 3.77704 0.342859 -0.90081 -0.266438 0 0.28363 -0.958934 0.939387 0.328779 0.0972451 754.dat
1 0 -59.2906 -153.037 2.70263 0.266134 -0.940837 -0.209759 0 0.217607 -0.976037 0.963936 0.259756 0.0579124 754.dat
1 0 -56.0873 -153.778 1.81823 0.209079 -0.963912 -0.164801 0 0.168525 -0.985697 0.977899 0.206088 0.035235 754.dat
1 0 -52.7623 -154.359 1.10734 0.165549 -0.977633 -0.129722 0 0.131537 -0.991311 0.986202 0.164111 0.0217758 754.dat
1 0 -49.4171 -154.809 0.545781 0.131496 -0.986035 -0.102196 0 0.103091 -0.994672 0.991317 0.130795 0.0135561 754.dat
1 0 -46.1198 -155.154 0.108405 0.104243 -0.991305 -0.0803024 0 0.0807423 -0.996735 0.994552 0.103903 0.00841683 754.dat
1 0 -42.9133 -155.415 -0.227682 0.0819911 -0.994664 -0.0626124 0 0.0628239 -0.998025 0.996633 0.0818291 0.005151 754.dat
1 0 -39.8223 -155.611 -0.481971 0.0635023 -0.996822 -0.048094 0 0.0481912 -0.998838 0.997982 0.0634285 0.00306025 754.dat
1 0 -36.8595 -155.754 -0.670496 0.0479059 -0.998203 -0.0360037 0 0.0360451 -0.99935 0.998852 0.0478748 0.00172677 754.dat
1 0 -34.0297 -155.856 -0.806215 0.0345755 -0.999069 -0.0258015 0 0.0258169 -0.999667 0.999402 0.034564 0.000892633 754.dat
1 0 -31.3328 -155.926 -0.899518 0.0230506 -0.999588 -0.0170896 0 0.0170942 -0.999854 0.999734 0.0230472 0.000394031 754.dat
1 0 -28.7656 -155.97 -0.958709 0.0129863 -0.99987 -0.0095713 0 0.00957211 -0.999954 0.999916 0.0129858 0.000124307 754.dat
1 0 -26.3233 -155.993 -0.990428 0.00411985 -0.999987 -0.00302134 0 0.00302137 -0.999995 0.999992 0.00411983 1.24476e-005 754.dat
0 MLCAD SKIP_END
1 0 34 -156.2 -1 0 -1 0 1 0 0 0 0 1 752.dat
1 0 -24 -156.2 1 0 1 0 1 0 0 0 0 -1 752.dat
1 1 55 -40 -31 0 0 -1 0 1 0 1 0 0 3710.dat
1 1 55 -64 -41 -1 0 0 0 1 0 0 0 -1 4286.dat
1 1 55 -64 -61 1 0 0 0 1 0 0 0 1 3665.dat
1 8 55 -88 -81 1 0 0 0 1 0 0 0 1 3040b.dat
1 8 55 -88 -51 0 0 -1 0 1 0 1 0 0 30014.dat
1 1 -45 -40 -31 0 0 -1 0 1 0 1 0 0 3710.dat
1 1 -45 -64 -41 -1 0 0 0 1 0 0 0 -1 4286.dat
1 1 -45 -64 -61 1 0 0 0 1 0 0 0 1 3665.dat
1 8 -45 -88 -81 1 0 0 0 1 0 0 0 1 3040b.dat
1 8 -45 -88 -51 0 0 1 0 1 0 -1 0 0 30014.dat
1 1 -45 -96 -61 0 0 -1 0 1 0 1 0 0 3623.dat
1 1 16 -120 -61 0 0 -1 0 1 0 1 0 0 4286.dat
1 1 -4 -120 -61 0 0 1 0 1 0 -1 0 0 4286.dat
1 42 -34 -92 229 1 0 0 0 0 -1 0 1 0 4589.dat
1 42 46 -92 228 1 0 0 0 0 -1 0 1 0 4589.dat
1 0 6 -128 -41 0 0 1 0 1 0 -1 0 0 3021.dat
1 0 -5 -48 -171 0 0 1 0 1 0 -1 0 0 3937.dat
1 1 17.42 -47.709 -171 0 -0.242053 -0.97089 0 0.97089 -0.242053 1 0 0 3938.dat
1 8 -8.44 -55.68 -171 0 0.190909 -0.982228 0 0.982228 0.190909 1 0 0 30209.dat
1 42 -34.16 -46.603 -171 -0.190909 0.982228 0 -0.982228 -0.190909 0 0 0 1 30208.dat
1 42 5.9 -156 -94 1 0 0 0 0 -1 0 1 0 4589.dat
1 0 -9.96 -63.533 -181 -0.98163 0.190793 0 0.190793 0.98163 0 0 0 -1 2555.dat
1 0 21.29 -63.238 -181 -0.9703 -0.241906 0 -0.241906 0.9703 0 0 0 -1 2555.dat
1 33 -78.92 -79.658 -38.296 -1.46278 0.672101 -1.18738 0 -1.74179 -0.984958 -1.36425 -0.720643 1.27314 30231.dat
1 0 -163.371 -161.398 8.26 0.731392 -0.33605 -0.593691 0 0.870893 -0.492479 0.682125 0.360322 0.636569 30035.dat
1 42 163.94 -156.878 18.174 0.803909 -0.507274 0.310868 0 0.522501 0.852771 -0.594944 -0.685446 0.420055 4740.dat
1 42 -158.622 -157.459 3.167 0.731392 0.593691 -0.33605 0 0.492479 0.870893 0.682125 -0.636569 0.360322 4740.dat
1 0 -211.164 -231.186 176.811 -0.731392 -0.33605 0.593691 0 0.870893 0.492479 -0.682125 0.360322 -0.636569 2555.dat
1 0 195.91 -237.284 195.871 -0.803909 0.310868 -0.507274 0 0.852771 0.522501 0.594944 0.420055 -0.685446 2555.dat
1 42 200.14 -248.671 201.576 0.803909 0.507274 -0.310868 0 -0.522501 -0.852771 -0.594944 0.685446 -0.420055 2569.dat
1 8 85.71 -79 -38.766 0 -0.803909 -0.594944 -1 0 0 0 0.594944 -0.803909 412.dat
1 42 -11.11 -69.423 -171 -1 0 0 0 0 1 0 1 0 2569.dat
1 42 22.74 -69.06 -171 -1 0 0 0 0 1 0 1 0 2569.dat
0
0 FILE fig.ldr
0 New Minifig Model
0 Name: fig.ldr
0 Author: MLCad
0 Unofficial Model
0 ROTATION CENTER 0 0 0 1 "Custom" 
0 ROTATION CONFIG 0 0
1 42 0 -27 0 1 0 0 0 1 0 0 0 1 30214.dat
1 1 0 -27 0 1 0 0 0 1 0 0 0 1 3626bpa6.dat
1 8 0 0 0 1 0 0 0 1 0 0 0 1 30121.dat
1 0 0 0 0 1 0 0 0 1 0 0 0 1 973.dat
1 1 0 32 0 1 0 0 0 1 0 0 0 1 3815.dat
1 8 -15.552 9 0 0.985 -0.17 0 0.17 0.985 0 0 0 1 3818.dat
1 8 15.552 9 0 0.985 0.17 0 -0.17 0.985 0 0 0 1 3819.dat
1 1 -23.8634 26.5956 -10.321 0.985 -0.12019 0.12019 0.17 0.696395 -0.696395 0 0.707 0.707 3820.dat
1 1 23.8634 26.5956 -10.321 0.985 0.12019 -0.12019 -0.17 0.696395 -0.696395 0 0.707 0.707 3820.dat
1 8 0 44 0 1 0 0 0 0 1 0 -1 0 3816.dat
1 8 0 44 0 1 0 0 0 0 1 0 -1 0 3817.dat
0 
0 
0 
0 
0
0
