0 FILE 6919 planetary_prowler.L3B.ldr
0 Name: 6919 planetary_prowler.L3B.ldr
0 Author: LEGO Digital Designer 4.2

0 ROTATION CENTER 0 0 0 1 "Custom" 
0 ROTATION CONFIG 0 0
1 7 40 -91.5269 -0.570043 1 0 0 0 0.963172 0.268886 0 -0.268886 0.963172 3749.dat
1 1 -50 -28.1356 -230.058 0 0 -1 -0.00597371 1 0 1 0.00597371 0 3622.dat
1 0 -20 -4.19534 -219.915 0 0 -1 -0.00597372 1 0 1 0.00597372 0 3032.dat
1 8 -20 -27.9569 -260.058 0 0 -1 -0.00597372 1 0 1 0.00597372 0 3001.dat
1 0 -20 -3.71749 -299.915 1 0 0 0 1 -0.0059702 0 0.0059702 1 3022.dat
1 8 -20 -27.6583 -310.056 1 0 0 0 1 -0.0059702 0 0.0059702 1 3660.dat
1 1 -20 -51.7768 -290.2 1 0 0 0 1 -0.0059702 0 0.0059702 1 50373.dat
1 8 -20 -67.7765 -290.296 1 0 0 0 1 -0.0059702 0 0.0059702 1 3298p6u.dat
1 15 -20 -43.7769 -290.153 1 0 0 0 1 -0.0059702 0 0.0059702 1 3023.dat
1 1 -20 -35.7771 -290.106 1 0 0 0 1 -0.0059702 0 0.0059702 1 3023.dat
1 8 -20 -51.8963 -270.201 -1 0 0 0 1 0.00597372 0 0.00597372 -1 3039.dat
1 8 -20 -75.8963 -270.344 -1 0 0 0 1 0.00597372 0 0.00597372 -1 3937.dat
1 8 -20 -28.4348 -180.058 0 0 -1 -0.00597372 1 0 1 0.00597372 0 3001.dat
1 0 -20 -36.4342 -180.107 1 0 0 0 1 -0.0059702 0 0.0059702 1 3068b.dat
1 1 -20 -52.6728 -140.202 1 0 0 0 1 -0.0059702 0 0.0059702 1 3001.dat
1 8 -20 -76.6127 -150.346 1 0 0 0 1 -0.0059702 0 0.0059702 1 3010.dat
1 0 -20 -84.6723 -140.394 1 0 0 0 1 -0.0059702 0 0.0059702 1 3068b.dat
1 0 -20 -76.7322 -130.346 1 0 0 0 1 -0.0059702 0 0.0059702 1 3009.dat
1 8 20 -100.673 -140.49 1 0 0 0 1 -0.0059702 0 0.0059702 1 3003.dat
1 1 10 -124.672 -140.633 0 0 -1 -0.00597372 1 0 1 0.00597372 0 3039.dat
1 1 30 -76.6127 -150.347 0 0 -1 -0.00597372 1 0 1 0.00597372 0 6019.dat
1 42 30 -68.6128 -150.298 1 0 0 0 1 -0.0059702 0 0.0059702 1 4073.dat
1 1 30 -60.613 -150.25 1 0 0 0 1 -0.0059702 0 0.0059702 1 3024.dat
1 8 30 -53.5092 -0.203252 0 0 -1 -0.00597372 1 0 1 0.00597372 0 2465.dat
1 1 30 -29.9277 69.9378 0 0 -1 -0.00597372 1 0 1 0.00597372 0 3622.dat
1 0 -20 -5.50954 0.0799705 0 0 -1 -0.00597372 1 0 1 0.00597372 0 3027.dat
1 1 -20 -29.0323 -80.0621 1 0 0 0 1 -0.0059702 0 0.0059702 1 2456.dat
1 8 -20 -45.1509 -60.1567 -1 0 0 0 1 0.00597372 0 0.00597372 -1 4590.dat
1 1 -20 -53.1507 -60.2045 -1 0 0 0 1 0.00597372 0 0.00597372 -1 3069b.dat
1 8 -20 -44.9119 -100.156 1 0 0 0 1 -0.0059702 0 0.0059702 1 4590.dat
1 1 -20 -52.9118 -100.204 -1 0 0 0 1 0.00597372 0 0.00597372 -1 3069b.dat
1 8 -70 -53.5092 -0.204168 0 0 -1 -0.00597372 1 0 1 0.00597372 0 2465.dat
1 1 -70 -77.5685 9.65089 -1 0 0 0 1 0.00597372 0 0.00597372 -1 3040b.dat
1 1 -50 -78.3451 139.651 0 0 1 0.00597372 1 0 -1 0.00597372 0 3039.dat
1 8 -20 -102.345 139.506 -1 0 0 0 1 0.00597372 0 0.00597372 -1 3001.dat
1 1 10 -78.3451 139.651 0 0 -1 -0.00597372 1 0 1 0.00597372 0 3039.dat
1 1 -20 -78.3451 139.648 1 0 0 0 1 -0.0059702 0 0.0059702 1 3003.dat
1 0 -20 -54.3455 139.792 1 0 0 0 1 -0.0059702 0 0.0059702 1 3003.dat
1 1 -20 -30.3459 139.935 1 0 0 0 1 -0.0059702 0 0.0059702 1 3022.dat
1 8 -20 -22.3461 139.983 1 0 0 0 1 -0.0059702 0 0.0059702 1 3020.dat
1 1 -20 -14.3462 140.031 1 0 0 0 1 -0.0059702 0 0.0059702 1 3020.dat
1 1 -20 -110.285 129.457 -1 0 0 0 1 0.00597372 0 0.00597372 -1 3069b.dat
1 1 10 -110.285 129.457 1 0 0 0 1 -0.0059702 0 0.0059702 1 3024.dat
1 0 10 -118.345 139.41 0 0 -1 -0.00597372 1 0 1 0.00597372 0 2412b.dat
1 1 -50 -110.285 129.457 1 0 0 0 1 -0.0059702 0 0.0059702 1 3024.dat
1 0 -50 -118.345 139.41 0 0 -1 -0.00597372 1 0 1 0.00597372 0 2412b.dat
1 1 -20 -110.405 149.457 -1 0 0 0 1 0.00597372 0 0.00597372 -1 4315.dat
1 8 -20 -134.404 149.314 1 0 0 0 1 -0.0059702 0 0.0059702 1 3937.dat
1 1 -20 -29.3907 -20.0618 1 0 0 0 1 -0.0059702 0 0.0059702 1 2456.dat
1 8 -20 -53.5092 -0.205568 1 0 0 0 1 -0.0059702 0 0.0059702 1 3001.dat
1 42 -50 -77.5685 9.65091 1 0 0 0 1 -0.0059702 0 0.0059702 1 4589.dat
1 42 -50 -101.568 9.50754 1 0 0 0 1 -0.0059702 0 0.0059702 1 4589.dat
1 1 -50 -125.449 -10.6355 0 0 1 0.00597372 1 0 -1 0.00597372 0 3038.dat
1 0 -70 -101.509 -0.492306 0 0 -1 -0.00597372 1 0 1 0.00597372 0 3700.dat
1 42 -50 -133.388 -20.6831 0 0 -1 -0.00597372 1 0 1 0.00597372 0 2412b.dat
1 0 -20 -101.329 -30.4918 1 0 0 0 1 -0.0059702 0 0.0059702 1 3009.dat
1 8 -20 -125.329 -30.6352 1 0 0 0 1 -0.0059702 0 0.0059702 1 3004.dat
1 0 -20 -149.329 -30.7785 -1 0 0 0 1 0.00597372 0 0.00597372 -1 3039.dat
1 0 52 6.095 211.988 1 0 0 0 1 0.00597372 0 -0.00597372 1 fig1.ldr
1 0 60 7.469 200 1 0 0 0 1 0.00597372 0 -0.00597372 1 fig2.ldr
1 0 -10 2.259 139.952 1 0 0 0 1 0.00597372 0 -0.00597372 1 cassa.ldr
1 0 0 -14.836 -0.621 1 0 0 0 1 0.00597372 0 -0.00597372 1 tender.ldr
1 1 -30 -125.448 -10.6355 -1 0 0 0 1 0.00597372 0 0.00597372 -1 4070.dat
1 42 -30 -115.532 3.42424 1 0 0 0 0.00597374 1 0 -1 0.00597374 4073.dat
1 8 -20 -101.448 -10.4922 1 0 0 0 1 -0.0059702 0 0.0059702 1 3010.dat
1 1 -20 -77.3893 -20.3486 1 0 0 0 1 -0.0059702 0 0.0059702 1 2456.dat
1 8 -20 -53.3299 -30.205 1 0 0 0 1 -0.0059702 0 0.0059702 1 3010.dat
1 1 10 -125.448 -10.6355 0 0 -1 -0.00597372 1 0 1 0.00597372 0 3038.dat
1 42 10 -133.388 -20.6831 0 0 -1 -0.00597372 1 0 1 0.00597372 0 2412b.dat
1 0 30 -101.509 -0.49233 0 0 -1 -0.00597372 1 0 1 0.00597372 0 3700.dat
1 42 10 -101.568 9.50754 1 0 0 0 1 -0.0059702 0 0.0059702 1 4589.dat
1 42 10 -77.5685 9.65091 1 0 0 0 1 -0.0059702 0 0.0059702 1 4589.dat
1 1 -70 -60.613 -150.253 1 0 0 0 1 -0.0059702 0 0.0059702 1 3024.dat
1 42 -70 -68.6128 -150.299 1 0 0 0 1 -0.0059702 0 0.0059702 1 4073.dat
1 1 -70 -76.6127 -150.346 0 0 1 0.00597372 1 0 -1 0.00597372 0 6019.dat
1 8 -60 -100.673 -140.49 1 0 0 0 1 -0.0059702 0 0.0059702 1 3003.dat
1 1 -50 -124.672 -140.633 0 0 1 0.00597372 1 0 -1 0.00597372 0 3039.dat
1 8 -80 -28.7933 -120.062 1 0 0 0 1 -0.0059702 0 0.0059702 1 6249.dat
1 0 -70 -61.0311 -80.2534 0 0 -1 -0.00597372 1 0 1 0.00597372 0 44822.dat
1 8 -80 -29.6296 19.9374 1 0 0 0 1 -0.0059702 0 0.0059702 1 6249.dat
1 0 -70 -30.4659 159.938 0 0 -1 -0.00597372 1 0 1 0.00597372 0 2743.dat
1 1 -70 -29.9283 69.9378 0 0 -1 -0.00597372 1 0 1 0.00597372 0 3622.dat
1 42 -70 -29.2109 -50.0622 1 0 0 0 1 -0.0059702 0 0.0059702 1 4073.dat
1 1 -70 -21.211 -50.0135 1 0 0 0 1 -0.0059702 0 0.0059702 1 3024.dat
1 8 40 -28.7933 -120.062 1 0 0 0 1 -0.0059702 0 0.0059702 1 6249.dat
1 8 10 -28.614 -150.058 0 0 1 0.00597372 1 0 -1 0.00597372 0 2357.dat
1 8 -50 -28.614 -150.062 -1 0 0 0 1 0.00597372 0 0.00597372 -1 2357.dat
1 8 -20 -30.1672 109.938 1 0 0 0 1 -0.0059702 0 0.0059702 1 3010.dat
1 1 -20 -38.1666 109.888 -1 0 0 0 1 0.00597372 0 0.00597372 -1 2431.dat
1 8 40 -29.6296 19.9374 1 0 0 0 1 -0.0059702 0 0.0059702 1 6249.dat
1 0 30 -30.4659 159.938 0 0 -1 -0.00597372 1 0 1 0.00597372 0 2743.dat
1 1 30 -77.5685 9.65089 -1 0 0 0 1 0.00597372 0 0.00597372 -1 3040b.dat
1 42 30 -29.2109 -50.0622 1 0 0 0 1 -0.0059702 0 0.0059702 1 4073.dat
1 1 30 -21.211 -50.0135 1 0 0 0 1 -0.0059702 0 0.0059702 1 3024.dat
1 0 30 -61.0311 -80.2534 0 0 -1 -0.00597372 1 0 1 0.00597372 0 44822.dat
1 1 10 -28.1362 -230.058 0 0 -1 -0.00597372 1 0 1 0.00597372 0 3622.dat
1 0 10 -46.6 -230.297 0 0 -1 -0.00597372 1 0 1 0.00597372 0 752.dat
1 0 -50 -46.6 -230.297 0 0 -1 -0.00597372 1 0 1 0.00597372 0 752.dat
1 0 50 -74.2 -146.297 0 0 -1 -1 -0.00597372 0 -0.00597372 1 0 752.dat
1 0 -90 -74.2 -146.297 0 0 -1 -1 -0.00597372 0 -0.00597372 1 0 752.dat
1 0 -20 -54.4655 159.792 1 0 0 0 1 -0.0059702 0 0.0059702 1 6058.dat
1 0 -20.0055 -120.077 429.428 1 0 0 0 1 -0.0059702 0 0.0059702 1 3069b.dat
1 0 -20.0055 -112.137 439.476 -1 0 0 0 1 0.00597372 0 0.00597372 -1 4746.dat
1 0 -20 -64.4363 489.762 -1 0 0 0 1 0.00597372 0 0.00597372 -1 4596.dat
1 1 -20 -55.7787 379.792 0 0 -1 -0.00597372 1 0 1 0.00597372 0 2445.dat
1 0 -20 -63.0623 259.764 1 0 0 0 1 -0.0059702 0 0.0059702 1 4032a.dat
1 1 -20 -55.0027 249.792 1 0 0 0 1 -0.0059702 0 0.0059702 1 3039.dat
1 8 -30 -64.1376 439.764 0 0 -1 -0.00597372 1 0 1 0.00597372 0 3475b.dat
1 42 -60 -60.3885 481.787 1 0 0 0 -0.00597371 -1 0 1 -0.00597371 4589.dat
1 8 -10 -64.1376 439.764 0 0 1 0.00597372 1 0 -1 0.00597372 0 3475b.dat
1 42 20 -60.3885 481.787 1 0 0 0 -0.00597371 -1 0 1 -0.00597371 4589.dat
1 8 -20 -64.3168 469.764 1 0 0 0 1 -0.0059702 0 0.0059702 1 3023.dat
1 1 -20 -47.1223 269.86 1 0 0 0 1 -0.0059702 0 0.0059702 1 3023.dat
1 15 -20 -39.1217 269.887 1 0 0 0 1 -0.0059702 0 0.0059702 1 3023.dat
1 42 -20 -62.8545 559.774 1 0 0 0 -0.00597371 -1 0 1 -0.00597371 4589.dat
1 42 -20 -120.197 449.428 1 0 0 0 1 -0.0059702 0 0.0059702 1 2412b.dat
1 8 -20 -48.2574 459.86 1 0 0 0 1 -0.0059702 0 0.0059702 1 30159.dat
1 1 10 -52.4936 -170.201 1 0 0 0 1 -0.0059702 0 0.0059702 1 4286.dat
1 42 10 -28.3746 -190.06 1 0 0 0 1 -0.0059702 0 0.0059702 1 4073.dat
1 1 10 -20.3747 -190.011 1 0 0 0 1 -0.0059702 0 0.0059702 1 3024.dat
1 8 10 -27.8972 -270.058 1 0 0 0 1 -0.0059702 0 0.0059702 1 3665.dat
1 8 -50 -27.8972 -270.058 1 0 0 0 1 -0.0059702 0 0.0059702 1 3665.dat
1 0 10 -53.0313 -80.2041 0 0 -1 -0.00597372 1 0 1 0.00597372 0 3023.dat
1 1 10 -85.0313 -80.3953 0 0 1 0.00597372 1 0 -1 0.00597372 0 2432.dat
1 0 -50 -53.0313 -80.2041 0 0 -1 -0.00597372 1 0 1 0.00597372 0 3023.dat
1 1 -50 -85.0313 -80.3953 0 0 -1 -0.00597372 1 0 1 0.00597372 0 2432.dat
1 1 -20 -37.6887 29.8895 -1 0 0 0 1 0.00597372 0 0.00597372 -1 2431.dat
1 1 -50 -52.4936 -170.201 1 0 0 0 1 -0.0059702 0 0.0059702 1 4286.dat
1 42 -50 -28.3746 -190.06 1 0 0 0 1 -0.0059702 0 0.0059702 1 4073.dat
1 1 -50 -20.3747 -190.011 1 0 0 0 1 -0.0059702 0 0.0059702 1 3024.dat
1 8 -50 -51.956 -260.201 0 0 1 0.00597372 1 0 -1 0.00597372 0 3937.dat
1 8 10 -51.956 -260.2 0 0 -1 -0.00597372 1 0 1 0.00597372 0 3937.dat
1 34 -20 -106.488 163.481 -1 0 0 0 1 0.00597378 0 0.00597378 -1 2507.dat
1 0 -120 -86.4657 149.992 1 0 0 0 1 0 0 0 1 2412b.dat
1 1 -120 -78.4656 159.992 1 0 0 0 1 0 0 0 1 6232.dat
1 1 -110 -54.4656 159.992 0 0 1 0 1 0 -1 0 0 3004.dat
1 1 -100 -30.4656 159.992 1 0 0 0 1 0 0 0 1 6232.dat
1 1 -130 -14.4656 159.992 0 0 1 0 1 0 -1 0 0 3023.dat
1 0 -130 -36.4657 149.992 0 -1 0 0 0 -1 1 0 0 4349.dat
1 0 -130 -36.4654 169.992 0 -1 0 0 0 -1 1 0 0 4349.dat
1 0 -120 -86.4656 179.992 1 0 0 0 1 0 0 0 1 3068bp9n.dat
1 1 -160 -14.465 399.992 -1 0 0 0 1 0 0 0 -1 6232.dat
1 1 -140 9.535 399.992 -1 0 0 0 1 0 0 0 -1 3020.dat
1 8 -140 -22.465 399.992 -1 0 0 0 1 0 0 0 -1 3020.dat
1 42 -110 -30.4646 399.992 0 0 -1 0 1 0 1 0 0 2412b.dat
1 1 -176.922 -4.465 399.992 0 0 1 -0.0059735 1 0 -1 -0.0059734 0 2515.dat
1 8 -10 -125.449 -10.6356 -1 0 0 0 1 0.00597372 0 0.00597372 -1 3040b.dat
1 42 -20 -87.0619 259.623 1 0 0 0 1 -0.0059702 0 0.0059702 1 30213.dat
1 0 -20 -124.344 139.374 -1 0 0 0 -0.00597375 1 0 1 0.00597382 3938.dat
1 1 -20 -124.153 107.374 -1 0 0 0 -0.00597358 1 0 1 0.00597365 2432.dat
1 0 -52.3703 -51.671 -260.199 0 0.237036 -0.971501 -0.00597363 0.971484 0.237031 1 0.00580344 0.00141577 3938.dat
1 8 -54.2667 -59.4429 -260.245 0 0.237036 -0.971501 -0.00597362 0.971484 0.237031 1 0.00580344 0.00141578 3023.dat
1 1 -56.1629 -67.2147 -260.292 0 0.237036 -0.971501 -0.0059737 0.971484 0.237031 1 0.00580342 0.00141614 30209.dat
1 34 -84.3576 -56.2087 -260.25 0.16761 0.971501 0.16761 0.682719 -0.237032 0.691167 0.711198 -0.00141589 -0.70299 30208.dat
1 0 -59.9555 -82.7585 -260.385 0 0.237036 0.971501 0.00597377 0.971484 -0.237031 -1 0.00580346 -0.00141614 4531.dat
1 1 -70 -30.1667 109.938 0 0 1 0.00597371 1 0 -1 0.00597371 0 3665.dat
1 0 -90 -38.1666 109.888 1 0 0 0 1 -0.0059702 0 0.0059702 1 30039.dat
1 1 30 -30.1667 109.938 0 0 -1 -0.00597371 1 0 1 0.00597371 0 3665.dat
1 0 50 -38.1666 109.888 1 0 0 0 1 -0.0059702 0 0.0059702 1 30039.dat
1 1 -120 -19.6291 19.9971 0 0 1 0.00597372 1 0 -1 0.00597372 0 2593.dat
1 1 -120 -18.7927 -120 0 0 1 0.00597372 1 0 -1 0.00597372 0 2593.dat
1 1 80 -19.6291 19.9971 0 0 -1 -0.00597372 1 0 1 0.00597372 0 2593.dat
1 1 80 -18.7927 -120 0 0 -1 -0.00597372 1 0 1 0.00597372 0 2593.dat
1 0 -20 -68.042 -260.517 -1 0 0 0 0.2146 -0.976702 0 -0.976702 -0.2146 3938.dat
1 42 -20 -97.2276 -127.686 1 0 0 0 0.2146 0.976702 0 -0.976702 0.2146 2466.dat
1 0 12.6782 -51.5907 -260.199 0 -0.267816 -0.96347 -0.00597395 0.963453 -0.267811 1 0.0057557 -0.00159987 3938.dat
1 8 14.8207 -59.2983 -260.245 0 -0.267816 -0.96347 -0.00597395 0.963453 -0.267811 1 0.0057557 -0.00159986 3023.dat
1 1 16.9632 -67.0059 -260.291 0 -0.267816 0.96347 0.00597381 0.963453 0.267811 -1 0.00575572 0.00159944 30209.dat
1 34 44.7936 -55.109 -260.196 -0.189374 -0.96347 -0.189375 0.685488 -0.267811 0.67704 -0.703025 -0.00159981 0.711164 30208.dat
1 0 21.2483 -82.4212 -260.383 0 -0.267816 0.96347 0.00597383 0.963453 0.267811 -1 0.00575573 0.00159957 4531.dat
1 0 27.3641 -104.386 -266.518 0.17852 -0.19964 0.96347 -0.637762 0.722175 0.267812 -0.749259 -0.662275 0.00159976 2433.dat
1 42 28.9612 -110.163 -261.22 -0.17852 -0.19964 -0.96347 0.637762 0.722175 -0.267812 0.749259 -0.662275 -0.00159978 2569.dat
1 1 60 -30.4654 159.935 -1 0 0 0 1 0.00597372 0 0.00597372 -1 6232.dat
1 1 70 -54.465 159.792 0 0 -1 -0.00597372 1 0 1 0.00597372 0 3004.dat
1 1 80 -78.4645 159.648 -1 0 0 0 1 0.00597372 0 0.00597372 -1 6232.dat
1 0 90 -36.5242 169.899 0 1 0 0.00597391 0 -1 -1 0 -0.00597373 4349.dat
1 1 90 -14.4657 160.03 0 0 -1 -0.00597372 1 0 1 0.00597372 0 3023.dat
1 0 90 -36.4055 149.899 0 1 0 0.00597391 0 -1 -1 0 -0.00597384 4349.dat
1 0 80 -86.4046 149.6 -1 0 0 0 1 0.00597372 0 0.00597372 -1 2412b.dat
1 0 80 -86.5839 179.6 1 0 0 0 1 -0.00598017 0 0.00598017 1 3068bp9n.dat
1 42 70 -30.7162 399.679 0 0 1 0 1 0 -1 0 0 2412b.dat
1 8 100 -22.7162 399.679 1 0 0 0 1 0 0 0 1 3020.dat
1 1 100 9.28379 399.678 1 0 0 0 1 0 0 0 1 3020.dat
1 1 120 -14.7162 399.679 1 0 0 0 1 0 0 0 1 6232.dat
1 1 136.922 -4.71621 399.678 0 0 -1 0 1 0 1 0 0 2515.dat
1 7 -80 -91.508 -0.432569 -1 0 0 0 0.963172 -0.268886 0 -0.268886 -0.963172 3749.dat
1 0 -65.3684 -104.907 -266.521 -0.158003 0.176695 0.971501 -0.643115 0.728161 -0.237032 -0.749291 -0.662239 -0.00141603 2433.dat
1 42 -66.782 -110.732 -261.223 0.158003 0.176695 -0.971501 0.643116 0.728161 0.237031 0.749291 -0.662239 0.00141597 2569.dat
1 1 12.2024 -158.478 -90.8343 0 -0.0465374 -0.998917 -0.0059737 0.998899 -0.0465366 1 0.00596724 0 4070.dat
1 0 12.575 -166.529 -80.882 0 0.0465375 0.998917 -0.0059737 0.998899 -0.0465366 -1 -0.00596723 0 3069bp21.dat
1 34 11.0326 -133.965 -80.6828 0 -0.0456016 -0.99896 -0.00599165 0.998942 -0.0456008 1 0.00598542 0 44572.dat
1 1 12.1399 -158.58 -70.8355 -0.998917 -0.0465366 0 -0.0465366 0.998899 0.00596723 0 0.00596723 -1 4286.dat
1 0 31.6685 -147.56 -90.8541 0.0465272 -0.998899 -0.0059668 -0.998899 -0.046561 0.00569537 -0.00596693 0.00569525 -1 4349.dat
1 42 32.4368 -147.533 -89.4833 0.786192 0 0.617982 -0.617971 0.00597413 0.786178 -0.00369188 -1 0.00469688 30210.dat
1 34 -51.0326 -133.964 -80.6816 0 0.0456016 0.99896 0.00597371 0.998942 -0.0456008 -1 0.0059675 0 44572.dat
1 1 -52.1156 -158.149 -70.832 -0.99896 0.0456008 0 0.0456008 0.998942 0.00596749 0 0.0059675 -1 4286.dat
1 1 -52.1156 -158.03 -90.8316 0 0.0456016 0.99896 0.00597371 0.998942 -0.0456008 -1 0.00596749 0 4070.dat
1 0 -52.4804 -166.081 -80.8797 0 0.0456016 -0.99896 -0.00597371 0.998942 0.0456008 1 0.0059675 0 3069bp21.dat
1 0 -73.5898 -147.039 -90.8629 0.0455916 0.998942 0.00596793 0.998942 -0.0456254 0.0057018 0.00596805 0.00570167 -1 4349.dat
1 42 -74.3582 -146.988 -93.4802 -0.405326 0 0.914172 -0.914156 0.00597378 -0.405318 -0.00546088 -1 -0.00242129 30210.dat
1 8 60 -12.3747 -189.963 0 0 -1 -0.00597372 1 0 1 0.00597372 0 30211.dat
1 8 80 -13.211 -49.9657 0 0 -1 -0.00597372 1 0 1 0.00597372 0 30211.dat
1 8 -100 -12.3747 -189.963 0 0 1 0.00597361 1 0 -1 0.00597372 0 30211.dat
1 8 -120 -13.211 -49.9657 0 0 1 0.00597361 1 0 -1 0.00597372 0 30211.dat
1 8 -120 -6.465 299.992 -1 0 0 0 1 0 0 0 -1 30212.dat
1 8 80 -6.68168 299.673 -1 0 0 0 1 0.000345267 0 0.000345267 -1 30212.dat
1 0 -20 -32.2574 459.86 1 0 0 0 0.00597016 1 0 -1 0.00597016 2959.dat
1 8 -20 -32.2574 459.86 1 0 0 0 0.00597016 1 0 -1 0.00597016 73092.dat
1 1 -120 -6.465 409.992 1 0 0 0 1 0 0 0 1 3023.dat
1 1 -120 -14.465 399.992 1 0 0 0 1 0 0 0 1 3022.dat
1 1 80 -14.7128 399.679 1 0 0 0 1 0 0 0 1 3022.dat
1 1 80 -6.71275 409.679 1 0 0 0 1 0 0 0 1 3023.dat
0 Assembly 1
1 0 50 -100.035 43.3346 0 0 -1 -0.963172 0.268886 0 0.268886 0.963172 0 2909.dat
0 Assembly 1
1 0 50 -67.7686 158.915 0 0 -1 -0.963172 0.268886 0 0.268886 0.963172 0 2910.dat
0 Assembly 1
1 494 50 -102.186 35.6292 0 0 -1 -0.963172 0.268886 0 0.268886 0.963172 0 110.dat
0 Assembly 3
1 0 -90 -100.016 43.472 0 0 -1 -0.963172 0.268886 0 0.268886 0.963172 0 2909.dat
0 Assembly 3
1 0 -90 -67.7497 159.053 0 0 -1 -0.963172 0.268886 0 0.268886 0.963172 0 2910.dat
0 Assembly 3
1 494 -90 -102.167 35.7666 0 0 -1 -0.963172 0.268886 0 0.268886 0.963172 0 110.dat

0 WORLD  -720.1503 46.80735 -81.39655 0.6343095 -0.1464834 0.7590747 0.5483823 0.7773456 -0.3082367 -0.5449116 0.6117769 0.5734037
0 CENTRE  0 0 0
0 LOOKAT  -752 10 0
0 ZOOM  52
0 ROTANGLE 0
0 MLCAD FLEXHOSE 0 0.284 0.457 -0.024 0.9997 0.0244673 0 -0.0244673 0.9997 0 0 0 1  10 -46.6 -230.3  0 70 0 50 -74.2 -146.3 0 0 50 50 756.dat 754.dat 0
0 MLCAD SKIP_BEGIN
1 0 9.14082 -46.3737 -230.324 -0.64965 0.01761 -0.760029 0.0159 0.999827 0.00957539 0.760066 -0.00586378 -0.649819 756.dat
1 0 9.09779 -48.8186 -230.31 -0.652743 0.00280979 -0.757573 0.0159757 0.999821 -0.0100567 0.757411 -0.0186672 -0.652672 754.dat
1 0 9.09071 -51.3271 -230.263 -0.656397 -0.0139381 -0.754286 0.0160651 0.999344 -0.0324466 0.754244 -0.0334155 -0.655743 754.dat
1 0 9.12651 -53.8945 -230.177 -0.66041 -0.0329917 -0.750179 0.0161633 0.998177 -0.0581274 0.750731 -0.0505133 -0.658674 754.dat
1 0 9.21305 -56.5135 -230.044 -0.664789 -0.0547806 -0.745019 0.0162705 0.996009 -0.0877536 0.746854 -0.0704598 -0.661245 754.dat
1 0 9.3594 -59.174 -229.856 -0.669567 -0.079813 -0.73845 0.0163874 0.992379 -0.122118 0.742571 -0.093867 -0.663157 754.dat
1 0 9.5756 -61.862 -229.602 -0.674781 -0.108675 -0.729972 0.016515 0.986627 -0.162152 0.737833 -0.121472 -0.663963 754.dat
1 0 9.87269 -64.5593 -229.27 -0.68047 -0.142012 -0.718883 0.0166543 0.97779 -0.208921 0.732586 -0.154138 -0.662993 754.dat
1 0 10.2625 -67.2427 -228.847 -0.686675 -0.180462 -0.704208 0.0168061 0.964499 -0.263552 0.72677 -0.19281 -0.659265 754.dat
1 0 10.7565 -69.8833 -228.319 -0.69343 -0.224539 -0.684643 0.0169714 0.944848 -0.327066 0.720324 -0.238417 -0.651376 754.dat
1 0 11.3658 -72.4472 -227.672 -0.700761 -0.274387 -0.658518 0.0171509 0.916327 -0.40006 0.71319 -0.291641 -0.637421 754.dat
1 0 12.0991 -74.8963 -226.893 -0.708677 -0.329418 -0.623906 0.0173446 0.875904 -0.482173 0.705319 -0.352527 -0.61502 754.dat
1 0 12.9618 -77.1901 -225.969 -0.717175 -0.387872 -0.578978 0.0175526 0.82048 -0.571404 0.696672 -0.419959 -0.58162 754.dat
1 0 13.9541 -79.2891 -224.895 -0.726221 -0.446515 -0.522711 0.017774 0.747899 -0.663573 0.687231 -0.491192 -0.535205 754.dat
1 0 15.0705 -81.159 -223.667 -0.735763 -0.500889 -0.455808 0.0180075 0.658332 -0.752511 0.676999 -0.561879 -0.475357 754.dat
1 0 16.2991 -82.7739 -222.289 -0.745729 -0.546363 -0.38128 0.0182515 0.555312 -0.831441 0.665999 -0.626989 -0.40414 754.dat
1 0 17.6232 -84.1196 -220.769 -0.75603 -0.579643 -0.304026 0.0185036 0.445377 -0.895151 0.654275 -0.682387 -0.325993 754.dat
1 0 19.022 -85.1944 -219.122 -0.766572 -0.599786 -0.229394 0.0187616 0.336154 -0.94162 0.641883 -0.726124 -0.246434 754.dat
1 0 20.4736 -86.0079 -217.365 -0.777266 -0.608057 -0.161631 0.0190233 0.234065 -0.972034 0.628884 -0.758604 -0.170364 754.dat
1 0 21.9564 -86.5788 -215.515 -0.788026 -0.606946 -0.103105 0.0192866 0.143055 -0.989526 0.615339 -0.781762 -0.101025 754.dat
1 0 23.4514 -86.9311 -213.59 -0.798782 -0.59915 -0.054452 0.0195499 0.0646109 -0.997719 0.601302 -0.798025 -0.0398968 754.dat
1 0 24.9419 -87.0919 -211.604 -0.809477 -0.586955 -0.0151637 0.0198117 -0.00149313 -0.999802 0.586816 -0.809618 0.0128372 754.dat
1 0 26.4148 -87.0881 -209.573 -0.820065 -0.572051 0.0158282 0.0200708 -0.0563921 -0.998206 0.571918 -0.818277 0.0577267 754.dat
1 0 27.8601 -86.9456 -207.505 -0.830511 -0.555582 0.0397501 0.0203265 -0.101547 -0.994623 0.556631 -0.825238 0.0956291 754.dat
1 0 29.2702 -86.6878 -205.411 -0.84079 -0.53827 0.0577723 0.020578 -0.138416 -0.990159 0.540971 -0.831328 0.127456 754.dat
1 0 30.6397 -86.3358 -203.296 -0.850882 -0.520548 0.0709191 0.020825 -0.168306 -0.985515 0.524944 -0.83708 0.154049 754.dat
1 0 31.9651 -85.9072 -201.164 -0.860773 -0.502655 0.0800489 0.0210671 -0.19232 -0.981106 0.508553 -0.842823 0.176133 754.dat
1 0 33.2439 -85.4179 -199.02 -0.870451 -0.484707 0.0858648 0.021304 -0.211363 -0.977175 0.491793 -0.848755 0.194308 754.dat
1 0 34.4746 -84.8812 -196.865 -0.879908 -0.466745 0.0889381 0.0215354 -0.226166 -0.97385 0.474656 -0.854984 0.209057 754.dat
1 0 35.6564 -84.3086 -194.7 -0.889133 -0.448764 0.0897324 0.0217612 -0.23731 -0.97119 0.457131 -0.861565 0.220766 754.dat
1 0 36.7889 -83.7097 -192.526 -0.898117 -0.430731 0.0886255 0.0219811 -0.245254 -0.969209 0.439205 -0.868516 0.229735 754.dat
1 0 37.8718 -83.0931 -190.343 -0.906852 -0.412595 0.0859288 0.0221949 -0.250362 -0.967898 0.420864 -0.875833 0.236199 754.dat
1 0 38.905 -82.4661 -188.149 -0.915324 -0.394299 0.081904 0.0224022 -0.252917 -0.967228 0.402092 -0.883494 0.240335 754.dat
1 0 39.8887 -81.8352 -185.945 -0.923523 -0.375779 0.076772 0.0226029 -0.253141 -0.967164 0.382875 -0.891465 0.242276 754.dat
1 0 40.8225 -81.2062 -183.73 -0.931432 -0.356973 0.0707265 0.0227965 -0.251204 -0.967665 0.363197 -0.899704 0.242118 754.dat
1 0 41.7064 -80.5841 -181.502 -0.939037 -0.337816 0.0639416 0.0229826 -0.247237 -0.968682 0.343046 -0.90816 0.239929 754.dat
1 0 42.5402 -79.9739 -179.261 -0.946317 -0.318249 0.0565768 0.0231608 -0.241339 -0.970164 0.322409 -0.916773 0.235755 754.dat
1 0 43.3233 -79.3801 -177.005 -0.953251 -0.298215 0.0487824 0.0233305 -0.233586 -0.972056 0.301277 -0.925476 0.229624 754.dat
1 0 44.0551 -78.8068 -174.734 -0.959816 -0.277661 0.0407045 0.0234912 -0.224033 -0.974298 0.279645 -0.934191 0.221553 754.dat
1 0 44.7349 -78.2583 -172.446 -0.965986 -0.256544 0.032488 0.0236422 -0.212725 -0.976826 0.25751 -0.942833 0.211554 754.dat
1 0 45.3618 -77.7385 -170.142 -0.971733 -0.234825 0.0242788 0.0237828 -0.199694 -0.979569 0.234876 -0.951304 0.199635 754.dat
1 0 45.9347 -77.2513 -167.821 -0.97703 -0.21248 0.0162253 0.0239125 -0.184976 -0.982451 0.211753 -0.959498 0.185809 754.dat
1 0 46.4525 -76.8006 -165.484 -0.981844 -0.189494 0.00847947 0.0240303 -0.168605 -0.98539 0.188155 -0.967297 0.170098 754.dat
1 0 46.9137 -76.3902 -163.129 -0.986147 -0.165868 0.00119628 0.0241356 -0.150623 -0.988297 0.164107 -0.974577 0.15254 754.dat
1 0 47.3171 -76.0239 -160.759 -0.989905 -0.141623 -0.0054678 0.0242276 -0.131082 -0.991075 0.139642 -0.981204 0.13319 754.dat
1 0 47.6613 -75.7053 -158.375 -0.993091 -0.116795 -0.0113565 0.0243055 -0.110052 -0.993628 0.114801 -0.98704 0.11213 754.dat
1 0 47.9449 -75.4381 -155.978 -0.995676 -0.0914451 -0.0163183 0.0243688 -0.0876236 -0.995855 0.0896363 -0.991948 0.0894731 754.dat
1 0 48.1668 -75.2255 -153.571 -0.997637 -0.0656565 -0.0202104 0.0244168 -0.0639098 -0.997657 0.0642111 -0.995794 0.0653619 754.dat
1 0 48.3259 -75.0705 -151.157 -0.998955 -0.039534 -0.0229041 0.0244491 -0.0390495 -0.998937 0.0385977 -0.998455 0.0399753 754.dat
1 0 48.4216 -74.976 -148.74 -0.999617 -0.0132041 -0.0242909 0.0244653 -0.0132076 -0.999613 0.0128782 -0.999826 0.0135256 754.dat
0 MLCAD SKIP_END
0 MLCAD FLEXHOSE 0 0.254 -1.99 -0.024 0.9997 0.0244673 0 -0.0244673 0.9997 0 0 0 1  -50 -46.6 -230.3  0 70 0 -90 -74.2 -146.3 0 0 50 50 756.dat 754.dat 0
0 MLCAD SKIP_BEGIN
1 0 -50.8712 -47.3527 -230.324 -0.64965 0.0313226 0.759587 0.0159 0.999491 -0.0276167 -0.760066 -0.00586378 -0.649819 756.dat
1 0 -50.9478 -49.7967 -230.31 -0.652743 0.0461048 0.756174 0.0159757 0.998761 -0.0471051 -0.757411 -0.0186672 -0.652672 754.dat
1 0 -51.0634 -52.3026 -230.263 -0.656397 0.0628093 0.751796 0.0160651 0.997465 -0.0693074 -0.754244 -0.0334155 -0.655743 754.dat
1 0 -51.2248 -54.8651 -230.177 -0.66041 0.081783 0.746438 0.0161633 0.995368 -0.0947565 -0.750731 -0.0505133 -0.658674 754.dat
1 0 -51.4394 -57.4768 -230.044 -0.664789 0.10344 0.739834 0.0162705 0.992136 -0.124095 -0.746854 -0.0704598 -0.661245 754.dat
1 0 -51.7157 -60.1269 -229.856 -0.669567 0.128265 0.731592 0.0163874 0.987287 -0.158096 -0.742571 -0.093867 -0.663157 754.dat
1 0 -52.0631 -62.8011 -229.602 -0.674781 0.156811 0.721166 0.016515 0.980129 -0.197668 -0.737833 -0.121472 -0.663963 754.dat
1 0 -52.4918 -65.4807 -229.27 -0.68047 0.189675 0.707801 0.0166543 0.969672 -0.243839 -0.732586 -0.154138 -0.662993 754.dat
1 0 -53.0124 -68.1418 -228.847 -0.686675 0.227429 0.690472 0.0168061 0.954516 -0.297686 -0.72677 -0.19281 -0.659265 754.dat
1 0 -53.635 -70.7551 -228.319 -0.69343 0.270492 0.667823 0.0169714 0.932732 -0.360167 -0.720324 -0.238417 -0.651376 754.dat
1 0 -54.369 -73.2861 -227.672 -0.700761 0.318885 0.638159 0.0171509 0.901807 -0.431796 -0.71319 -0.291641 -0.637421 754.dat
1 0 -55.2213 -75.6964 -226.893 -0.708677 0.371873 0.599571 0.0173446 0.85874 -0.512117 -0.705319 -0.352527 -0.61502 754.dat
1 0 -56.1951 -77.9452 -225.969 -0.717175 0.427545 0.550331 0.0175526 0.800523 -0.599043 -0.696672 -0.419959 -0.58162 754.dat
1 0 -57.2889 -79.9932 -224.895 -0.726221 0.482568 0.489623 0.017774 0.72516 -0.688349 -0.687231 -0.491192 -0.535205 754.dat
1 0 -58.4954 -81.8062 -223.667 -0.735763 0.532495 0.41845 0.0180075 0.63304 -0.773909 -0.676999 -0.561879 -0.475357 754.dat
1 0 -59.8016 -83.3591 -222.289 -0.745729 0.572875 0.340149 0.0182515 0.527919 -0.849098 -0.665999 -0.626989 -0.40414 754.dat
1 0 -61.1899 -84.6384 -220.769 -0.75603 0.600737 0.259871 0.0185036 0.416488 -0.908952 -0.654275 -0.682387 -0.325993 754.dat
1 0 -62.6397 -85.6435 -219.122 -0.766572 0.615513 0.183056 0.0187616 0.30641 -0.951714 -0.641883 -0.726124 -0.246434 754.dat
1 0 -64.1293 -86.385 -217.365 -0.777266 0.618779 0.113886 0.0190233 0.204039 -0.978777 -0.628884 -0.758604 -0.170364 754.dat
1 0 -65.6383 -86.8827 -215.515 -0.788026 0.613218 0.0545738 0.0192866 0.113192 -0.993385 -0.615339 -0.781762 -0.101025 754.dat
1 0 -67.1487 -87.1615 -213.59 -0.798782 0.601594 0.0055784 0.0195499 0.0352231 -0.999188 -0.601302 -0.798025 -0.0398968 754.dat
1 0 -68.6452 -87.2491 -211.604 -0.809477 0.586179 -0.0337647 0.0198117 -0.0302052 -0.999346 -0.586816 -0.809618 0.0128372 754.dat
1 0 -70.1162 -87.1733 -209.573 -0.820065 0.568607 -0.0646415 0.0200708 -0.0843093 -0.996237 -0.571918 -0.818277 0.0577267 754.dat
1 0 -71.5528 -86.9603 -207.505 -0.830511 0.549949 -0.0883594 0.0203265 -0.128604 -0.991487 -0.556631 -0.825238 0.0956291 754.dat
1 0 -72.9486 -86.6338 -205.411 -0.84079 0.530855 -0.106142 0.020578 -0.164583 -0.986148 -0.540971 -0.831328 0.127456 754.dat
1 0 -74.2992 -86.2151 -203.296 -0.850882 0.511691 -0.119046 0.020825 -0.19357 -0.980865 -0.524944 -0.83708 0.154049 754.dat
1 0 -75.6021 -85.7222 -201.164 -0.860773 0.492645 -0.127949 0.0210671 -0.216679 -0.976015 -0.508553 -0.842823 0.176133 754.dat
1 0 -76.8555 -85.171 -199.02 -0.870451 0.473787 -0.133565 0.021304 -0.234821 -0.971804 -0.491793 -0.848755 0.194308 754.dat
1 0 -78.0584 -84.5748 -196.865 -0.879908 0.455122 -0.136472 0.0215354 -0.248728 -0.968333 -0.474656 -0.854984 0.209057 754.dat
1 0 -79.2108 -83.945 -194.7 -0.889133 0.436618 -0.137136 0.0217612 -0.258979 -0.965637 -0.457131 -0.861565 0.220766 754.dat
1 0 -80.3126 -83.2914 -192.526 -0.898117 0.418218 -0.135933 0.0219811 -0.266032 -0.963713 -0.439205 -0.868516 0.229735 754.dat
1 0 -81.364 -82.6226 -190.343 -0.906852 0.399853 -0.133175 0.0221949 -0.270246 -0.962535 -0.420864 -0.875833 0.236199 754.dat
1 0 -82.3654 -81.9458 -188.149 -0.915324 0.381454 -0.129123 0.0224022 -0.271903 -0.962063 -0.402092 -0.883494 0.240335 754.dat
1 0 -83.317 -81.2675 -185.945 -0.923523 0.362945 -0.123994 0.0226029 -0.271221 -0.962251 -0.382875 -0.891465 0.242276 754.dat
1 0 -84.219 -80.5936 -183.73 -0.931432 0.344257 -0.11798 0.0227965 -0.268366 -0.963046 -0.363197 -0.899704 0.242118 754.dat
1 0 -85.0713 -79.929 -181.502 -0.939037 0.325317 -0.111253 0.0229826 -0.263467 -0.964394 -0.343046 -0.90816 0.239929 754.dat
1 0 -85.8743 -79.2788 -179.261 -0.946317 0.306062 -0.103969 0.0231608 -0.256619 -0.966235 -0.322409 -0.916773 0.235755 754.dat
1 0 -86.6274 -78.6473 -177.005 -0.953251 0.286431 -0.0962769 0.0233305 -0.247895 -0.968506 -0.301277 -0.925476 0.229624 754.dat
1 0 -87.3303 -78.039 -174.734 -0.959816 0.266369 -0.0883184 0.0234912 -0.237348 -0.97114 -0.279645 -0.934191 0.221553 754.dat
1 0 -87.9825 -77.4578 -172.446 -0.965986 0.245831 -0.0802354 0.0236422 -0.22502 -0.974067 -0.25751 -0.942833 0.211554 754.dat
1 0 -88.5832 -76.908 -170.142 -0.971733 0.224775 -0.0721702 0.0237828 -0.210943 -0.977208 -0.234876 -0.951304 0.199635 754.dat
1 0 -89.1316 -76.3933 -167.821 -0.97703 0.203177 -0.0642674 0.0239125 -0.195149 -0.980481 -0.211753 -0.959498 0.185809 754.dat
1 0 -89.6267 -75.9178 -165.484 -0.981844 0.181019 -0.0566746 0.0240303 -0.177673 -0.983795 -0.188155 -0.967297 0.170098 754.dat
1 0 -90.0672 -75.4853 -163.129 -0.986147 0.158301 -0.0495423 0.0241356 -0.158557 -0.987055 -0.164107 -0.974577 0.15254 754.dat
1 0 -90.4522 -75.0998 -160.759 -0.989905 0.13504 -0.0430221 0.0242276 -0.137853 -0.990156 -0.139642 -0.981204 0.13319 754.dat
1 0 -90.7804 -74.7648 -158.375 -0.993091 0.111271 -0.0372653 0.0243055 -0.115634 -0.992994 -0.114801 -0.98704 0.11213 754.dat
1 0 -91.0506 -74.484 -155.978 -0.995676 0.0870491 -0.0324184 0.0243688 -0.0919921 -0.995461 -0.0896363 -0.991948 0.0894731 754.dat
1 0 -91.2618 -74.2607 -153.571 -0.997637 0.0624514 -0.0286191 0.0244168 -0.0670451 -0.997451 -0.0642111 -0.995794 0.0653619 754.dat
1 0 -91.4132 -74.0982 -151.157 -0.998955 0.0375764 -0.0259913 0.0244491 -0.0409367 -0.998861 -0.0385977 -0.998455 0.0399753 754.dat
1 0 -91.5042 -73.9991 -148.74 -0.999617 0.0125422 -0.0246392 0.0244653 -0.0138377 -0.999605 -0.0128782 -0.999826 0.0135256 754.dat
0 MLCAD SKIP_END
0
0 FILE fig1.ldr
0 New Model
0 Name: fig1.ldr
0 Author: MLCad
0 Unofficial Model
0 ROTATION CENTER 0 0 0 1 "Custom" 
0 ROTATION CONFIG 0 0
1 0 150 -16.3716 -360 0 0 -1 0 1 0 1 0 0 973p64.dat
1 8 150 -7.12155 -375.5 0.120043 0.696795 -0.707153 0.297713 0.654255 0.69521 0.947078 -0.293984 -0.128906 3818.dat
1 8 150 -7.12155 -344.5 -0.100515 0.626749 -0.772711 -0.289316 0.724671 0.625418 0.951942 0.286422 0.108488 3819.dat
1 0 167.072 -1.13153 -338.051 0 0 -1 -0.173648 0.984808 0 0.984808 0.173648 0 3820.dat
1 0 150 27.6284 -360 0 0 -1 0 1 0 1 0 0 3816.dat
1 0 150 27.6284 -360 0 0 -1 0 1 0 1 0 0 3817.dat
1 0 150 -40.3716 -360 0 0 -1 0 1 0 1 0 0 3626bp64.dat
1 47 150 -40.3716 -360 0 0 -1 0 1 0 1 0 0 2446.dat
1 1 191.222 -16.2903 -379.043 -0.0222481 -0.258818 -0.96567 0.167731 0.951252 -0.258818 0.985582 -0.167731 0.0222482 30035.dat
1 42 168.514 -22.6575 -378.481 -0.022248 -0.96567 0.258818 0.167731 -0.258818 -0.951252 0.985582 0.0222482 0.167731 4073.dat
1 42 171.176 -28.6765 -357.104 0.177437 -0.96567 -0.189732 -0.719725 -0.258818 0.644212 -0.671202 0.0222481 -0.74094 30210.dat
1 0 167.072 -1.12808 -381.95 0 0 -1 0.173648 0.984808 0 0.984808 -0.173648 0 3820.dat
1 8 150 15.6284 -360 0 0 -1 0 1 0 1 0 0 3815.dat
0
0 FILE fig2.ldr
0 New Model
0 Name: fig2.ldr
0 Author: MLCad
0 Unofficial Model
0 ROTATION CENTER 0 0 0 1 "Custom" 
0 ROTATION CONFIG 0 0
1 2 150 -7.1216 -264.5 -0.100515 0.626749 -0.772711 -0.289316 0.724671 0.625418 0.951942 0.286422 0.108488 3819.dat
1 0 167.072 -1.13158 -258.05 0 0 -1 -0.173648 0.984808 0 0.984808 0.173648 0 3820.dat
1 2 150 -7.1216 -295.5 0.120043 0.696795 -0.707153 0.297713 0.654255 0.69521 0.947078 -0.293984 -0.128906 3818.dat
1 0 167.072 -1.12813 -301.95 0 0 -1 0.173648 0.984808 0 0.984808 -0.173648 0 3820.dat
1 8 150 13.8784 -280 0 0 -1 0 1 0 1 0 0 3815.dat
1 0 150 25.8784 -280 0 0 -1 0 1 0 1 0 0 3816.dat
1 0 150 25.8784 -280 0 0 -1 0 1 0 1 0 0 3817.dat
1 0 150 -16.3716 -280 0 0 -1 0 1 0 1 0 0 3838.dat
1 8 150 -44.1216 -280 0 0 -1 0 1 0 1 0 0 3626bp6u.dat
1 34 150 -44.1216 -280 0 0 -1 0 1 0 1 0 0 30214.dat
1 0 150 -18.1216 -280 0 0 -1 0 1 0 1 0 0 973.dat
0
0 FILE cassa.ldr
0 New Model
0 Name: cassa.ldr
0 Author: MLCad
0 Unofficial Model
0 ROTATION CENTER 0 0 0 1 "Custom" 
0 ROTATION CONFIG 0 0
1 0 239.55 7.6284 -120 0 0 -1 0 1 0 1 0 0 2434.dat
1 1 239.55 -24.3716 -90 1 0 0 0 1 0 0 0 1 2432.dat
1 1 239.55 -24.3716 -150 -1 0 0 0 1 0 0 0 -1 2432.dat
1 1 211.55 37.6284 -150 0 1 0 0 0 -1 -1 0 0 2555.dat
1 1 211.55 37.6284 -90 0 1 0 0 0 -1 -1 0 0 2555.dat
1 1 267.55 37.6284 -150 0 -1 0 0 0 -1 1 0 0 2555.dat
1 1 267.55 37.6284 -90 0 -1 0 0 0 -1 1 0 0 2555.dat
1 8 283.55 17.6284 -120 0 -1 0 0 0 1 -1 0 0 3937.dat
1 8 195.55 17.6284 -120 0 1 0 0 0 1 1 0 0 3937.dat
1 0 276.743 8.01188 -120 0 -0.274279 0.96165 0 0.96165 0.274279 -1 0 0 3938.dat
1 42 278.937 0.318679 -120 0 -0.274279 -0.96165 0 0.96165 -0.274279 1 0 0 2412b.dat
1 0 203.134 8.048 -120 0 0.286635 0.95804 0 0.95804 -0.286635 -1 0 0 3938.dat
1 42 200.841 0.383673 -120 0 0.286635 -0.95804 0 0.95804 0.286635 1 0 0 2412b.dat
1 8 206 25.6284 -150 0 -1 0 0 0 1 -1 0 0 3959.dat
1 8 206 23.6284 -90 0 -1 0 0 0 1 -1 0 0 3959.dat
1 8 274 27.6284 -150 0 1 0 0 0 1 1 0 0 3959.dat
1 8 274 23.6284 -90 0 1 0 0 0 1 1 0 0 3959.dat
1 42 239.55 -16.3716 -120 1 0 0 0 1 0 0 0 1 30213.dat
0
0 FILE tender.ldr
0 New Model
0 Name: tender.ldr
0 Author: MLCad
0 Unofficial Model
0 ROTATION CENTER 0 0 0 1 "Custom" 
0 ROTATION CONFIG 0 0
1 0 -20.09 -93.875 40.105 1 0 0 0 1 0 0 0 1 2342.dat
1 1 -20 -136.097 30.9156 1 0 0 0 0.939693 -0.34202 0 0.34202 0.939693 2555.dat
1 8 -20 -56 40 -1 0 0 0 1 0 0 0 -1 4590.dat
1 8 -20 -72 80 1 0 0 0 1 0 0 0 1 4598.dat
1 0 0.500016 -118 39 0 0 -1 1 0 0 0 -1 0 4593.dat
1 0 0.500016 -118 39 0 -1 0 1 0 0 0 0 1 4592.dat
1 0 -38 -120.01 39.98 0 1 0 1 0 0 0 0 -1 4592.dat
1 1 -20 -64 70 0 0 -1 0 1 0 1 0 0 3020.dat
1 8 -20 -56 80 1 0 0 0 1 0 0 0 1 4590.dat
1 8 -20 -56 100 1 0 0 0 1 0 0 0 1 4590.dat
1 0 -20 -88 40 -1 0 0 0 1 0 0 0 -1 3938.dat
1 0 -37.975 -117.875 39.875 0 0 -1 1 0 0 0 -1 0 4593.dat
1 8 -20 -88 40 1 0 0 0 1 0 0 0 1 3937.dat
0 
0 
0
0
