0 FILE 6956 - Stellar Recon Voyager.ldr
0 Stellar Recon Voyager
0 Name: 6956 - Stellar Recon Voyager.ldr
0 Author: Damien Roux [Darats]
0 !LDRAW_ORG Model
0 !LICENSE Redistributable under CCAL version 2.0 : see CAreadme.txt

0 !THEME Space / M:Tron

1 0 0 0 0 1 0 0 0 1 0 0 0 1 6956 - Spaceship + Minifig.ldr
1 0 -250 24 260 0.382683 0 -0.92388 0 1 0 0.92388 0 0.382683 6956 - Vehicle + Minifig.ldr

0 FILE 6956 - Vehicle.ldr
0 Vehicle
0 Name: 6956 - Vehicle.ldr
0 Author: Damien Roux [Darats]
0 !LDRAW_ORG Model
0 !LICENSE Redistributable under CCAL version 2.0 : see CAreadme.txt

0 !THEME Space / M:Tron

1 0 0 0 0 1 0 0 0 1 0 0 0 1 4600.dat
1 0 0 0 80 1 0 0 0 1 0 0 0 1 4600.dat
1 0 0 -8 40 0 0 1 0 1 0 -1 0 0 3034.dat
1 0 0 -16 70 -1 0 0 0 1 0 0 0 -1 3023.dat
1 0 0 -16 100 -1 0 0 0 1 0 0 0 -1 2460.dat
1 0 0 -24 70 -1 0 0 0 1 0 0 0 -1 3839b.dat
1 0 0 -32 -10 -1 0 0 0 1 0 0 0 -1 3298.dat
1 0 0 -40 -10 -1 0 0 0 1 0 0 0 -1 3829c01.dat
1 0 0 -56 70 1 0 0 0 1 0 0 0 1 2432.dat
1 4 0 -26 110 1 0 0 0 0 1 0 -1 0 2607.dat
1 0 0 -52.5 101 1 0 0 0 0.422618 0.906308 0 -0.906308 0.422618 2959c01.dat
1 7 30 5 80 0 0 -1 0 1 0 1 0 0 4624.dat
1 256 30 5 80 0 0 -1 0 1 0 1 0 0 3641.dat
1 7 30 5 0 0 0 -1 0 1 0 1 0 0 4624.dat
1 256 30 5 0 0 0 -1 0 1 0 1 0 0 3641.dat
1 7 -30 5 0 0 0 1 0 1 0 -1 0 0 4624.dat
1 256 -30 5 0 0 0 1 0 1 0 -1 0 0 3641.dat
1 7 -30 5 80 0 0 1 0 1 0 -1 0 0 4624.dat
1 256 -30 5 80 0 0 1 0 1 0 -1 0 0 3641.dat


0 FILE 6956 - Vehicle + Minifig.ldr
0 Vehicle + Minifig
0 Name: 6956 - Vehicle + Minifig.ldr
0 Author: Damien Roux [Darats]
0 !LDRAW_ORG Model
0 !LICENSE Redistributable under CCAL version 2.0 : see CAreadme.txt

0 !THEME Space / M:Tron

1 0 0 0 0 1 0 0 0 1 0 0 0 1 6956 - Vehicle.ldr
1 0 0 -80 -31 -1 0 0 0 1 0 0 0 -1 6956 - Minifig 1.ldr

0 FILE 6956 - Spaceship.ldr
0 Spaceship
0 Name: 6956 - Spaceship.ldr
0 Author: Damien Roux [Darats]
0 !LDRAW_ORG Model
0 !LICENSE Redistributable under CCAL version 2.0 : see CAreadme.txt

0 !THEME Space / M:Tron

1 4 0 0 0 1 0 0 0 1 0 0 0 1 3023.dat
1 4 0 0 -30 1 0 0 0 1 0 0 0 1 3795.dat
1 4 0 0 130 1 0 0 0 1 0 0 0 1 3832.dat
1 4 0 0 290 1 0 0 0 1 0 0 0 1 3795.dat
1 0 0 0 390 1 0 0 0 1 0 0 0 1 3035.dat
1 4 0 -8 -20 0 0 1 0 1 0 -1 0 0 3021.dat
1 0 -80 -8 50 1 0 0 0 1 0 0 0 1 3934.dat
1 0 -80 -8 210 -1 0 0 0 1 0 0 0 -1 3933.dat
1 0 80 -8 210 -1 0 0 0 1 0 0 0 -1 3934.dat
1 0 80 -8 50 1 0 0 0 1 0 0 0 1 3933.dat
1 4 -60 -8 330 0 0 -1 0 1 0 1 0 0 3020.dat
1 4 60 -8 330 0 0 -1 0 1 0 1 0 0 3020.dat
1 0 -40 -8 -90 0 0 -1 0 1 0 1 0 0 3795.dat
1 0 40 -8 -90 0 0 -1 0 1 0 1 0 0 3795.dat
1 4 0 -8 430 1 0 0 0 1 0 0 0 1 3034.dat
1 0 0 -8 390 1 0 0 0 1 0 0 0 1 4282.dat
1 4 0 -8 250 0 0 1 0 1 0 -1 0 0 2445.dat
1 0 0 -16 110 0 0 1 0 1 0 -1 0 0 3027.dat
1 0 0 -16 310 -1 0 0 0 1 0 0 0 -1 3035.dat
1 0 0 -16 390 -1 0 0 0 1 0 0 0 -1 3035.dat
1 0 0 -16 440 -1 0 0 0 1 0 0 0 -1 3710.dat
1 4 70 -16 130 0 0 -1 0 1 0 1 0 0 3023.dat
1 4 -70 -16 130 0 0 -1 0 1 0 1 0 0 3023.dat
1 4 90 -16 130 0 0 -1 0 1 0 1 0 0 2412b.dat
1 4 -90 -16 130 0 0 -1 0 1 0 1 0 0 2412b.dat
1 0 120 0 390 1 0 0 0 1 0 0 0 1 3020.dat
1 0 -120 0 390 1 0 0 0 1 0 0 0 1 3020.dat
1 0 40 8 -30 1 0 0 0 1 0 0 0 1 4229.dat
1 0 60 8 130 1 0 0 0 1 0 0 0 1 4229.dat
1 0 -60 8 130 1 0 0 0 1 0 0 0 1 4229.dat
1 0 0 8 290 1 0 0 0 1 0 0 0 1 4229.dat
1 0 140 8 390 1 0 0 0 1 0 0 0 1 4229.dat
1 0 80 8 390 1 0 0 0 1 0 0 0 1 4229.dat
1 0 -80 8 390 1 0 0 0 1 0 0 0 1 4229.dat
1 0 -140 8 390 1 0 0 0 1 0 0 0 1 4229.dat
1 0 -40 8 -30 1 0 0 0 1 0 0 0 1 4229.dat
1 0 0 8 -20 0 0 1 0 1 0 -1 0 0 3002.dat
1 0 0 32 -20 0 0 1 0 1 0 -1 0 0 3021.dat
1 0 0 40 -50 0 0 1 0 1 0 -1 0 0 3795.dat
1 15 0 32 -100 -1 0 0 0 1 0 0 0 -1 3069bp13.dat
1 0 70 -16 440 0 0 -1 0 1 0 1 0 0 2420.dat
1 0 -70 -16 440 1 0 0 0 1 0 0 0 1 2420.dat
1 0 0 -40 350 0 0 1 0 1 0 -1 0 0 3001.dat
1 0 0 -40 250 0 0 1 0 1 0 -1 0 0 3003.dat
1 4 50 -40 150 0 0 1 0 1 0 -1 0 0 2465.dat
1 4 -50 -40 150 0 0 1 0 1 0 -1 0 0 2465.dat
1 4 10 -40 0 1 0 0 0 1 0 0 0 1 2357.dat
1 4 -10 -40 0 0 0 -1 0 1 0 1 0 0 2357.dat
1 4 0 -40 -30 0 0 1 0 1 0 -1 0 0 4730.dat
1 0 70 -40 130 0 0 -1 0 1 0 1 0 0 2458.dat
1 0 -70 -40 130 0 0 1 0 1 0 -1 0 0 2458.dat
1 0 50 -40 -50 0 0 1 0 1 0 -1 0 0 2744.dat
1 0 -50 -40 -50 0 0 1 0 1 0 -1 0 0 2744.dat
1 0 130 -32 390 0 0 1 0 1 0 -1 0 0 3298.dat
1 0 -130 -32 390 0 0 -1 0 1 0 1 0 0 3298.dat
1 0 150 -32 390 0 0 -1 0 1 0 1 0 0 3747a.dat
1 0 -150 -32 390 0 0 1 0 1 0 -1 0 0 3747a.dat
1 0 0 -24 40 1 0 0 0 1 0 0 0 1 3829c01.dat
1 0 50 -16 -140 0 0 -1 0 1 0 1 0 0 6019.dat
1 0 -50 -16 -140 0 0 1 0 1 0 -1 0 0 6019.dat
1 42 60 -30 -30 0 1 0 0 0 -1 -1 0 0 6141.dat
1 42 -60 -30 -30 0 -1 0 0 0 -1 1 0 0 6141.dat
1 4 0 -48 -20 0 0 1 0 1 0 -1 0 0 3021.dat
1 0 30 -48 0 0 0 1 0 1 0 -1 0 0 3070b.dat
1 0 -30 -48 0 0 0 1 0 1 0 -1 0 0 3070b.dat
1 15 0 -48 20 -1 0 0 0 1 0 0 0 -1 3069bp68.dat
1 4 50 -64 130 0 0 -1 0 1 0 1 0 0 3039p68.dat
1 4 -50 -64 130 0 0 1 0 1 0 -1 0 0 3039p68.dat
1 4 50 -64 160 0 0 -1 0 1 0 1 0 0 4070.dat
1 4 -50 -64 160 0 0 1 0 1 0 -1 0 0 4070.dat
1 4 0 -46 400 1 0 0 0 1 0 0 0 1 3324d.dat
1 0 0 -46 400 1 0 0 0 1 0 0 0 1 6956 - Spaceship - Crane + Box 1.ldr
1 0 200 -152 390 0 0 1 0 1 0 -1 0 0 4476.dat
1 0 -200 -152 390 0 0 -1 0 1 0 1 0 0 4476.dat
1 4 0 -56 240 1 0 0 0 1 0 0 0 1 3023.dat
1 4 0 -64 240 1 0 0 0 1 0 0 0 1 3023.dat
1 4 50 -64 270 0 0 1 0 1 0 -1 0 0 3010.dat
1 4 -50 -64 270 0 0 1 0 1 0 -1 0 0 3010.dat
1 4 0 -40 -60 1 0 0 0 1 0 0 0 1 2607.dat
1 0 0 -31 -86.5 1 0 0 0 0.382683 0.92388 0 -0.92388 0.382683 2959c01.dat
1 4 0 -56 -30 1 0 0 0 1 0 0 0 1 4859.dat
1 4 50 -64 -10 0 0 1 0 1 0 -1 0 0 3633.dat
1 4 50 -64 70 0 0 1 0 1 0 -1 0 0 3633.dat
1 4 -50 -64 70 0 0 -1 0 1 0 1 0 0 3633.dat
1 4 -50 -64 -10 0 0 -1 0 1 0 1 0 0 3633.dat
1 4 50 -88 160 1 0 0 0 1 0 0 0 1 4286.dat
1 4 -50 -88 160 1 0 0 0 1 0 0 0 1 4286.dat
1 0 -50 -88 220 -1 0 0 0 1 0 0 0 -1 3189.dat
1 0 50 -88 220 -1 0 0 0 1 0 0 0 -1 3188.dat
1 4 0 -88 240 -1 0 0 0 1 0 0 0 -1 3009.dat
1 4 50 -88 280 0 0 -1 0 1 0 1 0 0 3622.dat
1 4 -50 -88 280 0 0 -1 0 1 0 1 0 0 3622.dat
1 4 200 -160 390 0 0 -1 0 1 0 1 0 0 3022.dat
1 4 -200 -160 390 0 0 -1 0 1 0 1 0 0 3022.dat
1 4 90 -40 130 0 0 -1 0 1 0 1 0 0 2607.dat
1 0 116.5 -31 130 0 -1 0 0 0 -1 1 0 0 2959c01.dat
1 4 -90 -40 130 0 0 1 0 1 0 -1 0 0 2607.dat
1 0 -116.5 -31 130 0 1 0 0 0 -1 -1 0 0 2959c01.dat
1 4 0 -96 240 -1 0 0 0 1 0 0 0 -1 3710.dat
1 4 0 -104 240 -1 0 0 0 1 0 0 0 -1 3710.dat
1 4 0 -112 240 1 0 0 0 1 0 0 0 1 4315.dat
1 42 0 -108 226 1 0 0 0 1 0 0 0 1 2337.dat
1 42 0 -108 146 1 0 0 0 1 0 0 0 1 2507.dat
1 4 50 -112 230 0 0 1 0 1 0 -1 0 0 3008.dat
1 4 -50 -112 230 0 0 1 0 1 0 -1 0 0 3008.dat
1 0 200 -140 410 -1 0 0 0 0 1 0 1 0 3956.dat
1 7 200 -140 418 -1 0 0 0 0 1 0 1 0 4591.dat
1 42 200 -140 466 -1 0 0 0 0 1 0 1 0 4589.dat
1 0 -200 -140 410 -1 0 0 0 0 1 0 1 0 3956.dat
1 7 -200 -140 418 -1 0 0 0 0 1 0 1 0 4591.dat
1 42 -200 -140 466 -1 0 0 0 0 1 0 1 0 4589.dat
1 7 90 -50 134 1 0 0 0 0 1 0 -1 0 4599a.dat
1 7 -90 -50 134 1 0 0 0 0 1 0 -1 0 4599a.dat
1 0 116.5 -0.5 130 0 0 -1 0 1 0 1 0 0 6956 - Spaceship - Box 2.ldr
1 0 -116.5 -0.5 130 0 0 1 0 1 0 -1 0 0 6956 - Spaceship - Box 2.ldr
1 0 118.284 -78.284 118 0.707107 0 0.707107 0.707107 0 -0.707107 0 1 0 6956 - Spaceship - Lamp.ldr
1 0 -118.284 -78.284 118 0.707107 0 -0.707107 -0.707107 0 -0.707107 0 1 0 6956 - Spaceship - Lamp.ldr
1 42 90 -50 110 1 0 0 0 0 1 0 -1 0 4740.dat
1 42 -90 -50 110 1 0 0 0 0 1 0 -1 0 4740.dat
1 4 70 -160 350 0 0 -1 0 1 0 1 0 0 4741.dat
1 4 70 -160 430 0 0 -1 0 1 0 1 0 0 4741.dat
1 4 -70 -160 430 0 0 1 0 1 0 -1 0 0 4741.dat
1 4 -70 -160 350 0 0 1 0 1 0 -1 0 0 4741.dat
1 4 0 -136 290 -1 0 0 0 1 0 0 0 -1 2456.dat
1 4 0 -136 250 -1 0 0 0 1 0 0 0 -1 2456.dat
1 4 0 -160 300 1 0 0 0 1 0 0 0 1 3939p68.dat
1 0 70 -160 300 1 0 0 0 1 0 0 0 1 4737.dat
1 0 -70 -160 300 0 0 1 0 1 0 -1 0 0 4737.dat
1 0 0 -168 340 -1 0 0 0 1 0 0 0 -1 3460.dat
1 4 50 -144 240 1 0 0 0 1 0 0 0 1 4085c.dat
1 4 -50 -144 240 1 0 0 0 1 0 0 0 1 4085c.dat
1 0 0 -168 310 1 0 0 0 1 0 0 0 1 3034.dat
1 0 60 -168 410 0 0 1 0 1 0 -1 0 0 3795.dat
1 0 -60 -168 410 0 0 1 0 1 0 -1 0 0 3795.dat
1 0 -40 -176 370 0 0 1 0 1 0 -1 0 0 3795.dat
1 0 40 -176 370 0 0 1 0 1 0 -1 0 0 3795.dat
1 0 60 -176 450 0 0 1 0 1 0 -1 0 0 3176.dat
1 0 -60 -176 450 0 0 -1 0 1 0 1 0 0 3176.dat
1 0 -180 -176 380 1 0 0 0 1 0 0 0 1 3585.dat
1 0 180 -176 380 1 0 0 0 1 0 0 0 1 3586.dat
1 0 0 -184 320 1 0 0 0 1 0 0 0 1 3460.dat
1 4 200 -184 410 1 0 0 0 1 0 0 0 1 3068bp68.dat
1 4 -200 -184 410 1 0 0 0 1 0 0 0 1 3068bp68.dat
1 0 70 -248 470 1 0 0 0 1 0 0 0 1 2340.dat
1 0 -70 -248 470 1 0 0 0 1 0 0 0 1 2340.dat
1 7 70 -256 470 0 0 1 0 1 0 -1 0 0 3475b.dat
1 7 -70 -256 470 0 0 -1 0 1 0 1 0 0 3475b.dat
1 0 0 -264 470 1 0 0 0 1 0 0 0 1 3034.dat
1 7 30 -192 300 1 0 0 0 1 0 0 0 1 3963.dat
1 7 -30 -192 300 1 0 0 0 1 0 0 0 1 3963.dat
1 7 50 -200 320 1 0 0 0 1 0 0 0 1 752.dat
1 7 -50 -200 320 1 0 0 0 1 0 0 0 1 752.dat
1 7 70 -192 380 1 0 0 0 1 0 0 0 1 752.dat
1 7 -70 -192 380 1 0 0 0 1 0 0 0 1 752.dat
1 42 50 -120 220 1 0 0 0 1 0 0 0 1 2569.dat
1 42 -50 -120 220 1 0 0 0 1 0 0 0 1 2569.dat
1 42 -70 -14 -130 1 0 0 0 0 -1 0 1 0 2569.dat
1 42 70 -14 -130 1 0 0 0 0 -1 0 1 0 2569.dat
1 42 100 -252 430 -1 0 0 0 0 -1 0 -1 0 3960.dat
1 42 -100 -252 430 -1 0 0 0 0 -1 0 -1 0 3960.dat
1 42 100 -252 510 -1 0 0 0 0 1 0 1 0 4588.dat
1 42 -100 -252 510 -1 0 0 0 0 1 0 1 0 4588.dat
1 42 70 -192 320 1 0 0 0 1 0 0 0 1 6141.dat
1 42 -70 -192 320 1 0 0 0 1 0 0 0 1 6141.dat
0 MLCAD BTG Hose 1
1 375 50 -200 320 1 0 0 0 -1 0 0 0 -1 755.dat
0 MLCAD BTG Hose 1
1 375 70 -192 380 1 0 0 0 -1 0 0 0 -1 755.dat
0 MLCAD BTG Hose 1
1 375 49.9995 -206.961 320.126 0.9998 0.0002 0.02 -0.0004 -0.9996 0.0288 -0.02 0.0288 0.9994 756.dat
0 MLCAD BTG Hose 1
1 375 50.005 -209.574 320.255 0.9994 0.0018 0.0332 0.0003 -0.9989 0.0467 -0.0332 0.0467 0.9984 756.dat
0 MLCAD BTG Hose 1
1 375 50.0183 -212.183 320.44 0.9989 0.0047 0.0463 0.0015 -0.9977 0.0678 -0.0465 0.0677 0.9966 756.dat
0 MLCAD BTG Hose 1
1 375 50.0436 -214.801 320.691 0.9982 0.009 0.0594 0.0035 -0.9957 0.0926 -0.0599 0.0922 0.9939 756.dat
0 MLCAD BTG Hose 1
1 375 50.0853 -217.391 321.018 0.9973 0.015 0.0722 0.0062 -0.9926 0.1215 -0.0735 0.1207 0.99 756.dat
0 MLCAD BTG Hose 1
1 375 50.1491 -219.977 321.435 0.9961 0.0232 0.0847 0.0097 -0.9878 0.1557 -0.0873 0.1542 0.9842 756.dat
0 MLCAD BTG Hose 1
1 375 50.2418 -222.549 321.957 0.9947 0.0338 0.0967 0.0143 -0.9805 0.1959 -0.1014 0.1935 0.9758 756.dat
0 MLCAD BTG Hose 1
1 375 50.3711 -225.094 322.603 0.993 0.0473 0.1079 0.0198 -0.9698 0.2431 -0.1162 0.2392 0.964 756.dat
0 MLCAD BTG Hose 1
1 375 50.5455 -227.575 323.387 0.991 0.0643 0.1178 0.0265 -0.9541 0.2983 -0.1316 0.2925 0.9472 756.dat
0 MLCAD BTG Hose 1
1 375 50.7777 -230.016 324.341 0.9884 0.0853 0.1259 0.0342 -0.9313 0.3626 -0.1482 0.3541 0.9234 756.dat
0 MLCAD BTG Hose 1
1 375 51.077 -232.354 325.476 0.9852 0.1107 0.1311 0.043 -0.8989 0.436 -0.1661 0.4239 0.8904 756.dat
0 MLCAD BTG Hose 1
1 375 51.4569 -234.581 326.82 0.9812 0.1404 0.1325 0.0523 -0.8542 0.5174 -0.1858 0.5007 0.8454 756.dat
0 MLCAD BTG Hose 1
1 375 51.9224 -236.63 328.368 0.9763 0.1736 0.1291 0.0614 -0.7947 0.6039 -0.2074 0.5817 0.7865 756.dat
0 MLCAD BTG Hose 1
1 375 52.4832 -238.487 330.135 0.9705 0.2089 0.1202 0.0693 -0.7196 0.691 -0.2308 0.6623 0.7128 756.dat
0 MLCAD BTG Hose 1
1 375 53.1365 -240.113 332.096 0.964 0.2437 0.1062 0.0746 -0.6313 0.7719 -0.2552 0.7363 0.6268 756.dat
0 MLCAD BTG Hose 1
1 375 53.8696 -241.474 334.208 0.9572 0.2758 0.0884 0.0765 -0.5351 0.8413 -0.2793 0.7985 0.5333 756.dat
0 MLCAD BTG Hose 1
1 375 54.6765 -242.587 336.449 0.9504 0.3033 0.069 0.0745 -0.4375 0.8961 -0.302 0.8465 0.4384 756.dat
0 MLCAD BTG Hose 1
1 375 55.5367 -243.452 338.764 0.9442 0.3257 0.05 0.0692 -0.3446 0.9362 -0.3221 0.8805 0.3479 756.dat
0 MLCAD BTG Hose 1
1 375 56.4424 -244.1 341.137 0.9387 0.3432 0.033 0.0611 -0.2597 0.9637 -0.3393 0.9026 0.2648 756.dat
0 MLCAD BTG Hose 1
1 375 57.3815 -244.554 343.54 0.934 0.3567 0.0185 0.051 -0.1846 0.9815 -0.3536 0.9158 0.1906 756.dat
0 MLCAD BTG Hose 1
1 375 58.3481 -244.843 345.962 0.9302 0.3671 0.0071 0.0395 -0.1192 0.9921 -0.365 0.9225 0.1254 756.dat
0 MLCAD BTG Hose 1
1 375 59.332 -244.985 348.382 0.927 0.375 -0.0017 0.0271 -0.0627 0.9977 -0.374 0.9249 0.0683 756.dat
0 MLCAD BTG Hose 1
1 375 60.3349 -245.003 350.811 0.9246 0.3809 -0.0078 0.0142 -0.0138 0.9998 -0.3807 0.9245 0.0182 756.dat
0 MLCAD BTG Hose 1
1 375 61.3253 -244.888 353.23 0.9253 0.3789 -0.0148 0.001 0.0366 0.9993 -0.3792 0.9247 -0.0335 756.dat
0 MLCAD BTG Hose 1
1 375 62.2937 -244.614 355.642 0.928 0.3718 -0.0249 -0.0117 0.096 0.9953 -0.3724 0.9233 -0.0935 756.dat
0 MLCAD BTG Hose 1
1 375 63.244 -244.157 358.055 0.9313 0.3623 -0.0377 -0.0239 0.164 0.9862 -0.3635 0.9175 -0.1613 756.dat
0 MLCAD BTG Hose 1
1 375 64.1515 -243.499 360.412 0.9353 0.3497 -0.0533 -0.0348 0.2408 0.97 -0.352 0.9054 -0.2374 756.dat
0 MLCAD BTG Hose 1
1 375 65.0195 -242.611 362.725 0.9402 0.3332 -0.0712 -0.0441 0.3262 0.9443 -0.3379 0.8846 -0.3214 756.dat
0 MLCAD BTG Hose 1
1 375 65.8271 -241.481 364.941 0.9457 0.3122 -0.0907 -0.0512 0.4187 0.9067 -0.321 0.8528 -0.4119 756.dat
0 MLCAD BTG Hose 1
1 375 66.5709 -240.093 367.051 0.9517 0.2864 -0.1104 -0.0555 0.5144 0.8558 -0.3019 0.8083 -0.5055 756.dat
0 MLCAD BTG Hose 1
1 375 67.2305 -238.466 368.995 0.958 0.2565 -0.1283 -0.0568 0.6081 0.7919 -0.2811 0.7513 -0.5971 756.dat
0 MLCAD BTG Hose 1
1 375 67.8054 -236.613 370.763 0.9641 0.2239 -0.1428 -0.055 0.6944 0.7175 -0.2598 0.6839 -0.6818 756.dat
0 MLCAD BTG Hose 1
1 375 68.2924 -234.569 372.335 0.9698 0.1906 -0.1525 -0.0509 0.7689 0.6374 -0.2387 0.6103 -0.7553 756.dat
0 MLCAD BTG Hose 1
1 375 68.6943 -232.377 373.704 0.9748 0.1586 -0.1572 -0.0452 0.8297 0.5564 -0.2187 0.5352 -0.8159 756.dat
0 MLCAD BTG Hose 1
1 375 69.0228 -230.057 374.893 0.9791 0.1292 -0.1572 -0.0389 0.877 0.479 -0.1998 0.4628 -0.8636 756.dat
0 MLCAD BTG Hose 1
1 375 69.2827 -227.661 375.899 0.9827 0.1034 -0.1535 -0.0324 0.9125 0.4078 -0.1822 0.3958 -0.9001 756.dat
0 MLCAD BTG Hose 1
1 375 69.4878 -225.187 376.757 0.9858 0.0813 -0.1468 -0.0262 0.9386 0.3439 -0.1657 0.3352 -0.9275 756.dat
0 MLCAD BTG Hose 1
1 375 69.6454 -222.67 377.475 0.9884 0.0628 -0.138 -0.0206 0.9575 0.2878 -0.1502 0.2816 -0.9477 756.dat
0 MLCAD BTG Hose 1
1 375 69.7636 -220.127 378.07 0.9907 0.0475 -0.1277 -0.0157 0.9709 0.2389 -0.1353 0.2346 -0.9626 756.dat
0 MLCAD BTG Hose 1
1 375 69.8504 -217.556 378.561 0.9926 0.035 -0.1164 -0.0115 0.9805 0.1964 -0.121 0.1936 -0.9736 756.dat
0 MLCAD BTG Hose 1
1 375 69.9118 -214.969 378.96 0.9942 0.0249 -0.1044 -0.008 0.9872 0.1594 -0.107 0.1577 -0.9817 756.dat
0 MLCAD BTG Hose 1
1 375 69.9534 -212.357 379.281 0.9956 0.0169 -0.0919 -0.0051 0.9918 0.1275 -0.0933 0.1265 -0.9876 756.dat
0 MLCAD BTG Hose 1
1 375 69.9792 -209.76 379.53 0.9968 0.0108 -0.0791 -0.0028 0.995 0.0998 -0.0798 0.0992 -0.9919 756.dat
0 MLCAD BTG Hose 1
1 375 69.9937 -207.134 379.72 0.9978 0.0062 -0.0661 -0.0012 0.9971 0.0757 -0.0664 0.0755 -0.9949 756.dat
0 MLCAD BTG Hose 1
1 375 70.0001 -204.53 379.854 0.9986 0.0029 -0.0531 0 0.9985 0.0547 -0.0531 0.0547 -0.9971 756.dat
0 MLCAD BTG Hose 1
1 375 70.0015 -201.902 379.943 0.9992 0.0008 -0.0398 0.0006 0.9993 0.0364 -0.0398 0.0364 -0.9985 756.dat
0 MLCAD BTG Hose 1
1 375 70.0006 -199.285 379.991 0.9996 -0.0002 -0.0266 0.0007 0.9998 0.0205 -0.0266 0.0205 -0.9994 756.dat
0 MLCAD BTG Hose 1
1 375 69.9999 -196.661 380.002 0.9999 -0.0003 -0.0134 0.0003 1 0.0064 -0.0134 0.0064 -0.9999 756.dat
0 GROUP 50 Hose 1
0 MLCAD BTG Hose 2
1 375 -50 -200 320 -1 0 0 0 -1 0 0 0 -1 755.dat
0 MLCAD BTG Hose 2
1 375 -70 -192 380 -1 0 0 0 -1 0 0 0 -1 755.dat
0 MLCAD BTG Hose 2
1 375 -50 -206.961 320.126 -0.9998 -0.0002 -0.02 -0.0004 -0.9996 0.0288 -0.02 0.0288 0.9994 756.dat
0 MLCAD BTG Hose 2
1 375 -50.005 -209.574 320.255 -0.9994 -0.0018 -0.0332 0.0003 -0.9989 0.0467 -0.0332 0.0467 0.9984 756.dat
0 MLCAD BTG Hose 2
1 375 -50.018 -212.183 320.44 -0.9989 -0.0047 -0.0463 0.0015 -0.9977 0.0678 -0.0465 0.0677 0.9966 756.dat
0 MLCAD BTG Hose 2
1 375 -50.044 -214.801 320.691 -0.9982 -0.009 -0.0594 0.0035 -0.9957 0.0926 -0.0599 0.0922 0.9939 756.dat
0 MLCAD BTG Hose 2
1 375 -50.085 -217.391 321.018 -0.9973 -0.015 -0.0722 0.0062 -0.9926 0.1215 -0.0735 0.1207 0.99 756.dat
0 MLCAD BTG Hose 2
1 375 -50.149 -219.977 321.435 -0.9961 -0.0232 -0.0847 0.0097 -0.9878 0.1557 -0.0873 0.1542 0.9842 756.dat
0 MLCAD BTG Hose 2
1 375 -50.242 -222.55 321.958 -0.9947 -0.0338 -0.0967 0.0143 -0.9805 0.1959 -0.1014 0.1935 0.9758 756.dat
0 MLCAD BTG Hose 2
1 375 -50.371 -225.094 322.603 -0.993 -0.0473 -0.1079 0.0198 -0.9698 0.2431 -0.1162 0.2392 0.964 756.dat
0 MLCAD BTG Hose 2
1 375 -50.546 -227.575 323.387 -0.991 -0.0643 -0.1178 0.0265 -0.9541 0.2983 -0.1316 0.2925 0.9472 756.dat
0 MLCAD BTG Hose 2
1 375 -50.778 -230.016 324.341 -0.9884 -0.0853 -0.1259 0.0342 -0.9313 0.3626 -0.1482 0.3541 0.9234 756.dat
0 MLCAD BTG Hose 2
1 375 -51.077 -232.354 325.476 -0.9852 -0.1107 -0.1311 0.043 -0.8989 0.436 -0.1661 0.4239 0.8904 756.dat
0 MLCAD BTG Hose 2
1 375 -51.457 -234.581 326.82 -0.9812 -0.1404 -0.1325 0.0523 -0.8542 0.5174 -0.1858 0.5007 0.8454 756.dat
0 MLCAD BTG Hose 2
1 375 -51.922 -236.63 328.368 -0.9763 -0.1736 -0.1291 0.0614 -0.7947 0.6039 -0.2074 0.5817 0.7865 756.dat
0 MLCAD BTG Hose 2
1 375 -52.483 -238.487 330.135 -0.9705 -0.2089 -0.1202 0.0693 -0.7196 0.691 -0.2308 0.6623 0.7128 756.dat
0 MLCAD BTG Hose 2
1 375 -53.137 -240.113 332.096 -0.964 -0.2437 -0.1062 0.0746 -0.6313 0.7719 -0.2552 0.7363 0.6268 756.dat
0 MLCAD BTG Hose 2
1 375 -53.87 -241.474 334.208 -0.9572 -0.2758 -0.0884 0.0765 -0.5351 0.8413 -0.2793 0.7985 0.5333 756.dat
0 MLCAD BTG Hose 2
1 375 -54.677 -242.587 336.449 -0.9504 -0.3033 -0.069 0.0745 -0.4375 0.8961 -0.302 0.8465 0.4384 756.dat
0 MLCAD BTG Hose 2
1 375 -55.537 -243.452 338.764 -0.9442 -0.3257 -0.05 0.0692 -0.3446 0.9362 -0.3221 0.8805 0.3479 756.dat
0 MLCAD BTG Hose 2
1 375 -56.442 -244.1 341.137 -0.9387 -0.3432 -0.033 0.0611 -0.2597 0.9637 -0.3393 0.9026 0.2648 756.dat
0 MLCAD BTG Hose 2
1 375 -57.382 -244.554 343.54 -0.934 -0.3567 -0.0185 0.051 -0.1846 0.9815 -0.3536 0.9158 0.1906 756.dat
0 MLCAD BTG Hose 2
1 375 -58.348 -244.843 345.962 -0.9302 -0.3671 -0.0071 0.0395 -0.1192 0.9921 -0.365 0.9225 0.1254 756.dat
0 MLCAD BTG Hose 2
1 375 -59.332 -244.985 348.382 -0.927 -0.375 0.0017 0.0271 -0.0627 0.9977 -0.374 0.9249 0.0683 756.dat
0 MLCAD BTG Hose 2
1 375 -60.335 -245.003 350.811 -0.9246 -0.3809 0.0078 0.0142 -0.0138 0.9998 -0.3807 0.9245 0.0182 756.dat
0 MLCAD BTG Hose 2
1 375 -61.325 -244.888 353.23 -0.9253 -0.3789 0.0148 0.001 0.0366 0.9993 -0.3792 0.9247 -0.0335 756.dat
0 MLCAD BTG Hose 2
1 375 -62.294 -244.614 355.642 -0.928 -0.3718 0.0249 -0.0117 0.096 0.9953 -0.3724 0.9233 -0.0935 756.dat
0 MLCAD BTG Hose 2
1 375 -63.244 -244.157 358.055 -0.9313 -0.3623 0.0377 -0.0239 0.164 0.9862 -0.3635 0.9175 -0.1613 756.dat
0 MLCAD BTG Hose 2
1 375 -64.152 -243.499 360.412 -0.9353 -0.3497 0.0533 -0.0348 0.2408 0.97 -0.352 0.9054 -0.2374 756.dat
0 MLCAD BTG Hose 2
1 375 -65.019 -242.611 362.725 -0.9402 -0.3332 0.0712 -0.0441 0.3262 0.9443 -0.3379 0.8846 -0.3214 756.dat
0 MLCAD BTG Hose 2
1 375 -65.827 -241.481 364.941 -0.9457 -0.3122 0.0907 -0.0512 0.4187 0.9067 -0.321 0.8528 -0.4119 756.dat
0 MLCAD BTG Hose 2
1 375 -66.571 -240.093 367.051 -0.9517 -0.2864 0.1104 -0.0555 0.5144 0.8558 -0.3019 0.8083 -0.5055 756.dat
0 MLCAD BTG Hose 2
1 375 -67.231 -238.466 368.995 -0.958 -0.2565 0.1283 -0.0568 0.6081 0.7919 -0.2811 0.7513 -0.5971 756.dat
0 MLCAD BTG Hose 2
1 375 -67.805 -236.613 370.763 -0.9641 -0.2239 0.1428 -0.055 0.6944 0.7175 -0.2598 0.6839 -0.6818 756.dat
0 MLCAD BTG Hose 2
1 375 -68.292 -234.569 372.335 -0.9698 -0.1906 0.1525 -0.0509 0.7689 0.6374 -0.2387 0.6103 -0.7553 756.dat
0 MLCAD BTG Hose 2
1 375 -68.694 -232.377 373.704 -0.9748 -0.1586 0.1572 -0.0452 0.8297 0.5564 -0.2187 0.5352 -0.8159 756.dat
0 MLCAD BTG Hose 2
1 375 -69.023 -230.057 374.893 -0.9791 -0.1292 0.1572 -0.0389 0.877 0.479 -0.1998 0.4628 -0.8636 756.dat
0 MLCAD BTG Hose 2
1 375 -69.283 -227.661 375.899 -0.9827 -0.1034 0.1535 -0.0324 0.9125 0.4078 -0.1822 0.3958 -0.9001 756.dat
0 MLCAD BTG Hose 2
1 375 -69.488 -225.187 376.757 -0.9858 -0.0813 0.1468 -0.0262 0.9386 0.3439 -0.1657 0.3352 -0.9275 756.dat
0 MLCAD BTG Hose 2
1 375 -69.645 -222.67 377.475 -0.9884 -0.0628 0.138 -0.0206 0.9575 0.2878 -0.1502 0.2816 -0.9477 756.dat
0 MLCAD BTG Hose 2
1 375 -69.764 -220.127 378.07 -0.9907 -0.0475 0.1277 -0.0157 0.9709 0.2389 -0.1353 0.2346 -0.9626 756.dat
0 MLCAD BTG Hose 2
1 375 -69.85 -217.556 378.561 -0.9926 -0.035 0.1164 -0.0115 0.9805 0.1964 -0.121 0.1936 -0.9736 756.dat
0 MLCAD BTG Hose 2
1 375 -69.912 -214.969 378.96 -0.9942 -0.0249 0.1044 -0.008 0.9872 0.1594 -0.107 0.1577 -0.9817 756.dat
0 MLCAD BTG Hose 2
1 375 -69.953 -212.357 379.281 -0.9956 -0.0169 0.0919 -0.0051 0.9918 0.1275 -0.0933 0.1265 -0.9876 756.dat
0 MLCAD BTG Hose 2
1 375 -69.979 -209.76 379.53 -0.9968 -0.0108 0.0791 -0.0028 0.995 0.0998 -0.0798 0.0992 -0.9919 756.dat
0 MLCAD BTG Hose 2
1 375 -69.994 -207.134 379.72 -0.9978 -0.0062 0.0661 -0.0012 0.9971 0.0757 -0.0664 0.0755 -0.9949 756.dat
0 MLCAD BTG Hose 2
1 375 -70 -204.53 379.854 -0.9986 -0.0029 0.0531 0 0.9985 0.0547 -0.0531 0.0547 -0.9971 756.dat
0 MLCAD BTG Hose 2
1 375 -70.002 -201.902 379.943 -0.9992 -0.0008 0.0398 0.0006 0.9993 0.0364 -0.0398 0.0364 -0.9985 756.dat
0 MLCAD BTG Hose 2
1 375 -70.001 -199.285 379.991 -0.9996 0.0002 0.0266 0.0007 0.9998 0.0205 -0.0266 0.0205 -0.9994 756.dat
0 MLCAD BTG Hose 2
1 375 -70 -196.661 380.002 -0.9999 0.0003 0.0134 0.0003 1 0.0064 -0.0134 0.0064 -0.9999 756.dat
0 GROUP 50 Hose 2

0 FILE 6956 - Spaceship - Box 1.ldr
0 Spaceship - Box 1
0 Name: 6956 - Spaceship - Box 1.ldr
0 Author: Damien Roux [Darats]
0 !LDRAW_ORG Model
0 !LICENSE Redistributable under CCAL version 2.0 : see CAreadme.txt

0 !THEME Space / M:Tron

1 4 0 0 0 1 0 0 0 1 0 0 0 1 3032.dat
1 4 50 -48 0 0 0 1 0 1 0 -1 0 0 3185.dat
1 4 -50 -48 0 0 0 1 0 1 0 -1 0 0 3185.dat
1 0 0 -72 30 1 0 0 0 1 0 0 0 1 4215a.dat
1 0 0 -72 -30 -1 0 0 0 1 0 0 0 -1 4215a.dat
1 0 0 -80 0 0 0 -1 0 1 0 1 0 0 3020.dat
1 0 -30 -80 0 0 0 1 0 1 0 -1 0 0 4315.dat
1 0 30 -80 0 0 0 -1 0 1 0 1 0 0 4315.dat
1 0 0 -88 0 1 0 0 0 1 0 0 0 1 2609a.dat
1 0 0 -94.5 0 1 0 0 0 0 -1 0 1 0 2959c01.dat
1 4 30 -88 0 0 0 -1 0 1 0 1 0 0 2412b.dat
1 4 -30 -88 0 0 0 -1 0 1 0 1 0 0 2412b.dat
1 4 0 -88 30 1 0 0 0 1 0 0 0 1 2431.dat
1 4 0 -88 -30 1 0 0 0 1 0 0 0 1 2431.dat
1 7 73.699 -9.531 -0.001 0 -0.707107 -0.707107 0 -0.707107 0.707107 -1 0 0 2582p68.dat
1 7 -73.699 -9.531 0 0 0.707107 0.707107 0 -0.707107 0.707107 1 0 0 2582p68.dat
1 0 -10 -22 10 0.707107 -0.707107 0 0 0 -1 0.707107 0.707107 0 4349.dat
1 0 27.39 -24 3.062 0.382683 -0.92388 0 0 0 1 -0.92388 -0.382683 0 2516.dat
1 0 -30 -16 -10 0.173648 0 -0.984808 0 1 0 0.984808 0 0.173648 4735.dat
1 0 42 -15.387 -5.063 1 0 0 0 0.076719 -0.997053 0 0.997053 0.076719 4006.dat

0 FILE 6956 - Spaceship - Box 2.ldr
0 Spaceship - Box 2
0 Name: 6956 - Spaceship - Box 2.ldr
0 Author: Damien Roux [Darats]
0 !LDRAW_ORG Model
0 !LICENSE Redistributable under CCAL version 2.0 : see CAreadme.txt

0 !THEME Space / M:Tron

1 4 0 0 0 1 0 0 0 1 0 0 0 1 4345b.dat
1 42 0 32 0 1 0 0 0 1 0 0 0 1 6141.dat
1 7 0 0 0 1 0 0 0 1 0 0 0 1 4346p68.dat
1 0 0 -8 0 1 0 0 0 1 0 0 0 1 2609a.dat
1 0 0 -14.5 0 1 0 0 0 0 -1 0 1 0 2959c01.dat


0 FILE 6956 - Spaceship - Crane.ldr
0 Spaceship - Crane
0 Name: 6956 - Spaceship - Crane.ldr
0 Author: Damien Roux [Darats]
0 !LDRAW_ORG Model
0 !LICENSE Redistributable under CCAL version 2.0 : see CAreadme.txt

0 !THEME Space / M:Tron

1 4 0 0 0 1 0 0 0 1 0 0 0 1 313.dat
1 4 0 0 0 1 0 0 0 1 0 0 0 1 314d.dat
1 4 0 -130 -10 1 0 0 0 1 0 0 0 1 4476.dat
1 4 0 -154 -10 0 0 -1 0 1 0 1 0 0 4730.dat
1 0 0 -162 -20 1 0 0 0 1 0 0 0 1 3839b.dat
1 0 0 -162 0 -1 0 0 0 1 0 0 0 -1 3839b.dat
1 42 -26 -156 -34 -1 0 0 0 0 -1 0 -1 0 4589.dat
1 42 26 -156 -34 -1 0 0 0 0 -1 0 -1 0 4589.dat
1 4 0 -154 20 -1 0 0 0 1 0 0 0 -1 2607.dat
1 42 0 -162 20 -1 0 0 0 1 0 0 0 -1 6141.dat
1 0 0 -145 46.5 -1 0 0 0 0 1 0 1 0 2959c01.dat



0 FILE 6956 - Spaceship - Crane + Box 1.ldr
0 Spaceship - Crane + Box 1
0 Name: 6956 - Spaceship - Crane + Box 1.ldr
0 Author: Damien Roux [Darats]
0 !LDRAW_ORG Model
0 !LICENSE Redistributable under CCAL version 2.0 : see CAreadme.txt

0 !THEME Space / M:Tron

1 0 0 0 0 1 0 0 0 1 0 0 0 1 6956 - Spaceship - Crane.ldr
1 0 0 -34.5 46.5 1 0 0 0 1 0 0 0 1 6956 - Spaceship - Box 1.ldr

0 FILE 6956 - Spaceship + Minifig.ldr
0 Spaceship + Minifig
0 Name: 6956 - Spaceship + Minifig.ldr
0 Author: Damien Roux [Darats]
0 !LDRAW_ORG Model
0 !LICENSE Redistributable under CCAL version 2.0 : see CAreadme.txt

0 !THEME Space / M:Tron

1 0 0 0 0 1 0 0 0 1 0 0 0 1 6956 - Spaceship.ldr
1 0 0 -69 78 1 0 0 0 1 0 0 0 1 6956 - Minifig 2.ldr

0 FILE 6956 - Spaceship - Lamp.ldr
0 Spaceship - Lamp
0 Name: 6956 - Spaceship - Lamp.ldr
0 Author: Damien Roux [Darats]
0 !LDRAW_ORG Model
0 !LICENSE Redistributable under CCAL version 2.0 : see CAreadme.txt

0 !THEME Space / M:Tron

1 7 0 0 0 1 0 0 0 1 0 0 0 1 4735.dat
1 42 0 16 0 1 0 0 0 1 0 0 0 1 6141.dat



0 FILE 6956 - Minifig 1.ldr
0 Minifig 1
0 Name: 6956 - Minifig 1.ldr
0 Author: Damien Roux [Darats]
0 !LDRAW_ORG Model
0 !LICENSE Redistributable under CCAL version 2.0 : see CAreadme.txt

0 !THEME Space / M:Tron

1 0 0 -25.921 12.328 0.951057 0 -0.309017 0.05366 0.984808 0.165149 0.304322 -0.173648 0.936608 6956 - Minifig 1 - Helmet.ldr
1 14 0 -25.921 12.328 0.951057 0 -0.309017 0.0536602 0.984808 0.165149 0.304322 -0.173648 0.936608 3626bp01.dat
1 0 0 0.669 7.639 1 0 0 0 0.984808 0.173648 0 -0.173648 0.984808 3838.dat
1 4 0 0.669 7.639 1 0 0 0 0.984808 0.173648 0 -0.173648 0.984808 973p68.dat
1 0 0 32.182 2.083 1 0 0 0 0.984808 0.173648 0 -0.173648 0.984808 3815.dat
1 15 -15.552 9.532 6.078 0.985 -0.0295202 -0.167417 0.167417 -0.00256515 0.985452 -0.0295202 -0.999548 0.00256515 3818.dat
1 15 15.552 9.532 6.078 0.985 0.17 0 -0.167417 0.970036 0.173648 0.0295202 -0.171043 0.984808 3819.dat
1 0 -19.5 -1.558 -12.549 0.985 -0.139235 -0.0974933 0.167417 0.694901 0.698528 -0.0295202 -0.704867 0.708494 3820.dat
1 0 23.863 25.067 -7.143 0.985 0.12019 -0.12019 -0.167417 0.808584 -0.563046 0.0295202 0.575331 0.817187 3820.dat
1 0 -18.464 -8.689 -18.411 -0.0608736 -0.158651 -0.985 0.509406 0.843098 -0.167417 0.857817 -0.512265 0.0295202 3962a.dat
1 15 0 44 0 1 0 0 0 1 0 0 0 1 3816.dat
1 15 0 44 0 1 0 0 0 1 0 0 0 1 3817.dat


0 FILE 6956 - Minifig 1 - Helmet.ldr
0 Minifig 1 - Helmet
0 Name: 6956 - Minifig 1 - Helmet.ldr
0 Author: Damien Roux [Darats]
0 !LDRAW_ORG Model
0 !LICENSE Redistributable under CCAL version 2.0 : see CAreadme.txt

0 !THEME Space / M:Tron

1 0 0 0 0 1 0 0 0 1 0 0 0 1 2446.dat
1 42 0 0 0 1 0 0 0 1 0 0 0 1 2447.dat



0 FILE 6956 - Minifig 2.ldr
0 Minifig 2
0 Name: 6956 - Minifig 2.ldr
0 Author: Damien Roux [Darats]
0 !LDRAW_ORG Model
0 !LICENSE Redistributable under CCAL version 2.0 : see CAreadme.txt

0 !THEME Space / M:Tron

1 0 0 -27 0 0.927184 0 0.374607 0 1 0 -0.374607 0 0.927184 6956 - Minifig 2 - Helmet.ldr
1 14 0 -27 0 0.927184 0 0.374607 0 1 0 -0.374607 0 0.927184 3626bp01.dat
1 0 0 0 0 1 0 0 0 1 0 0 0 1 3838.dat
1 4 0 0 0 1 0 0 0 1 0 0 0 1 973p68.dat
1 0 0 32 0 1 0 0 0 1 0 0 0 1 3815.dat
1 15 -15.552 9 0 0.985 -0.140936 -0.0950628 0.17 0.816602 0.550805 0 -0.559193 0.829038 3818.dat
1 15 15.552 9 0 0.985 0.0118586 0.169586 -0.17 0.0687101 0.982601 0 -0.997564 0.0697565 3819.dat
1 0 -22.337 17.7514 -19.0475 0.985 -0.166851 0.0324326 0.17 0.966757 -0.187918 0 0.19078 0.981479 3820.dat
1 0 19.1462 -0.73635 -19.4353 0.985 0.128281 0.111513 -0.17 0.743277 0.646121 0 -0.65596 0.754596 3820.dat
1 15 0 44 0 1 0 0 0 0 1 0 -1 0 3816.dat
1 15 0 44 0 1 0 0 0 0 1 0 -1 0 3817.dat


0 FILE 6956 - Minifig 2 - Helmet.ldr
0 Minifig 2 - Helmet
0 Name: 6956 - Minifig 2 - Helmet.ldr
0 Author: Damien Roux [Darats]
0 !LDRAW_ORG Model
0 !LICENSE Redistributable under CCAL version 2.0 : see CAreadme.txt

0 !THEME Space / M:Tron

1 0 0 0 0 1 0 0 0 1 0 0 0 1 2446.dat
1 42 0 1.619 4.291 1 0 0 0 0.748956 0.66262 0 -0.66262 0.748956 2447.dat



