0 FILE 6977 Arachnoid Star Base.L3B.ldr
0 ROTATION CENTER 0 0 0 1 "Custom" 
0 ROTATION CONFIG 0 0
1 0 554 99 0 1 0 0 0 1 0 0 0 1 v1.ldr
1 0 -61 115 -1384 1 0 0 0 1 0 0 0 1 v2.ldr
1 0 -188 -45.4 -175 1 0 0 0 1 0 0 0 1 v3.ldr
1 0 -620 123.6 -922 1 0 0 0 1 0 0 0 1 v4.ldr
0
0 FILE v3.ldr
0 New Model
0 Name: v3.ldr
0 Author: MLCad
0 Unofficial Model
0 ROTATION CENTER 0 0 0 1 "Custom" 
0 ROTATION CONFIG 0 0
1 33 44.45 -22.2 -546 0 -0.75471 0.656059 1 0 0 0 0.656059 0.75471 30231.dat
1 0 -17 -83.962 -559.248 -1 0 0 0 0.970296 0.241922 0 0.241922 -0.970296 4349.dat
1 1 8.45001 -8 -546 0 0 -1 0 1 0 1 0 0 3021.dat
1 8 8.45001 -32 -566 1 0 0 0 1 0 0 0 1 2458.dat
1 1 8.45001 -56 -546 1 0 0 0 1 0 0 0 1 3039.dat
1 42 8.45001 -64 -546 1 0 0 0 1 0 0 0 1 2412b.dat
1 0 -13.55 -22 -546 0 0 -1 0 1 0 1 0 0 6048.dat
1 0 30.45 -22 -546 0 0 1 0 1 0 -1 0 0 6048.dat
1 42 -17 -73.8 -600 0 0 -1 -0.970296 -0.241922 0 -0.241922 0.970296 0 4589.dat
1 33 -27.55 -22.2 -546 0 -0.681998 -0.731354 1 0 0 0 -0.731354 0.681998 30231.dat
1 0 -1.54999 -32 -546 0 0 1 0 1 0 -1 0 0 6541.dat
1 0 18.45 -32 -546 0 0 1 0 1 0 -1 0 0 6541.dat
1 0 8 -80 -525 1 0 0 0 1 0 0 0 1 f4.ldr
0
0 FILE v2.ldr
0 New Model
0 Name: v2.ldr
0 Author: MLCad
0 Unofficial Model
0 ROTATION CENTER 0 0 0 1 "Custom" 
0 ROTATION CONFIG 0 0
1 8 -60.775 -16 553 -0.743145 0 0.669131 0 1 0 -0.669131 0 -0.743145 2429.dat
1 8 -60.775 -16 553 0 0 -1 0 1 0 1 0 0 2430.dat
1 0 -120.775 -96 513 1 0 0 0 1 0 0 0 1 30200.dat
1 0 -120.775 -8 683 -1 0 0 0 1 0 0 0 -1 2621.dat
1 8 -120.775 -16 753 1 0 0 0 1 0 0 0 1 3022.dat
1 0 -120.775 -24 753 1 0 0 0 1 0 0 0 1 3022.dat
1 8 -70.775 -32 653 0 0 -1 0 1 0 1 0 0 3010.dat
1 1 -70.775 -32 703 -1 0 0 0 1 0 0 0 -1 4287.dat
1 1 -120.775 -32 743 1 0 0 0 1 0 0 0 1 3023.dat
1 1 -120.775 -32 633 0 0 -1 0 1 0 1 0 0 3006.dat
1 0 -120.775 -8 523 1 0 0 0 1 0 0 0 1 2625.dat
1 1 -120.775 -56 763 1 0 0 0 1 0 0 0 1 3023.dat
1 8 -120.775 -48 763 -1 0 0 0 1 0 0 0 -1 2458.dat
1 0 -170.775 -40 693 0 0 1 0 1 0 -1 0 0 4510.dat
1 0 -70.775 -40 693 0 0 -1 0 1 0 1 0 0 4510.dat
1 8 -70.775 -48 693 0 0 -1 0 1 0 1 0 0 3460.dat
1 8 -120.775 -56 693 0 0 -1 0 1 0 1 0 0 2456.dat
1 8 -20.775 -16 633 0 0 -1 0 1 0 1 0 0 2429.dat
1 1 -210.775 -24 613 0 0 -1 0 1 0 1 0 0 3023.dat
1 0 -0.579574 -8 612.776 1.00057 0 0.00874859 0 1 0 -0.00874859 0 1.00057 3022.dat
1 8 139.398 -24 610.417 0.0174797 0 -1.00046 0 1 0 1.00046 0 0.0174797 30212.dat
1 8 -20.4955 -32 633.044 0 0 1 0 1 0 -1 0 0 2430.dat
1 8 -20.4955 -32 633.044 0 0 -1 0 1 0 1 0 0 2429.dat
1 1 -30.775 -24 613 0 0 -1 0 1 0 1 0 0 3023.dat
1 8 -220.775 -32 633 0 0 1 0 1 0 -1 0 0 2430.dat
1 8 -220.775 -32 633 -0.0174524 0 -1 0 1 0 1 0 -0.0174524 2429.dat
1 8 -380.692 -24 612.819 0 0 1.00061 0 1 0 -1.00061 0 0 30212.dat
1 42 -30.4955 -40 623.044 1 0 0 0 1 0 0 0 1 4073.dat
1 42 -210.775 -40 623 1 0 0 0 1 0 0 0 1 4073.dat
1 0 -32.5295 -8 551.52 0.669131 0 0.743145 0 1 0 -0.743145 0 0.669131 3022.dat
1 8 62.134 -24 447.122 0.743145 0 -0.669131 0 1 0 0.669131 0 0.743145 30212.dat
1 8 -309.179 -24 453.865 0.707107 0 0.707107 0 1 0 -0.707107 0 0.707107 30212.dat
1 0 -209.055 -8 553.494 0.71934 0 -0.694658 0 1 0 0.694658 0 0.71934 3022.dat
1 1 -70.775 -24 573 0 0 -1 0 1 0 1 0 0 3023.dat
0 MLCAD HIDE 1 8 61.1488 -24 447.479 0.743145 0 -0.669131 0 1 0 0.669131 0 0.743145 30212.dat
0 MLCAD HIDE 1 8 -309.762 -24 456.241 0.694658 0 0.71934 0 1 0 -0.71934 0 0.694658 30212.dat
1 8 -180.775 -32 553 -0.694658 0 -0.71934 0 1 0 0.71934 0 -0.694658 2430.dat
1 8 -60.775 -32 553 0 0 -1 0 1 0 1 0 0 2430.dat
1 8 -60.775 -32 553 -0.743145 0 0.669131 0 1 0 -0.669131 0 -0.743145 2429.dat
1 42 -70.775 -56 763 1 0 0 0 1 0 0 0 1 4073.dat
1 0 -120.775 -40 603 1 0 0 0 1 0 0 0 1 4477.dat
1 8 -120.775 -32 473 1 0 0 0 1 0 0 0 1 3003.dat
1 1 -120.775 -40 533 1 0 0 0 1 0 0 0 1 3958.dat
1 0 -80.775 -48 513 1 0 0 0 1 0 0 0 1 4150.dat
1 1 -120.775 -80 763 1 0 0 0 1 0 0 0 1 3039.dat
1 8 -170.775 -80 723 -1 0 0 0 1 0 0 0 -1 4286.dat
1 1 -70.775 -56 693 0 0 -1 0 1 0 1 0 0 3666.dat
1 8 -70.775 -80 723 -1 0 0 0 1 0 0 0 -1 4286.dat
1 42 -70.775 -80 703 1 0 0 0 1 0 0 0 1 4589.dat
1 8 -120.775 -80 673 -1 0 0 0 1 0 0 0 -1 2456.dat
1 0 -70.775 -80 633 0 0 -1 0 1 0 1 0 0 2877.dat
1 8 -120.775 -56 463 1 0 0 0 1 0 0 0 1 2458.dat
1 8 -170.775 -88 693 0 0 -1 0 1 0 1 0 0 2431.dat
1 8 -70.775 -88 693 0 0 -1 0 1 0 1 0 0 2431.dat
1 8 -121 -56 444 1 0 0 0 1 0 0 0 1 2607.dat
1 0 -121 -48 418 1 0 0 0 1 0 0 0 1 2959c01.dat
1 1 -120.775 -64 463 -1 0 0 0 1 0 0 0 -1 3023.dat
1 42 -70.775 -72 593 0 0 -1 0 1 0 1 0 0 3023.dat
1 8 -120.775 -64 573 -1 0 0 0 1 0 0 0 -1 2456.dat
1 8 -80.8177 -72 552.957 0.00427321 0 -1 0 1 0 1 0 0.00427321 2430.dat
1 8 -80.8177 -72 552.957 -0.241922 0 -0.970296 0 1 0 0.970296 0 -0.241922 2429.dat
1 0 -169.941 -72 492.846 -0.309017 0 0.951057 0 1 0 -0.951057 0 -0.309017 2436a.dat
1 0 -80.8438 -56 511.726 -0.241922 0 -0.970296 0 1 0 0.970296 0 -0.241922 3710.dat
1 0 -76.0054 -72 492.32 -0.241922 0 -0.970296 0 1 0 0.970296 0 -0.241922 2436a.dat
1 1 -187.774 -62 509.154 0.309017 0.951057 0 0 0 1 0.951057 -0.309017 0 3623.dat
1 1 -57.1636 -62 507.346 0.241922 -0.970296 0 0 0 1 -0.970296 -0.241922 0 3623.dat
1 42 -195.301 -62 511.6 0 0.951057 0.309017 -1 0 0 0 -0.309017 0.951057 4073.dat
1 42 -49.4012 -62 509.281 0 -0.970296 0.241922 -1 0 0 0 -0.241922 -0.970296 4073.dat
1 34 -223.194 -62 426.031 0 0.951057 0.309017 -1 0 0 0 -0.309017 0.951057 30211.dat
1 34 -27.6283 -62 421.954 0 -0.970296 -0.241922 1 0 0 0 -0.241922 0.970296 30211.dat
1 8 -16.4373 -62 476.275 0 -0.970296 0.241922 -1 0 0 0 -0.241922 -0.970296 4286.dat
1 8 -230.487 -62 480.974 0 0.951057 -0.309017 1 0 0 0 -0.309017 -0.951057 4286.dat
1 0 -229.527 -62 354.487 0 0.951057 0.309017 -1 0 0 0 -0.309017 0.951057 4589.dat
1 0 -28.1591 -62 349.679 0 -0.970296 0.241922 -1 0 0 0 -0.241922 -0.970296 4589.dat
1 0 -187.68 -62 340.89 -0.309017 -0.951057 0 0 0 1 -0.951057 0.309017 0 2566.dat
1 8 -163.76 -80 511.867 0.309017 0 -0.951057 0 1 0 0.951057 0 0.309017 2431.dat
1 8 -80.9293 -80 511.726 -0.241922 0 -0.970296 0 1 0 0.970296 0 -0.241922 2431.dat
1 0 -73.763 -62 338.309 -0.241922 0.970296 0 0 0 1 0.970296 0.241922 0 2566.dat
1 0 -170.775 -80 593 0 0 -1 0 1 0 1 0 0 3475b.dat
1 0 -70.775 -80 593 0 0 1 0 1 0 -1 0 0 3475b.dat
1 8 -170.775 -104 623 -1 0 0 0 1 0 0 0 -1 3040b.dat
1 8 -70.775 -104 623 -1 0 0 0 1 0 0 0 -1 3040b.dat
1 8 -90.775 -104 583 0 0 -1 0 1 0 1 0 0 3040b.dat
1 8 -150.775 -104 583 0 0 1 0 1 0 -1 0 0 3040b.dat
1 1 -70.775 -112 613 0 0 -1 0 1 0 1 0 0 2540.dat
1 1 -170.775 -112 613 0 0 1 0 1 0 -1 0 0 2540.dat
1 0 -120.775 -112 593 1 0 0 0 1 0 0 0 1 3020.dat
1 8 -120.775 -88 513 0 0 -1 0 1 0 1 0 0 2456.dat
1 8 -90.775 -136 603 0 0 -1 0 1 0 1 0 0 3040b.dat
1 8 -150.775 -136 603 0 0 1 0 1 0 -1 0 0 3040b.dat
1 0 -120.775 -144 603 1 0 0 0 1 0 0 0 1 3710.dat
1 0 -121.775 -160 672 1 0 0 0 1 0 0 0 1 3068b.dat
1 0 -120.775 -144 573 1 0 0 0 1 0 0 0 1 3022.dat
1 8 -120.775 -136 573 1 0 0 0 1 0 0 0 1 3003.dat
1 8 -120.775 -104 523 1 0 0 0 1 0 0 0 1 3069b.dat
1 8 -120 -144 515 1 0 0 0 0.93358 0.358368 0 -0.358368 0.93358 f2.ldr
1 1 -120.775 -152 563 1 0 0 0 1 0 0 0 1 3710.dat
1 8 -120.775 -152 593 1 0 0 0 1 0 0 0 1 3022.dat
1 0 -120.775 -160 613 0 0 -1 0 1 0 1 0 0 3020.dat
1 0 -120.775 -168 613 1 0 0 0 1 0 0 0 1 3068b.dat
1 1 -120.775 -168 583 1 0 0 0 1 0 0 0 1 3794a.dat
1 42 -121 -168.945 474.776 -1 0 0 0 0.719765 0.695093 0 0.695093 -0.719765 2418b.dat
1 42 -120.775 -192 583 -1 0 0 0 1 0 0 0 -1 30213.dat
1 8 -20.4978 -16 632.869 0 0 1 0 1 0 -1 0 0 2430.dat
1 0 -170.775 -104 603 0 0 1 0 1 0 -1 0 0 4070.dat
1 8 -170.775 -32 653 0 0 -1 0 1 0 1 0 0 3010.dat
1 1 -170.775 -32 703 -1 0 0 0 1 0 0 0 -1 4287.dat
1 8 -170.775 -48 693 0 0 -1 0 1 0 1 0 0 3460.dat
1 8 -220.775 -16 633 0 0 1 0 1 0 -1 0 0 2430.dat
1 0 -240.88 -8 613.205 1.00057 0 -0.00871506 0 1 0 0.00871506 0 1.00057 3022.dat
1 8 -180.775 -16 553 -0.694658 0 -0.71934 0 1 0 0.71934 0 -0.694658 2430.dat
1 8 -180.775 -16 553 0 0 1 0 1 0 -1 0 0 2429.dat
1 1 -170.775 -24 573 0 0 -1 0 1 0 1 0 0 3023.dat
1 8 -180.775 -32 553 0 0 1 0 1 0 -1 0 0 2429.dat
1 42 -170.775 -56 763 1 0 0 0 1 0 0 0 1 4073.dat
1 42 -70.775 -56 623 1 0 0 0 1 0 0 0 1 4073.dat
1 0 -160.775 -48 513 1 0 0 0 1 0 0 0 1 4150.dat
1 1 -170.775 -56 693 0 0 -1 0 1 0 1 0 0 3666.dat
1 42 -170.775 -80 703 1 0 0 0 1 0 0 0 1 4589.dat
1 42 -70.775 -64 603 1 0 0 0 1 0 0 0 1 4589.dat
1 0 -170.775 -80 633 0 0 1 0 1 0 -1 0 0 2877.dat
1 42 -170.775 -72 593 0 0 -1 0 1 0 1 0 0 3023.dat
1 1 -120.775 -72 583 -1 0 0 0 1 0 0 0 -1 3023.dat
1 8 -160.775 -72 553 0 0 1 0 1 0 -1 0 0 2429.dat
1 8 -160.775 -72 553 -0.313081 0 0.949736 0 1 0 -0.949736 0 -0.313081 2430.dat
1 1 -163.76 -64 511.867 0.309017 0 -0.951057 0 1 0 0.951057 0 0.309017 3710.dat
1 0 -163.76 -56 511.867 0.309017 0 -0.951057 0 1 0 0.951057 0 0.309017 3710.dat
1 1 -80.8438 -64 511.726 -0.241922 0 -0.970296 0 1 0 0.970296 0 -0.241922 3710.dat
1 0 -120.775 -80 583 1 0 0 0 1 0 0 0 1 3710.dat
1 0 -70.775 -104 603 0 0 -1 0 1 0 1 0 0 4070.dat
1 1 -120.775 -136 603 1 0 0 0 1 0 0 0 1 3004.dat
1 8 -221.311 -16 633.461 -0.0174524 0 -1 0 1 0 1 0 -0.0174524 2429.dat
1 42 -170.775 -56 623 1 0 0 0 1 0 0 0 1 4073.dat
1 42 -170.775 -64 603 1 0 0 0 1 0 0 0 1 4589.dat
1 42 -120.775 -104 773 1 0 0 0 1 0 0 0 1 4111802.dat
0
0 FILE v1.ldr
0 New Model
0 Name: v1.ldr
0 Author: MLCad
0 Unofficial Model
0 ROTATION CENTER 0 0 0 1 "Custom" 
0 ROTATION CONFIG 0 0
1 8 -1087.64 -96 -468.24 -0.681998 0 0.731354 0 1 0 -0.731354 0 -0.681998 30212.dat
1 0 -846 -104 -441 0 0 1 0 1 0 -1 0 0 4592.dat
1 0 -846 -104 -441 0 -0.777146 0.62932 0 0.62932 0.777146 -1 0 0 4593.dat
1 1 -1160.78 -40 -400.041 -0.731354 0 -0.681998 0 1 0 0.681998 0 -0.731354 2476a.dat
1 0 -656 -143 -591 0 0 -1 0 1 0 1 0 0 3007.dat
1 0 -736 -87 -531 0 0 1 0 1 0 -1 0 0 30201.dat
1 1 -856 -8 -571 0 0 -1 0 1 0 1 0 0 3027.dat
1 8 -963.313 -104 -584.18 -0.681998 0 0.731354 0 1 0 -0.731354 0 -0.681998 4598.dat
1 1 -526 -6 -591 0 0 -1 0 1 0 1 0 0 6118.dat
1 1 -516 -22 -711 0 0 -1 0 1 0 1 0 0 2593.dat
1 8 -331.86 -118 -393.534 -0.731354 0 -0.681998 0 1 0 0.681998 0 -0.731354 3039.dat
1 0 -1168.09 -56 -393.221 -0.681998 0 0.731354 0 1 0 -0.731354 0 -0.681998 4590.dat
1 1 -1160.78 -80 -400.041 -0.731354 0 -0.681998 0 1 0 0.681998 0 -0.731354 6143.dat
1 0 -956 -72 -591 -1 0 0 0 1 0 0 0 -1 3403.dat
1 0 -956 -72 -591 -0.731354 0 -0.681998 0 1 0 0.681998 0 -0.731354 3404.dat
1 1 -919.432 -78 -625.1 -0.681998 0 0.731354 0 1 0 -0.731354 0 -0.681998 3149dc01.dat
1 1 -616 -8 -571 0 0 -1 0 1 0 1 0 0 3027.dat
1 0 -736 -32 -531 1 0 0 0 1 0 0 0 1 3006.dat
1 0 -736 -32 -601 1 0 0 0 1 0 0 0 1 2730.dat
1 14 -646 -32 -621 0 0 1 0 1 0 -1 0 0 2357.dat
1 0 -596 -16 -591 0 0 -1 0 1 0 1 0 0 3020.dat
1 8 -556 -32 -431 1 0 0 0 1 0 0 0 1 6249.dat
1 8 -556 -32 -711 1 0 0 0 1 0 0 0 1 6249.dat
1 8 -916 -32 -711 1 0 0 0 1 0 0 0 1 6249.dat
1 8 -836 -32 -721 1 0 0 0 1 0 0 0 1 3004.dat
1 8 -636 -32 -721 1 0 0 0 1 0 0 0 1 3004.dat
1 8 -556 -32 -541 1 0 0 0 1 0 0 0 1 3008.dat
1 8 -556 -32 -641 1 0 0 0 1 0 0 0 1 3008.dat
1 8 -916 -32 -641 1 0 0 0 1 0 0 0 1 3008.dat
1 0 -806 -32 -691 0 0 -1 0 1 0 1 0 0 2653.dat
1 0 -666 -32 -691 0 0 1 0 1 0 -1 0 0 2653.dat
1 0 -576 -32 -591 1 0 0 0 1 0 0 0 1 3022.dat
1 7 -536 -6 -591 1 0 0 0 1 0 0 0 1 3673.dat
1 8 -566 0 -491 0 0 -1 0 1 0 1 0 0 3460.dat
1 8 -566 0 -651 0 0 -1 0 1 0 1 0 0 3460.dat
1 8 -906 0 -651 0 0 -1 0 1 0 1 0 0 3460.dat
1 0 -806 0 -631 0 0 -1 0 1 0 1 0 0 3666.dat
1 0 -666 0 -631 0 0 -1 0 1 0 1 0 0 3666.dat
1 1 -486 -8 -641 1 0 0 0 1 0 0 0 1 4073.dat
1 42 -486 0 -641 1 0 0 0 1 0 0 0 1 4073.dat
1 1 -486 -8 -541 1 0 0 0 1 0 0 0 1 4073.dat
1 42 -486 0 -541 1 0 0 0 1 0 0 0 1 4073.dat
1 1 -896 -40 -571 0 0 -1 0 1 0 1 0 0 4282.dat
1 1 -576 -40 -571 0 0 -1 0 1 0 1 0 0 4282.dat
1 1 -836 -40 -631 0 0 -1 0 1 0 1 0 0 3030.dat
1 1 -636 -40 -631 0 0 -1 0 1 0 1 0 0 3030.dat
1 0 -516 -40 -541 1 0 0 0 1 0 0 0 1 3710.dat
1 0 -516 -40 -641 1 0 0 0 1 0 0 0 1 3710.dat
1 1 -936 -48 -591 1 0 0 0 1 0 0 0 1 3958.dat
1 1 -536 -48 -591 1 0 0 0 1 0 0 0 1 3958.dat
1 0 -736 -88 -531 1 0 0 0 1 0 0 0 1 30201.dat
1 1 -736 -87 -391 1 0 0 0 1 0 0 0 1 6143.dat
1 8 -626 -87 -431 0 0 1 0 1 0 -1 0 0 3039.dat
1 8 -846 -88 -441 0 0 -1 0 1 0 1 0 0 3040b.dat
1 1 -666 -64 -541 1 0 0 0 1 0 0 0 1 2357.dat
1 1 -736 -56 -541 1 0 0 0 1 0 0 0 1 3009.dat
1 42 -846 -96 -441 1 0 0 0 1 0 0 0 1 4740.dat
1 42 -626 -95 -421 1 0 0 0 1 0 0 0 1 4073.dat
1 42 -626 -95 -441 1 0 0 0 1 0 0 0 1 4073.dat
1 42 -686 -64 -541 1 0 0 0 1 0 0 0 1 4073.dat
1 42 -786 -64 -541 1 0 0 0 1 0 0 0 1 4073.dat
1 8 -736 -111 -341 1 0 0 0 1 0 0 0 1 3298.dat
1 1 -796 -88 -531 1 0 0 0 1 0 0 0 1 6143.dat
1 1 -676 -88 -531 1 0 0 0 1 0 0 0 1 6143.dat
1 42 -646 -88 -541 1 0 0 0 1 0 0 0 1 4589.dat
1 8 -736 -119 -341 1 0 0 0 1 0 0 0 1 3069b.dat
1 8 -906 -64 -691 0 0 -1 0 1 0 1 0 0 3010.dat
1 8 -806 -64 -691 0 0 -1 0 1 0 1 0 0 3010.dat
1 8 -666 -64 -691 0 0 -1 0 1 0 1 0 0 3010.dat
1 8 -566 -64 -691 0 0 -1 0 1 0 1 0 0 3010.dat
1 0 -856 -112 -521 -1 0 0 0 1 0 0 0 -1 2877.dat
1 0 -886 -112 -521 0 0 1 0 1 0 -1 0 0 4286.dat
1 0 -586 -111 -521 0 0 -1 0 1 0 1 0 0 4286.dat
1 0 -886 -64 -691 0 0 -1 0 1 0 1 0 0 2653.dat
1 0 -826 -64 -691 0 0 1 0 1 0 -1 0 0 2653.dat
1 0 -856 -120 -521 1 0 0 0 1 0 0 0 1 3710.dat
1 0 -616 -119 -521 1 0 0 0 1 0 0 0 1 3710.dat
1 1 -896 -88 -671 1 0 0 0 1 0 0 0 1 3003.dat
1 1 -816 -88 -671 1 0 0 0 1 0 0 0 1 3003.dat
1 1 -566 -88 -671 0 0 -1 0 1 0 1 0 0 3004.dat
1 8 -896 -112 -661 1 0 0 0 1 0 0 0 1 3004.dat
1 8 -816 -112 -661 1 0 0 0 1 0 0 0 1 3004.dat
1 8 -566 -112 -661 1 0 0 0 1 0 0 0 1 3005.dat
1 1 -616 -112 -661 1 0 0 0 1 0 0 0 1 4215b.dat
1 1 -856 -120 -661 1 0 0 0 1 0 0 0 1 3666.dat
1 1 -616 -120 -661 1 0 0 0 1 0 0 0 1 3666.dat
1 0 -816 -144 -591 0 0 -1 0 1 0 1 0 0 3007.dat
1 8 -616 -144 -661 1 0 0 0 1 0 0 0 1 3004.dat
1 8 -856 -144 -661 1 0 0 0 1 0 0 0 1 3004.dat
1 8 -886 -144 -661 0 0 1 0 1 0 -1 0 0 3040b.dat
1 8 -586 -144 -661 0 0 -1 0 1 0 1 0 0 3040b.dat
1 0 -906 -144 -671 1 0 0 0 1 0 0 0 1 6044.dat
1 0 -806 -144 -671 1 0 0 0 1 0 0 0 1 6044.dat
1 0 -666 -144 -671 1 0 0 0 1 0 0 0 1 6044.dat
1 0 -566 -144 -671 1 0 0 0 1 0 0 0 1 6044.dat
1 1 -816 -152 -641 0 0 -1 0 1 0 1 0 0 3021.dat
1 1 -656 -151 -641 0 0 -1 0 1 0 1 0 0 3021.dat
1 1 -656 -151 -571 0 0 -1 0 1 0 1 0 0 3020.dat
1 1 -606 -152 -661 1 0 0 0 1 0 0 0 1 3623.dat
1 42 -886 -152 -661 1 0 0 0 1 0 0 0 1 4073.dat
1 1 -856 -152 -661 1 0 0 0 1 0 0 0 1 2452.dat
1 1 -856 -130.899 -705.971 0 0 -1 -0.66913 0.743145 0 0.743145 0.66913 0 4276b.dat
1 0 -806 -160 -631 0 0 -1 0 1 0 1 0 0 3710.dat
1 0 -666 -159 -631 0 0 -1 0 1 0 1 0 0 3710.dat
1 8 -656 -159 -581 1 0 0 0 1 0 0 0 1 3023.dat
1 0 -656 -159 -551 1 0 0 0 1 0 0 0 1 4150.dat
1 8 -616 -48 -721 -1 0 0 0 1 0 0 0 -1 4625.dat
1 34 -616 -52 -727 -1 0 0 0 -0.258819 0.965926 0 0.965926 0.258819 2620.dat
1 1 -616 -159 -631 -1 0 0 0 1 0 0 0 -1 3935.dat
1 1 -856 -160 -631 -1 0 0 0 1 0 0 0 -1 3936.dat
1 0 -589.194 -55.5287 -697.424 -0.3599 0.658663 0.661716 0.70198 -0.276865 0.657091 0.615566 0.700507 -0.362727 4349.dat
1 42 -595.917 -62.0553 -693.909 -0.658663 0.661716 0.3599 0.276865 0.657091 -0.70198 -0.700507 -0.362727 -0.615566 30210.dat
1 42 -635.64 -88 -705 1 0 0 0 1 0 0 0 1 30213.dat
1 1 -826 -168 -591 0 0 -1 0 1 0 1 0 0 4276b.dat
1 1 -806 -168 -591 0 0 -1 0 1 0 1 0 0 4276b.dat
1 1 -666 -167 -591 0 0 -1 0 1 0 1 0 0 4276b.dat
1 1 -646 -167 -591 0 0 -1 0 1 0 1 0 0 4276b.dat
1 1 -806 -168 -531 0 0 1 0 1 0 -1 0 0 4275a.dat
1 1 -826 -168 -531 0 0 1 0 1 0 -1 0 0 4275a.dat
1 1 -666 -167 -531 0 0 1 0 1 0 -1 0 0 4275a.dat
1 1 -646 -167 -531 0 0 1 0 1 0 -1 0 0 4275a.dat
1 42 -656 -167 -621 1 0 0 0 1 0 0 0 1 3023.dat
1 42 -816 -168 -661 1 0 0 0 1 0 0 0 1 2412b.dat
1 42 -656 -167 -661 1 0 0 0 1 0 0 0 1 2412b.dat
1 34 -736 -183 -531 0 0 -1 0 1 0 1 0 0 30117.dat
1 34 -736 -183 -531 -1 0 0 0 1 0 0 0 -1 30117.dat
1 1 -736 -159 -381 1 0 0 0 1 0 0 0 1 3023.dat
1 1 -736 -183 -501 -1 0 0 0 1 0 0 0 -1 2419.dat
1 0 -626 -175 -421 -1 0 0 0 1 0 0 0 -1 4070.dat
1 0 -846 -175 -421 -1 0 0 0 1 0 0 0 -1 4070.dat
1 42 -845.84 -163 -431 -1 0 0 0 0 -1 0 -1 0 30210.dat
1 42 -625.84 -163 -431 1 0 0 0 0 1 0 -1 0 30210.dat
1 1 -746 -191 -471 0 0 -1 0 1 0 1 0 0 4276b.dat
1 1 -726 -191 -471 0 0 -1 0 1 0 1 0 0 4276b.dat
1 0 -746 -211.089 -414.247 0 0 1 -0.743145 0.669131 0 -0.669131 -0.743145 0 2433.dat
1 42 -746 -216.442 -408.302 1 0 0 0 0.669131 0.743145 0 -0.743145 0.669131 2569.dat
1 0 -726 -211.089 -414.247 0 0 1 -0.743145 0.669131 0 -0.669131 -0.743145 0 2433.dat
1 42 -726 -216.442 -408.302 1 0 0 0 0.669131 0.743145 0 -0.743145 0.669131 2569.dat
1 0 -816 -176 -611 1 0 0 0 1 0 0 0 1 3068b.dat
1 0 -656 -175 -611 1 0 0 0 1 0 0 0 1 3068b.dat
1 1 -656 -183 -541 1 0 0 0 1 0 0 0 1 3023.dat
1 1 -816 -184 -541 1 0 0 0 1 0 0 0 1 3023.dat
1 0 -806 -192 -541 0 0 -1 0 1 0 1 0 0 2420.dat
1 0 -666 -191 -541 1 0 0 0 1 0 0 0 1 2420.dat
1 0 -856 -65.5 -693 0 0 -1 0 1 0 1 0 0 3020.dat
1 1 -856 -57.5 -723 -1 0 0 0 1 0 0 0 -1 3839b.dat
1 8 -856 -89.5 -703 1 0 0 0 1 0 0 0 1 3039.dat
1 1 -856 -97.5 -703 1 0 0 0 1 0 0 0 1 3794a.dat
1 8 -856 -105.5 -703 0 0 -1 0 1 0 1 0 0 2555.dat
1 0 -856 -111.5 -703 1 0 0 0 0.934154 0.35857 0 -0.35857 0.934154 30031.dat
1 0 -956 -96 -591 -0.731354 0 -0.681998 0 1 0 0.681998 0 -0.731354 3022.dat
1 8 -1153.46 -56 -406.86 -0.681998 0 0.731354 0 1 0 -0.731354 0 -0.681998 3023.dat
1 1 -1160.78 -48 -400.041 -0.731354 0 -0.681998 0 1 0 0.681998 0 -0.731354 4032a.dat
1 0 -318.221 -94 -378.907 -0.731354 0 -0.681998 0 1 0 0.681998 0 -0.731354 4590.dat
1 42 -331.86 -126 -393.534 -0.731354 0 -0.681998 0 1 0 0.681998 0 -0.731354 2412b.dat
1 0 -1007.2 -176 -543.26 -0.681998 0 0.731354 0 1 0 -0.731354 0 -0.681998 3069b.dat
1 8 -509.18 -104 -583.686 -0.731354 0 -0.681998 0 1 0 0.681998 0 -0.731354 4598.dat
1 8 -507.947 -157.8 -582.581 -0.731354 0 -0.681998 0 1 0 0.681998 0 -0.731354 f1.ldr
1 8 -393.24 -96 -459.356 -0.731354 0 -0.681998 0 1 0 0.681998 0 -0.731354 30212.dat
1 0 -318.221 -56 -378.907 -0.731354 0 -0.681998 0 1 0 0.681998 0 -0.731354 4590.dat
1 1 -325.04 -80 -386.221 0.681998 0 -0.731354 0 1 0 0.731354 0 0.681998 6143.dat
1 0 -516 -72 -591 0.681998 0 -0.731354 0 1 0 0.731354 0 0.681998 3404.dat
1 1 -550.1 -78 -627.568 -0.731354 0 -0.681998 0 1 0 0.681998 0 -0.731354 3149dc01.dat
1 0 -516 -96 -591 0.681998 0 -0.731354 0 1 0 0.731354 0 0.681998 3022.dat
1 8 -331.86 -56 -393.534 -0.731354 0 -0.681998 0 1 0 0.681998 0 -0.731354 3023.dat
1 1 -325.04 -40 -386.221 0.681998 0 -0.731354 0 1 0 0.731354 0 0.681998 2476a.dat
1 1 -325.04 -48 -386.221 0.681998 0 -0.731354 0 1 0 0.731354 0 0.681998 4032a.dat
1 0 -468.26 -176 -539.805 -0.731354 0 -0.681998 0 1 0 0.681998 0 -0.731354 3069b.dat
1 0 -516 -72 -591 1 0 0 0 1 0 0 0 1 3403.dat
1 0 -1168.09 -96 -393.221 -0.681998 0 0.731354 0 1 0 -0.731354 0 -0.681998 4590.dat
1 8 -1153.46 -120 -406.86 -0.681998 0 0.731354 0 1 0 -0.731354 0 -0.681998 3039.dat
1 8 -1153.46 -120 -406.86 -0.681998 0 0.731354 0 1 0 -0.731354 0 -0.681998 30244.dat
1 42 -1153.46 -128 -406.86 -0.681998 0 0.731354 0 1 0 -0.731354 0 -0.681998 30244.dat
1 1 -516 -22 -431 0 0 -1 0 1 0 1 0 0 2593.dat
1 1 -956 -22 -711 0 0 1 0 1 0 -1 0 0 2593.dat
1 7 -1161 -21.8 -407 1 0 0 0 0 -1 0 1 0 2607.dat
1 7 -1161 4.8 -398 1 0 0 0 0 -1 0 1 0 2959c01.dat
1 7 -325 -21.8 -397 1 0 0 0 0 -1 0 1 0 2607.dat
1 7 -325 4.8 -388 1 0 0 0 0 -1 0 1 0 2959c01.dat
1 1 -956 -22 -431 0 0 1 0 1 0 -1 0 0 2593.dat
1 1 -946 -6 -591 0 0 1 0 1 0 -1 0 0 6118.dat
1 0 -736 -32 -421 1 0 0 0 1 0 0 0 1 6112.dat
1 8 -636 -32 -441 1 0 0 0 1 0 0 0 1 3004.dat
1 14 -826 -32 -621 -1 0 0 0 1 0 0 0 -1 2357.dat
1 0 -876 -16 -591 0 0 -1 0 1 0 1 0 0 3020.dat
1 8 -916 -32 -431 1 0 0 0 1 0 0 0 1 6249.dat
1 8 -916 -32 -541 1 0 0 0 1 0 0 0 1 3008.dat
1 0 -916 -16 -591 -1 0 0 0 1 0 0 0 -1 2444.dat
1 0 -556 -16 -591 1 0 0 0 1 0 0 0 1 2444.dat
1 1 -576 -24 -591 1 0 0 0 1 0 0 0 1 3022.dat
1 1 -896 -24 -591 1 0 0 0 1 0 0 0 1 3022.dat
1 0 -896 -32 -591 1 0 0 0 1 0 0 0 1 3022.dat
1 7 -936 -6 -591 1 0 0 0 1 0 0 0 1 3673.dat
1 8 -806 0 -491 0 0 -1 0 1 0 1 0 0 3460.dat
1 8 -666 0 -491 0 0 -1 0 1 0 1 0 0 3460.dat
1 8 -906 0 -491 0 0 -1 0 1 0 1 0 0 3460.dat
1 1 -986 -8 -541 1 0 0 0 1 0 0 0 1 4073.dat
1 1 -986 -8 -641 1 0 0 0 1 0 0 0 1 4073.dat
1 42 -986 0 -641 1 0 0 0 1 0 0 0 1 4073.dat
1 1 -636 -40 -431 1 0 0 0 1 0 0 0 1 3022.dat
1 1 -836 -40 -431 1 0 0 0 1 0 0 0 1 3022.dat
1 0 -856 -48 -421 1 0 0 0 1 0 0 0 1 3710.dat
1 0 -616 -48 -421 1 0 0 0 1 0 0 0 1 3710.dat
1 0 -956 -40 -641 1 0 0 0 1 0 0 0 1 3710.dat
1 0 -956 -40 -541 1 0 0 0 1 0 0 0 1 3710.dat
1 1 -646 -56 -421 1 0 0 0 1 0 0 0 1 4073.dat
1 1 -626 -56 -421 1 0 0 0 1 0 0 0 1 4073.dat
1 1 -826 -56 -421 1 0 0 0 1 0 0 0 1 4073.dat
1 1 -846 -56 -421 1 0 0 0 1 0 0 0 1 4073.dat
1 1 -806 -64 -541 0 0 -1 0 1 0 1 0 0 2357.dat
1 8 -856 -88 -521 1 0 0 0 1 0 0 0 1 3010.dat
1 8 -616 -87 -521 1 0 0 0 1 0 0 0 1 3010.dat
1 42 -826 -88 -541 1 0 0 0 1 0 0 0 1 4589.dat
1 0 -616 -111 -521 -1 0 0 0 1 0 0 0 -1 2877.dat
1 8 -816 -112 -531 1 0 0 0 1 0 0 0 1 3003.dat
1 8 -656 -111 -531 1 0 0 0 1 0 0 0 1 3003.dat
1 1 -666 -88 -671 0 0 -1 0 1 0 1 0 0 3004.dat
1 8 -666 -112 -661 1 0 0 0 1 0 0 0 1 3005.dat
1 1 -806 -120 -541 0 0 -1 0 1 0 1 0 0 2420.dat
1 1 -666 -119 -541 1 0 0 0 1 0 0 0 1 2420.dat
1 1 -816 -152 -571 0 0 -1 0 1 0 1 0 0 3020.dat
1 8 -816 -160 -581 1 0 0 0 1 0 0 0 1 3023.dat
1 0 -816 -160 -551 1 0 0 0 1 0 0 0 1 4150.dat
1 42 -816 -168 -621 1 0 0 0 1 0 0 0 1 3023.dat
1 0 -816 -176 -541 1 0 0 0 1 0 0 0 1 3023.dat
1 0 -656 -175 -541 1 0 0 0 1 0 0 0 1 3023.dat
1 1 -856 -57.5 -663 1 0 0 0 1 0 0 0 1 3839b.dat
1 8 -836 -32 -441 1 0 0 0 1 0 0 0 1 3004.dat
1 42 -986 0 -541 1 0 0 0 1 0 0 0 1 4073.dat
0
0 FILE v4.ldr
0 New Model
0 Name: v4.ldr
0 Author: MLCad
0 Unofficial Model
0 Name: 6977 Arachnoid Star Base.L3B.ldr
0 Author: LEGO Digital Designer 4.2

0 ROTATION CENTER 0 0 0 1 "Custom" 
0 ROTATION CONFIG 0 0
1 1 -9 -240 -101 0 0 -1 0 1 0 1 0 0 3680c01.dat
1 42 -9 -297.85 -128.347 1 0 0 0 0.350193 -0.936678 0 0.936678 0.350193 4589.dat
1 0 -9 -8 -121 1 0 0 0 1 0 0 0 1 3033.dat
1 8 -9 -128 -221 -1 0 0 0 1 0 0 0 -1 4476.dat
1 8 -49 -128 -61 1 0 0 0 1 0 0 0 1 4476.dat
1 8 31 -128 -61 1 0 0 0 1 0 0 0 1 4476.dat
1 8 11 -128 -161 0 0 -1 0 1 0 1 0 0 4476.dat
1 8 -29 -128 -161 0 0 1 0 1 0 -1 0 0 4476.dat
1 0 -9 -8 -201 1 0 0 0 1 0 0 0 1 3022.dat
1 1 -9 -136 -101 1 0 0 0 1 0 0 0 1 3958.dat
1 1 -9 -136 -191 1 0 0 0 1 0 0 0 1 2419.dat
1 0 -59 -160 -71 0 0 -1 0 1 0 1 0 0 3622.dat
1 0 -59 -184 -71 0 0 -1 0 1 0 1 0 0 3622.dat
1 0 41 -160 -71 0 0 -1 0 1 0 1 0 0 3622.dat
1 0 41 -184 -71 0 0 -1 0 1 0 1 0 0 3622.dat
1 1 -9 -136 -231 -1 0 0 0 1 0 0 0 -1 30209.dat
1 34 -9.08 -132 -260 -1 0 0 0 0 1 0 1 0 30208.dat
1 8 -9 -144 -181 0 0 -1 0 1 0 1 0 0 3795.dat
1 42 -9 -152 -231 1 0 0 0 1 0 0 0 1 2412b.dat
1 34 -88.08 -140 -161 0 1 0 0 0 1 1 0 0 30208.dat
1 1 -59 -144 -161 0 0 -1 0 1 0 1 0 0 30209.dat
1 1 41 -144 -161 0 0 1 0 1 0 -1 0 0 30209.dat
1 34 70.92 -140 -161 0 -1 0 0 0 1 -1 0 0 30208.dat
1 1 -59 -192 -91 0 0 1 0 1 0 -1 0 0 6019.dat
1 1 41 -192 -91 0 0 -1 0 1 0 1 0 0 6019.dat
1 1 -59 -192 -61 0 0 -1 0 1 0 1 0 0 3023.dat
1 1 41 -192 -61 0 0 -1 0 1 0 1 0 0 3023.dat
1 0 -59 -216 -91 0 0 -1 0 1 0 1 0 0 3665.dat
1 0 41 -216 -91 0 0 1 0 1 0 -1 0 0 3665.dat
1 8 -59 -216 -71 -1 0 0 0 1 0 0 0 -1 3040b.dat
1 8 41 -216 -71 -1 0 0 0 1 0 0 0 -1 3040b.dat
1 1 -59 -224 -91 1 0 0 0 1 0 0 0 1 2420.dat
1 1 41 -224 -91 0 0 -1 0 1 0 1 0 0 2420.dat
1 8 -9 -144 -51 1 0 0 0 1 0 0 0 1 4625.dat
1 34 -8.948 -216 -70.998 -1 0 0 0 1 0 0 0 -1 2582.dat
1 1 -8.948 -224 -70.998 -1 0 0 0 1 0 0 0 -1 2540.dat
1 0 -9 -152 -161 1 0 0 0 1 0 0 0 1 30200.dat
1 8 -9 -160 -151 1 0 0 0 1 0 0 0 1 3069b.dat
1 42 -9 -160 -81 1 0 0 0 1 0 0 0 1 30213.dat
1 8 -9 -232 -101 1 0 0 0 1 0 0 0 1 3795.dat
1 42 -12 -224.626 -196.784 -1 0 0 0 0.719765 0.695093 0 0.695093 -0.719765 2418b.dat
1 0 -12 -230.384 -202.337 1 0 0 0 0.719328 -0.694671 0 0.694671 0.719328 3068b.dat
1 8 -9 -264 -91 1 0 0 0 1 0 0 0 1 3039.dat
1 8 61 -72 -200 1 0 0 0 1 0 0 0 1 f3.ldr
1 1 -9 -272 -91 1 0 0 0 1 0 0 0 1 2540.dat
1 42 -79.842 -190 -105 -1 0 0 0 0 -1 0 -1 0 30210.dat
1 42 61.158 -190 -101 1 0 0 0 0 1 0 -1 0 30210.dat
1 1 -9 -289.446 -105.866 1 0 0 0 0.350405 -0.937248 0 0.937248 0.350405 6019.dat
1 0 -9 -302.753 -141.46 1 0 0 0 -0.350194 0.936677 0 -0.936677 -0.350194 4285b.dat
1 42 -9 -300.652 -135.84 1 0 0 0 0.350194 -0.936677 0 0.936677 0.350194 2569.dat
1 8 -9 -305.555 -148.953 -1 0 0 0 -0.350194 -0.936677 0 -0.936677 0.350194 4740.dat

0 WORLD  1086.46 -973.2866 -739.9515 0.6410666 0.03788519 0.7665461 0.4060937 0.8307662 -0.3806776 -0.6512445 0.5553321 0.5171923
0 CENTRE  -566 -76 -671
0 LOOKAT  383 -1150 0
0 ZOOM  72
0 ROTANGLE 0
0 
0
0 FILE f1.ldr
0 New Minifig Model
0 Name: f1.ldr
0 Author: MLCad
0 Unofficial Model
0 ROTATION CENTER 0 0 0 1 "Custom" 
0 ROTATION CONFIG 0 0
1 34 0 -27 0 1 0 0 0 1 0 0 0 1 30214.dat
1 8 0 -27 0 1 0 0 0 1 0 0 0 1 3626bp69.dat
1 0 0 -0.2 0 1 0 0 0 1 0 0 0 1 3838.dat
1 8 0 0 0 1 0 0 0 1 0 0 0 1 973.dat
1 8 0 32 0 1 0 0 0 1 0 0 0 1 3815.dat
1 2 -15.552 9 0 0.985 -0.17 0 0.17 0.985 0 0 0 1 3818.dat
1 2 15.552 9 0 0.985 0.17 0 -0.17 0.985 0 0 0 1 3819.dat
1 0 -23.8634 26.5956 -10.321 0.985 -0.12019 0.12019 0.17 0.696395 -0.696395 0 0.707 0.707 3820.dat
1 0 23.8634 26.5956 -10.321 0.985 0.12019 -0.12019 -0.17 0.696395 -0.696395 0 0.707 0.707 3820.dat
1 0 0 44 0 1 0 0 0 0 1 0 -1 0 3816.dat
1 0 0 44 0 1 0 0 0 0 1 0 -1 0 3817.dat
0
0 FILE f2.ldr
0 New Model
0 Name: f2.ldr
0 Author: MLCad
0 Unofficial Model
0 New Minifig Model
0 Name: f1.ldr
0 Author: MLCad
0 Unofficial Model
0 ROTATION CENTER 0 0 0 1 "Custom" 
0 ROTATION CONFIG 0 0
1 34 0 -27 0 1 0 0 0 1 0 0 0 1 30214.dat
1 8 0 -27 0 1 0 0 0 1 0 0 0 1 3626bp69.dat
1 0 0 -0.2 0 1 0 0 0 1 0 0 0 1 30121.dat
1 8 0 0 0 1 0 0 0 1 0 0 0 1 973.dat
1 8 0 32 0 1 0 0 0 1 0 0 0 1 3815.dat
1 0 -15.552 9 0 0.985 -0.17 0 0.17 0.985 0 0 0 1 3818.dat
1 0 15.552 9 0 0.985 0.17 0 -0.17 0.985 0 0 0 1 3819.dat
1 0 -23.8634 26.5956 -10.321 0.985 -0.12019 0.12019 0.17 0.696395 -0.696395 0 0.707 0.707 3820.dat
1 0 23.8634 26.5956 -10.321 0.985 0.12019 -0.12019 -0.17 0.696395 -0.696395 0 0.707 0.707 3820.dat
1 0 0 44 0 1 0 0 0 0 1 0 -1 0 3816.dat
1 0 0 44 0 1 0 0 0 0 1 0 -1 0 3817.dat
0
0 FILE f3.ldr
0 New Minifig Model
0 Name: f3.ldr
0 Author: MLCad
0 Unofficial Model
0 ROTATION CENTER 0 0 0 1 "Custom" 
0 ROTATION CONFIG 0 0
1 47 0 -24 0 1 0 0 0 1 0 0 0 1 2446.dat
1 0 0 -24 0 1 0 0 0 1 0 0 0 1 3626bp63.dat
1 0 0 0 0 1 0 0 0 1 0 0 0 1 973p63.dat
1 8 0 32 0 1 0 0 0 1 0 0 0 1 3815.dat
1 8 -15.552 9 0 0.985 -0.17 0 0.17 0.985 0 0 0 1 3818.dat
1 8 15.552 9 0 0.985 0.17 0 -0.17 0.985 0 0 0 1 3819.dat
1 0 -23.8634 26.5956 -10.321 0.985 -0.12019 0.12019 0.17 0.696395 -0.696395 0 0.707 0.707 3820.dat
1 0 23.8634 26.5956 -10.321 0.985 0.12019 -0.12019 -0.17 0.696395 -0.696395 0 0.707 0.707 3820.dat
1 0 0 44 0 1 0 0 0 1 0 0 0 1 971p63.dat
1 0 0 44 0 1 0 0 0 1 0 0 0 1 972p63.dat
0
0 FILE f4.ldr
0 New Model
0 Name: f4.ldr
0 Author: MLCad
0 Unofficial Model
0 New Minifig Model
0 Name: f3.ldr
0 Author: MLCad
0 Unofficial Model
0 ROTATION CENTER 0 0 0 1 "Custom" 
0 ROTATION CONFIG 0 0
1 47 0 -24 0 1 0 0 0 1 0 0 0 1 2446.dat
1 0 0 -24 0 1 0 0 0 1 0 0 0 1 3626bp63.dat
1 0 0 0 0 1 0 0 0 1 0 0 0 1 973p63.dat
1 8 0 32 0 1 0 0 0 1 0 0 0 1 3815.dat
1 8 -15.552 9 0 0.985 -0.17 0 0.120208 0.6965 0.707107 -0.120208 -0.6965 0.707107 3818.dat
1 8 15.552 9 0 0.985 0.17 0 -0.17 0.985 0 0 0 1 3819.dat
1 0 -23.863 14.144 -19.74 0.985 -0.12019 0.12019 0.120208 0.99235 0.00749887 -0.120208 0.00749887 0.99235 3820.dat
1 0 23.8634 26.5956 -10.321 0.985 0.12019 -0.12019 -0.17 0.696395 -0.696395 0 0.707 0.707 3820.dat
1 0 0 44 0 1 0 0 0 1 0 0 0 1 971p63.dat
1 0 0 44 0 1 0 0 0 1 0 0 0 1 972p63.dat
0 
0
0
