0 FILE 70814 - Main.ldr
0 Main
0 Name: 70814 - Main.ldr
0 Author: Roland Dahl [Papacharly]
0 !LDRAW_ORG Model
0 !LICENSE Redistributable under CCAL version 2.0 : see CAreadme.txt
0 ROTATION CENTER 0 0 0 1 "Custom"
0 ROTATION CONFIG 0 0
1 0 0 0 0 1 0 0 0 1 0 0 0 1 70814 - ECoM.ldr



0 FILE 70814 - ECoM.ldr
0 ECom
0 Name: 70814 - ECoM.ldr
0 Author: Roland Dahl [Papacharly]
0 !LDRAW_ORG Model
0 !LICENSE Redistributable under CCAL version 2.0 : see CAreadme.txt

0 ROTATION CENTER 0 0 0 1 "Custom"
0 ROTATION CONFIG 0 0
1 71 0 142 136 1 0 0 0 0 -1 0 1 0 3666.dat
1 71 0 102 136 -1 0 0 0 0 1 0 1 0 2419.dat
1 14 -50 132 112 0 0 -1 -1 0 0 0 1 0 3700.dat
1 14 -30 132 112 0 0 -1 -1 0 0 0 1 0 3700.dat
1 14 30 132 112 0 0 -1 -1 0 0 0 1 0 3700.dat
1 14 50 132 112 0 0 -1 -1 0 0 0 1 0 3700.dat
1 71 -30 102 112 0 0 -1 -1 0 0 0 1 0 3062b.dat
1 71 30 102 112 0 0 -1 -1 0 0 0 1 0 3062b.dat
1 71 0 52 136 0 0 -1 -1 0 0 0 1 0 3022.dat
1 72 -10 32 112 0 0 -1 -1 0 0 0 1 0 6112.dat
1 72 10 32 112 0 0 -1 -1 0 0 0 1 0 6112.dat
1 72 0 -48 136 0 0 -1 -1 0 0 0 1 0 3036.dat
1 0 0 -98 128 -1 0 0 0 0 1 0 1 0 3023.dat
1 1 -10 -128 128 0 0 -1 -1 0 0 0 1 0 63868.dat
1 1 10 -128 128 0 0 -1 -1 0 0 0 1 0 63868.dat
1 14 50 -108 112 0 0 -1 -1 0 0 0 1 0 3700.dat
1 14 -50 -108 112 0 0 -1 -1 0 0 0 1 0 3700.dat
1 14 -30 -68 112 0 0 -1 -1 0 0 0 1 0 3009.dat
1 14 30 -68 112 0 0 -1 -1 0 0 0 1 0 3009.dat
1 0 30 12 112 0 0 -1 -1 0 0 0 1 0 32064a.dat
1 0 -30 12 112 0 0 -1 -1 0 0 0 1 0 32064a.dat
1 4 0 -118 112 1 0 0 0 0 -1 0 1 0 47457.dat
1 0 50 12 112 0 0 -1 -1 0 0 0 1 0 32064a.dat
1 0 -50 12 112 0 0 -1 -1 0 0 0 1 0 32064a.dat
1 71 50 -28 112 0 0 1 1 0 0 0 1 0 2877.dat
1 71 -50 -28 112 0 0 -1 -1 0 0 0 1 0 2877.dat
1 14 50 -68 112 0 0 -1 -1 0 0 0 1 0 3747a.dat
1 14 -50 -68 112 0 0 1 1 0 0 0 1 0 3747a.dat
1 14 80 -108 112 -1 0 0 0 0 1 0 1 0 6232.dat
1 14 -80 -108 112 1 0 0 0 0 -1 0 1 0 6232.dat
1 1 80 -108 136 0 0 1 1 0 0 0 1 0 4032a.dat
1 1 -80 -108 136 0 0 1 1 0 0 0 1 0 4032a.dat
1 72 0 132 104 1 0 0 0 0 -1 0 1 0 3795.dat
1 71 0 72 104 0 0 -1 -1 0 0 0 1 0 3020.dat
1 71 0 -8 104 -1 0 0 0 0 1 0 1 0 3032.dat
1 71 60 -88 104 -1 0 0 0 0 1 0 1 0 3032.dat
1 71 -60 -88 104 -1 0 0 0 0 1 0 1 0 3032.dat
1 14 0 -118 80 -1 0 0 0 0 1 0 1 0 3009.dat
1 0 80 -118 96 -1 0 0 0 0 1 0 1 0 3023.dat
1 0 -80 -118 96 -1 0 0 0 0 1 0 1 0 3023.dat
1 71 -70 -118 88 -1 0 0 0 0 1 0 1 0 6141.dat
1 71 70 -118 88 -1 0 0 0 0 1 0 1 0 6141.dat
1 71 30 102 88 0 0 -1 -1 0 0 0 1 0 3062b.dat
1 71 -30 102 88 0 0 -1 -1 0 0 0 1 0 3062b.dat
1 71 40 132 96 0 0 -1 -1 0 0 0 1 0 3022.dat
1 71 -40 132 96 0 0 -1 -1 0 0 0 1 0 3022.dat
1 14 0 22 80 -1 0 0 0 0 1 0 1 0 3009.dat
1 14 50 -48 80 0 0 1 1 0 0 0 1 0 3009.dat
1 14 -50 -48 80 0 0 1 1 0 0 0 1 0 3009.dat
1 71 90 -118 88 -1 0 0 0 0 1 0 1 0 6141.dat
1 71 -90 -118 88 -1 0 0 0 0 1 0 1 0 6141.dat
1 14 -10 92 80 0 0 1 1 0 0 0 1 0 3009.dat
1 14 10 92 80 0 0 1 1 0 0 0 1 0 3009.dat
1 4 70 -98 80 0 0 1 1 0 0 0 1 0 2357.dat
1 4 -70 -98 80 -1 0 0 0 0 1 0 1 0 2357.dat
1 0 110 -108 80 0 0 -1 -1 0 0 0 1 0 32064a.dat
1 0 -110 -108 80 0 0 -1 -1 0 0 0 1 0 32064a.dat
1 71 0 132 72 0 0 -1 -1 0 0 0 1 0 3022.dat
1 14 0 42 56 1 0 0 0 0 -1 0 1 0 3298.dat
1 14 0 102 88 0 0 -1 -1 0 0 0 1 0 93273.dat
1 14 30 132 72 0 0 -1 -1 0 0 0 1 0 3700.dat
1 14 50 132 72 0 0 -1 -1 0 0 0 1 0 3700.dat
1 14 -30 132 72 0 0 -1 -1 0 0 0 1 0 3700.dat
1 14 -50 132 72 0 0 -1 -1 0 0 0 1 0 3700.dat
1 72 100 -68 80 1 0 0 0 0 -1 0 1 0 48169.dat
1 72 -100 -68 80 -1 0 0 0 0 1 0 1 0 48169.dat
1 14 10 132 48 0 0 -1 -1 0 0 0 1 0 3298.dat
1 14 -10 132 48 0 0 1 1 0 0 0 1 0 3298.dat
1 0 70 -58 80 1 0 0 0 0 -1 0 1 0 4287a.dat
1 0 -70 -58 80 1 0 0 0 0 -1 0 1 0 4287a.dat
1 14 0 122 40 -1 0 0 0 0 1 0 1 0 48336.dat
1 72 -10 132 48 1 0 0 0 0 -1 0 1 0 11477.dat
1 72 10 132 48 1 0 0 0 0 -1 0 1 0 11477.dat
1 0 80 -118 80 -1 0 0 0 0 1 0 1 0 93274.dat
1 72 80 -140 110 1 0 0 0 1 0 0 0 1 3710.dat
1 71 80 -148 110 1 0 0 0 1 0 0 0 1 2540.dat
1 14 80 -156 110 1 0 0 0 1 0 0 0 1 3069b.dat
1 14 110 -156 90 1 0 0 0 1 0 0 0 1 50950.dat
1 14 50 -156 90 1 0 0 0 1 0 0 0 1 50950.dat
1 14 100 -146 90 0 -1 0 -1 0 0 0 0 -1 2335.dat
1 0 -80 -118 80 -1 0 0 0 0 1 0 1 0 93274.dat
1 72 -80 -140 110 1 0 0 0 1 0 0 0 1 3710.dat
1 71 -80 -148 110 1 0 0 0 1 0 0 0 1 2540.dat
1 14 -80 -156 110 1 0 0 0 1 0 0 0 1 3069b.dat
1 14 -50 -156 90 1 0 0 0 1 0 0 0 1 50950.dat
1 14 -110 -156 90 1 0 0 0 1 0 0 0 1 50950.dat
1 14 -60 -146 90 0 -1 0 -1 0 0 0 0 -1 2335.dat
1 72 0 2 96 1 0 0 0 0 -1 0 1 0 3710.dat
1 71 0 2 72 1 0 0 0 0 -1 0 1 0 3010.dat
1 1 0 2 48 -1 0 0 0 0 1 0 1 0 30414.dat
1 14 -10 2 40 -1 0 0 0 0 1 0 1 0 2420.dat
1 14 10 2 40 0 0 1 1 0 0 0 1 0 2420.dat
1 14 -30 2 24 1 0 0 0 0 -1 0 1 0 6091.dat
1 14 30 2 24 1 0 0 0 0 -1 0 1 0 6091.dat
1 0 0 2 32 1 0 0 0 0 -1 0 1 0 3023.dat
1 1 0 2 8 -1 0 0 0 0 1 0 1 0 30414.dat
1 14 0 2 0 -1 0 0 0 0 1 0 1 0 2431.dat
1 0 0 22 48 1 0 0 0 0 -1 0 1 0 3023.dat
1 71 0 22 56 1 0 0 0 0 -1 0 1 0 3010.dat
1 14 -10 22 24 1 0 0 0 0 -1 0 1 0 6091.dat
1 14 10 22 24 1 0 0 0 0 -1 0 1 0 6091.dat
1 71 10 22 24 1 0 0 0 0 -1 0 1 0 6141.dat
1 71 -10 22 24 1 0 0 0 0 -1 0 1 0 6141.dat
1 71 80 -28 72 0 0 -1 -1 0 0 0 1 0 3030.dat
1 4 80 52 64 0 0 -1 -1 0 0 0 1 0 2460.dat
1 2 80 22 48 -1 0 0 0 0 1 0 1 0 3004.dat
1 1 80 2 48 -1 0 0 0 0 1 0 1 0 3937.dat
1 14 110 -8 48 0 0 1 1 0 0 0 1 0 3010.dat
1 14 50 -8 48 0 0 1 1 0 0 0 1 0 3010.dat
1 14 110 -58 48 -1 0 0 0 0 1 0 1 0 60477.dat
1 14 50 -58 48 -1 0 0 0 0 1 0 1 0 60477.dat
1 72 80 -50.5159 49.8712 0 0 1 0.981627 0.190809 0 -0.190809 0.981627 0 3795.dat
1 15 80 0.0918884 48.1837 1 0 0 0 0.190809 -0.981627 0 0.981627 0.190809 6134.dat
1 0 80 -2.96106 32.4777 1 0 0 0 0.190809 -0.981627 0 0.981627 0.190809 30244.dat
1 0 80 -22.5936 36.2939 1 0 0 0 0.190809 -0.981627 0 0.981627 0.190809 30244.dat
1 0 80 -42.2261 40.11 1 0 0 0 0.190809 -0.981627 0 0.981627 0.190809 30244.dat
1 0 80 -61.8587 43.9262 1 0 0 0 0.190809 -0.981627 0 0.981627 0.190809 30244.dat
1 0 80 -81.4912 47.7424 1 0 0 0 0.190809 -0.981627 0 0.981627 0.190809 30244.dat
1 0 80 -101.124 51.5586 1 0 0 0 0.190809 -0.981627 0 0.981627 0.190809 30244.dat
1 14 50 2 24 -1 0 0 0 0 1 0 1 0 60477.dat
1 14 110 2 24 -1 0 0 0 0 1 0 1 0 60477.dat
1 14 80 22 24 -1 0 0 0 0 1 0 1 0 3010.dat
1 14 110 42 24 1 0 0 0 0 -1 0 1 0 60481.dat
1 14 50 42 24 1 0 0 0 0 -1 0 1 0 60481.dat
1 2 80 34 44 0 0 -1 0 1 0 1 0 0 4150.dat
1 14 80 52 44 0 0 -1 0 1 0 1 0 0 30361a.dat
1 71 80 12 16 1 0 0 0 0 -1 0 1 0 3031.dat
1 72 80 22 8 0 0 -1 -1 0 0 0 1 0 3021.dat
1 14 110 -18 8 -1 0 0 0 0 1 0 1 0 2420.dat
1 14 50 -18 8 0 0 1 1 0 0 0 1 0 2420.dat
1 14 50 32 8 1 0 0 0 0 -1 0 1 0 92946.dat
1 14 110 32 8 1 0 0 0 0 -1 0 1 0 92946.dat
1 14 110 2 0 -1 0 0 0 0 1 0 1 0 2420.dat
1 14 50 2 0 0 0 1 1 0 0 0 1 0 2420.dat
1 14 50 -18 0 -1 0 0 0 0 1 0 1 0 15070.dat
1 14 70 -18 0 -1 0 0 0 0 1 0 1 0 15070.dat
1 14 90 -18 0 -1 0 0 0 0 1 0 1 0 15070.dat
1 14 110 -18 0 -1 0 0 0 0 1 0 1 0 15070.dat
1 72 70 32 8 1 0 0 0 0 -1 0 1 0 61409.dat
1 72 90 32 8 1 0 0 0 0 -1 0 1 0 61409.dat
1 14 80 -8 0 -1 0 0 0 0 1 0 1 0 88930.dat
1 14 50 22 -8 -1 0 0 0 0 1 0 1 0 3070b.dat
1 14 110 22 -8 -1 0 0 0 0 1 0 1 0 3070b.dat
1 71 -80 -28 72 0 0 -1 -1 0 0 0 1 0 3030.dat
1 4 -80 52 64 0 0 -1 -1 0 0 0 1 0 2460.dat
1 2 -80 22 48 -1 0 0 0 0 1 0 1 0 3004.dat
1 1 -80 2 48 -1 0 0 0 0 1 0 1 0 3937.dat
1 14 -50 -8 48 0 0 1 1 0 0 0 1 0 3010.dat
1 14 -110 -8 48 0 0 1 1 0 0 0 1 0 3010.dat
1 14 -50 -58 48 -1 0 0 0 0 1 0 1 0 60477.dat
1 14 -110 -58 48 -1 0 0 0 0 1 0 1 0 60477.dat
1 14 -110 2 24 -1 0 0 0 0 1 0 1 0 60477.dat
1 14 -50 2 24 -1 0 0 0 0 1 0 1 0 60477.dat
1 14 -80 22 24 -1 0 0 0 0 1 0 1 0 3010.dat
1 14 -50 42 24 1 0 0 0 0 -1 0 1 0 60481.dat
1 14 -110 42 24 1 0 0 0 0 -1 0 1 0 60481.dat
1 71 -80 12 16 1 0 0 0 0 -1 0 1 0 3031.dat
1 72 -80 22 8 0 0 -1 -1 0 0 0 1 0 3021.dat
1 14 -50 -18 8 -1 0 0 0 0 1 0 1 0 2420.dat
1 14 -110 -18 8 0 0 1 1 0 0 0 1 0 2420.dat
1 14 -110 32 8 1 0 0 0 0 -1 0 1 0 92946.dat
1 14 -50 32 8 1 0 0 0 0 -1 0 1 0 92946.dat
1 14 -50 2 0 -1 0 0 0 0 1 0 1 0 2420.dat
1 14 -110 2 0 0 0 1 1 0 0 0 1 0 2420.dat
1 72 -90 32 8 1 0 0 0 0 -1 0 1 0 61409.dat
1 72 -70 32 8 1 0 0 0 0 -1 0 1 0 61409.dat
1 14 -50 -18 0 -1 0 0 0 0 1 0 1 0 15070.dat
1 14 -110 -18 0 -1 0 0 0 0 1 0 1 0 15070.dat
1 14 -90 -18 0 -1 0 0 0 0 1 0 1 0 15070.dat
1 14 -70 -18 0 -1 0 0 0 0 1 0 1 0 15070.dat
1 14 -80 -8 0 -1 0 0 0 0 1 0 1 0 88930.dat
1 14 -110 22 -8 -1 0 0 0 0 1 0 1 0 3070b.dat
1 14 -50 22 -8 -1 0 0 0 0 1 0 1 0 3070b.dat
1 2 -80 34 44 0 0 -1 0 1 0 1 0 0 4150.dat
1 14 -80 52 44 0 0 -1 0 1 0 1 0 0 30361a.dat
1 72 -80 -50.5159 49.8712 0 0 1 0.981627 0.190809 0 -0.190809 0.981627 0 3795.dat
1 15 -80 0.0918884 48.1837 1 0 0 0 0.190809 -0.981627 0 0.981627 0.190809 6134.dat
1 0 -80 -2.96106 32.4777 1 0 0 0 0.190809 -0.981627 0 0.981627 0.190809 30244.dat
1 0 -80 -22.5936 36.2939 1 0 0 0 0.190809 -0.981627 0 0.981627 0.190809 30244.dat
1 0 -80 -42.2261 40.11 1 0 0 0 0.190809 -0.981627 0 0.981627 0.190809 30244.dat
1 0 -80 -61.8587 43.9262 1 0 0 0 0.190809 -0.981627 0 0.981627 0.190809 30244.dat
1 0 -80 -81.4912 47.7424 1 0 0 0 0.190809 -0.981627 0 0.981627 0.190809 30244.dat
1 0 -80 -101.124 51.5586 1 0 0 0 0.190809 -0.981627 0 0.981627 0.190809 30244.dat
1 14 0 -48 144 -1 0 0 0 0 1 0 1 0 3001.dat
1 14 20 -18 144 1 0 0 0 0 -1 0 1 0 3747a.dat
1 14 -20 -18 144 1 0 0 0 0 -1 0 1 0 3747a.dat
1 14 -20 -78 144 -1 0 0 0 0 1 0 1 0 3747a.dat
1 14 20 -78 144 -1 0 0 0 0 1 0 1 0 3747a.dat
1 72 20 -68 168 -1 0 0 0 0 1 0 1 0 11203.dat
1 72 -20 -68 168 -1 0 0 0 0 1 0 1 0 11203.dat
1 72 -20 -28 168 -1 0 0 0 0 1 0 1 0 11203.dat
1 72 20 -28 168 -1 0 0 0 0 1 0 1 0 11203.dat
1 1 0 132 152 0 0 -1 -1 0 0 0 1 0 3022.dat
1 4 40 132 152 1 0 0 0 0 -1 0 1 0 2444.dat
1 4 -40 132 152 -1 0 0 0 0 1 0 1 0 2444.dat
1 71 0 132 160 -1 0 0 0 0 1 0 1 0 3020.dat
1 72 0 132 144 1 0 0 0 0 -1 0 1 0 3795.dat
1 71 0 -16 48 1 0 0 0 1 0 0 0 1 3031.dat
1 0 0 -24 78 1 0 0 0 1 0 0 0 1 30244.dat
1 0 0 -24 18 1 0 0 0 1 0 0 0 1 30244.dat
1 1 10 -24 48 0 0 -1 0 1 0 1 0 0 3794b.dat
1 1 -10 -24 48 0 0 -1 0 1 0 1 0 0 3794b.dat
1 72 0 -32 28 -1 0 0 0 1 0 0 0 -1 4590.dat
0 Assembly 5
1 71 -30 -40 18 0.707106 0 0.707106 0 1 0 -0.707106 0 0.707106 4592.dat
0 Assembly 5
1 0 -30 -40 18 0.707106 -0.703328 0.0738122 0 0.104386 0.994656 -0.707106 -0.703328 0.0738122 4593.dat
0 Assembly 6
1 71 30 -40 18 0.707106 0 -0.707106 0 1 0 0.707106 0 0.707106 4592.dat
0 Assembly 6
1 0 30 -40 18 0.707106 0.703328 -0.0738122 0 0.104386 0.994656 0.707106 -0.703328 0.0738122 4593.dat
1 0 0 -152 60 0 0 -1 0 1 0 1 0 0 3032.dat
1 71 0 -160 60 -1 0 0 0 1 0 0 0 -1 3020.dat
1 71 0 -168 80 0 0 1 0 1 0 -1 0 0 3020.dat
1 14 -30 -176 100 -1 0 0 0 1 0 0 0 -1 41762.dat
1 14 30 -176 100 -1 0 0 0 1 0 0 0 -1 41762.dat
1 1 0 -176 100 -1 0 0 0 1 0 0 0 -1 3022.dat
1 72 -30 -160 20 0 0 1 0 1 0 -1 0 0 60478.dat
1 72 30 -160 20 0 0 1 0 1 0 -1 0 0 60478.dat
1 14 0 -160 10 1 0 0 0 1 0 0 0 1 32028.dat
1 14 0 -176 70 1 0 0 0 1 0 0 0 1 45677.dat
1 14 20 -184 90 0 0 -1 0 1 0 1 0 0 92946.dat
1 14 -20 -184 90 0 0 1 0 1 0 -1 0 0 92946.dat
1 72 -20 -184 70 1 0 0 0 1 0 0 0 1 99780.dat
1 72 20 -184 70 1 0 0 0 1 0 0 0 1 99780.dat
1 0 0 -186 48 1 0 0 0 0 -1 0 1 0 3023.dat
1 14 -10 -192 120 -1 0 0 0 1 0 0 0 -1 61678.dat
1 14 10 -192 120 -1 0 0 0 1 0 0 0 -1 61678.dat
1 47 0 -144 60 0 0 -1 0 1 0 1 0 0 2654.dat
1 36 -10 -186 40 0 0 -1 -1 0 0 0 1 0 3070b.dat
1 36 10 -186 40 0 0 -1 -1 0 0 0 1 0 3070b.dat
1 36 30 -186 56 0 0 -1 -1 0 0 0 1 0 54200.dat
1 36 -30 -186 56 0 0 1 1 0 0 0 1 0 54200.dat
1 72 -10 -160 100 0 0 -1 0 1 0 1 0 0 60478.dat
1 72 10 -160 100 0 0 -1 0 1 0 1 0 0 60478.dat
1 72 0 -25.5 -22 -1 0 0 0 0 1 0 1 0 2540.dat
1 72 -10 -25.5 -30 0 0 1 1 0 0 0 1 0 4081b.dat
1 72 10 -25.5 -30 0 0 -1 -1 0 0 0 1 0 4081b.dat
1 14 0 -25.5 -38 -1 0 0 0 0 1 0 1 0 32028.dat
1 0 10 -25.5 -46 -1 0 0 0 0 1 0 1 0 6141.dat
1 0 -10 -25.5 -46 -1 0 0 0 0 1 0 1 0 6141.dat
1 72 30 -35.5 -28 -1 0 0 0 1 0 0 0 -1 63965.dat
1 72 30 -158 -10 0 0 -1 1 0 0 0 -1 0 53989.dat
1 72 -30 -35.5 -28 -1 0 0 0 1 0 0 0 -1 63965.dat
1 72 -30 -158 -10 0 0 -1 1 0 0 0 -1 0 53989.dat
1 0 50 -52 -30 0 0 1 1 0 0 0 1 0 6019.dat
1 0 -50 -52 -30 0 0 -1 -1 0 0 0 1 0 6019.dat
1 0 -50 -104 -26 0 0 -1 1 0 0 0 -1 0 6019.dat
1 0 -50 -104 -34 0 0 1 -1 0 0 0 -1 0 30367b.dat
1 47 -50 -104 -58 0 0 1 -1 0 0 0 -1 0 2654.dat
1 0 50 -102 -26 0 0 1 -1 0 0 0 -1 0 6019.dat
1 0 50 -102 -34 0 0 -1 1 0 0 0 -1 0 30367b.dat
1 47 50 -102 -58 0 0 -1 1 0 0 0 -1 0 2654.dat
1 71 -50 -52 -38 -1 0 0 0 0 1 0 1 0 3070bp07.dat
1 71 50 -52 -38 1 0 0 0 0 -1 0 1 0 3070bp07.dat
1 72 90 394.001 126.014 0 0 -1 0 1 0 1 0 0 3460.dat
1 0 90 370.001 66.0143 0 0 -1 0 1 0 1 0 0 3894.dat
1 14 90 370.001 136.014 0 0 -1 0 1 0 1 0 0 3005.dat
1 0 90 370.001 156.014 -1 0 0 0 1 0 0 0 -1 4286.dat
1 72 90 394.001 26.0143 -1 0 0 0 1 0 0 0 -1 3021.dat
1 71 110 370.001 26.0143 0 0 -1 0 1 0 1 0 0 32000.dat
1 71 70 370.001 26.0143 0 0 -1 0 1 0 1 0 0 32000.dat
1 71 70 380.001 66.0143 0 1 0 -1 0 0 0 0 1 32348.dat
1 71 110 380.001 66.0143 0 1 0 -1 0 0 0 0 1 32348.dat
1 72 90 362.001 26.0143 -1 0 0 0 1 0 0 0 -1 3021.dat
1 72 90 362.001 66.0143 -1 0 0 0 1 0 0 0 -1 3021.dat
1 72 90 362.001 126.014 0 0 1 0 1 0 -1 0 0 3710.dat
1 0 90 338.001 76.0143 -1 0 0 0 1 0 0 0 -1 4286.dat
1 71 90 338.001 46.0143 0 0 -1 0 1 0 1 0 0 2877.dat
1 14 90 362.001 16.0143 1 0 0 0 1 0 0 0 1 54200.dat
1 71 110 338.001 56.0143 1 0 0 0 1 0 0 0 1 3040a.dat
1 71 70 338.001 56.0143 1 0 0 0 1 0 0 0 1 3040a.dat
1 4 110 338.001 76.0143 0 0 -1 0 1 0 1 0 0 6541.dat
1 4 70 338.001 76.0143 0 0 -1 0 1 0 1 0 0 6541.dat
1 0 70 330.001 66.0143 0 0 -1 0 1 0 1 0 0 3023.dat
1 0 110 330.001 66.0143 0 0 -1 0 1 0 1 0 0 3023.dat
1 71 90 330.001 76.0143 0 0 -1 0 1 0 1 0 0 6141.dat
1 72 90 330.001 46.0143 0 0 1 0 1 0 -1 0 0 60478.dat
1 72 90 322.001 66.0143 -1 0 0 0 1 0 0 0 -1 3021.dat
1 71 90 322.001 36.0143 -1 0 0 0 1 0 0 0 -1 6141.dat
1 71 90 332.001 162.014 -1 0 0 0 0.796916 -0.604088 0 -0.604088 -0.796916 4519.dat
1 14 90 314.001 56.0143 0 0 -1 0 1 0 1 0 0 63864.dat
1 14 90 268.004 110.01 0 -1 0 0.800045 0 0.599946 -0.599946 0 0.800045 32526.dat
1 1 90 380.001 106.014 1 0 0 0 1 0 0 0 1 6558.dat
1 1 90 380.001 86.0143 1 0 0 0 1 0 0 0 1 6558.dat
1 1 90 348.002 150.015 1 0 0 0 0 1 0 -1 0 6558.dat
1 19 130 380.001 16.0143 1 0 0 0 0 1 0 -1 0 32556.dat
1 19 130 348.001 76.0143 1 0 0 0 1 0 0 0 1 32556.dat
1 19 130 380.001 126.014 1 0 0 0 1 0 0 0 1 32556.dat
1 19 50 380.001 126.014 -1 0 0 0 1 0 0 0 -1 32556.dat
1 19 50 380.001 16.0143 -1 0 0 0 1 0 0 0 -1 32556.dat
1 19 50 348.001 76.0143 -1 0 0 0 1 0 0 0 -1 32556.dat
1 14 140 348.001 76.0143 0 0 1 0 1 0 -1 0 0 55981.dat
1 14 140 380.001 16.0143 0 0 1 0 1 0 -1 0 0 55981.dat
1 14 140 380.001 126.014 0 0 1 0 1 0 -1 0 0 55981.dat
1 14 40 380.001 126.014 0 0 -1 0 1 0 1 0 0 55981.dat
1 14 40 380.001 16.0143 0 0 -1 0 1 0 1 0 0 55981.dat
1 14 40 348.001 76.0143 0 0 -1 0 1 0 1 0 0 55981.dat
1 256 140 373.853 27.8749 0 0 -1 -0.477434 0.879359 0 0.879359 0.477434 0 70814 - 43903a.dat
1 256 140 354.471 85.726 0 0 -1 0.530227 0.848573 0 0.848573 -0.530227 0 70814 - 43903a.dat
1 256 140 379.001 126.014 0 0 -1 -0.477434 0.879359 0 -0.879359 -0.477434 0 70814 - 43903b.dat
1 256 140 380.001 126.014 0 0 -1 0.906866 -0.42286 0 -0.42286 -0.906866 0 70814 - 43903b.dat
1 256 140 380.001 126.014 0 0 -1 -0.914246 -0.407033 0 0.407033 -0.914246 0 70814 - 43903b.dat
1 256 140 380.001 126.014 0 0 -1 -0.382683 -0.923879 0 -0.923879 0.382683 0 70814 - 43903b.dat
1 256 140 379.001 108.014 0 0 -1 0 -1 0 -1 0 0 70814 - 43903a.dat
1 256 140 379.001 88.0143 0 0 -1 0 -1 0 -1 0 0 70814 - 43903a.dat
1 256 140 379.001 69.0143 0 0 -1 0 -1 0 -1 0 0 70814 - 43903a.dat
1 256 140 379.001 50.0143 0 0 -1 0 -1 0 -1 0 0 70814 - 43903a.dat
1 256 140 379.001 31.0143 0 0 -1 0 -1 0 -1 0 0 70814 - 43903a.dat
1 256 140 380.001 16.0143 0 0 -1 -0.258819 -0.965926 0 0.965926 -0.258819 0 70814 - 43903b.dat
1 256 140 380.001 16.0143 0 0 -1 -0.96363 -0.267238 0 -0.267238 0.96363 0 70814 - 43903b.dat
1 256 140 380.001 16.0143 0 0 -1 -0.300873 0.954302 0 0.954302 0.300873 0 70814 - 43903b.dat
1 256 140 380.001 16.0143 0 0 -1 -0.870355 0.492424 0 0.492424 0.870355 0 70814 - 43903b.dat
1 256 140 347.343 75.703 0 0 -1 0.034904 1 0 1 -0.034904 0 70814 - 43903b.dat
1 256 140 364.478 45.135 0 0 -1 -0.477434 0.879359 0 0.879359 0.477434 0 70814 - 43903a.dat
1 256 140 354.824 62.2958 0 0 -1 -0.477434 0.879359 0 0.879359 0.477434 0 70814 - 43903a.dat
1 256 140 347.343 75.7025 0 0 -1 0.725803 0.688785 0 0.688785 -0.725803 0 70814 - 43903b.dat
1 256 140 363.596 100.801 0 0 -1 0.530227 0.848573 0 0.848573 -0.530227 0 70814 - 43903a.dat
1 256 140 373.324 117.437 0 0 -1 0.530227 0.848573 0 0.848573 -0.530227 0 70814 - 43903a.dat
1 256 40 375.612 28.8298 0 0 -1 -0.477434 0.879359 0 0.879359 0.477434 0 70814 - 43903a.dat
1 256 40 356.23 86.6809 0 0 -1 0.530227 0.848573 0 0.848573 -0.530227 0 70814 - 43903a.dat
1 256 40 380.759 126.969 0 0 -1 -0.477434 0.879359 0 -0.879359 -0.477434 0 70814 - 43903b.dat
1 256 40 381.759 126.969 0 0 -1 0.906866 -0.42286 0 -0.42286 -0.906866 0 70814 - 43903b.dat
1 256 40 381.759 126.969 0 0 -1 -0.914246 -0.407033 0 0.407033 -0.914246 0 70814 - 43903b.dat
1 256 40 381.759 126.969 0 0 -1 -0.382683 -0.923879 0 -0.923879 0.382683 0 70814 - 43903b.dat
1 256 40 380.759 108.969 0 0 -1 0 -1 0 -1 0 0 70814 - 43903a.dat
1 256 40 380.759 88.9692 0 0 -1 0 -1 0 -1 0 0 70814 - 43903a.dat
1 256 40 380.759 69.9692 0 0 -1 0 -1 0 -1 0 0 70814 - 43903a.dat
1 256 40 380.759 50.9692 0 0 -1 0 -1 0 -1 0 0 70814 - 43903a.dat
1 256 40 380.759 31.9692 0 0 -1 0 -1 0 -1 0 0 70814 - 43903a.dat
1 256 40 381.759 16.9692 0 0 -1 -0.258819 -0.965926 0 0.965926 -0.258819 0 70814 - 43903b.dat
1 256 40 381.759 16.9692 0 0 -1 -0.96363 -0.267238 0 -0.267238 0.96363 0 70814 - 43903b.dat
1 256 40 381.759 16.9692 0 0 -1 -0.300873 0.954302 0 0.954302 0.300873 0 70814 - 43903b.dat
1 256 40 356.582 63.2507 0 0 -1 -0.477434 0.879359 0 0.879359 0.477434 0 70814 - 43903a.dat
1 256 40 365.354 101.756 0 0 -1 0.530227 0.848573 0 0.848573 -0.530227 0 70814 - 43903a.dat
1 256 40 381.759 16.9692 0 0 -1 -0.870355 0.492424 0 0.492424 0.870355 0 70814 - 43903b.dat
1 256 40 366.237 46.0898 0 0 -1 -0.477434 0.879359 0 0.879359 0.477434 0 70814 - 43903a.dat
1 256 40 349.102 76.6578 0 0 -1 0.034904 1 0 1 -0.034904 0 70814 - 43903b.dat
1 256 40 375.083 118.392 0 0 -1 0.530227 0.848573 0 0.848573 -0.530227 0 70814 - 43903a.dat
1 256 40 349.101 76.6574 0 0 -1 0.725803 0.688785 0 0.688785 -0.725803 0 70814 - 43903b.dat
1 256 40 374.612 28.8298 0 0 -1 -0.477434 0.879359 0 0.879359 0.477434 0 70814 - 43903a.dat
1 256 40 355.23 86.6809 0 0 -1 0.530227 0.848573 0 0.848573 -0.530227 0 70814 - 43903a.dat
1 256 40 379.759 126.969 0 0 -1 -0.477434 0.879359 0 -0.879359 -0.477434 0 70814 - 43903b.dat
1 256 40 380.759 126.969 0 0 -1 0.906866 -0.42286 0 -0.42286 -0.906866 0 70814 - 43903b.dat
1 256 40 380.759 126.969 0 0 -1 -0.914246 -0.407033 0 0.407033 -0.914246 0 70814 - 43903b.dat
1 256 40 380.759 126.969 0 0 -1 -0.382683 -0.923879 0 -0.923879 0.382683 0 70814 - 43903b.dat
1 256 40 379.759 108.969 0 0 -1 0 -1 0 -1 0 0 70814 - 43903a.dat
1 256 40 379.759 88.9692 0 0 -1 0 -1 0 -1 0 0 70814 - 43903a.dat
1 256 40 379.759 69.9692 0 0 -1 0 -1 0 -1 0 0 70814 - 43903a.dat
1 256 40 379.759 50.9692 0 0 -1 0 -1 0 -1 0 0 70814 - 43903a.dat
1 256 40 379.759 31.9692 0 0 -1 0 -1 0 -1 0 0 70814 - 43903a.dat
1 256 40 380.759 16.9692 0 0 -1 -0.258819 -0.965926 0 0.965926 -0.258819 0 70814 - 43903b.dat
1 256 40 380.759 16.9692 0 0 -1 -0.96363 -0.267238 0 -0.267238 0.96363 0 70814 - 43903b.dat
1 256 40 380.759 16.9692 0 0 -1 -0.300873 0.954302 0 0.954302 0.300873 0 70814 - 43903b.dat
1 256 40 355.582 63.2507 0 0 -1 -0.477434 0.879359 0 0.879359 0.477434 0 70814 - 43903a.dat
1 256 40 364.354 101.756 0 0 -1 0.530227 0.848573 0 0.848573 -0.530227 0 70814 - 43903a.dat
1 256 40 380.759 16.9692 0 0 -1 -0.870355 0.492424 0 0.492424 0.870355 0 70814 - 43903b.dat
1 256 40 365.237 46.0898 0 0 -1 -0.477434 0.879359 0 0.879359 0.477434 0 70814 - 43903a.dat
1 256 40 348.102 76.6578 0 0 -1 0.034904 1 0 1 -0.034904 0 70814 - 43903b.dat
1 256 40 374.083 118.392 0 0 -1 0.530227 0.848573 0 0.848573 -0.530227 0 70814 - 43903a.dat
1 256 40 348.101 76.6574 0 0 -1 0.725803 0.688785 0 0.688785 -0.725803 0 70814 - 43903b.dat
1 72 90 354.847 -4.33388 -1 0 0 0 0.798635 0.601815 0 0.601815 -0.798635 3021.dat
1 14 90 354.476 -17.1348 -1 0 0 0 0.798635 0.601815 0 0.601815 -0.798635 3623.dat
1 71 70 342.44 -1.16198 -1 0 0 0 0.798635 0.601815 0 0.601815 -0.798635 6141.dat
1 71 110 342.44 -1.16198 -1 0 0 0 0.798635 0.601815 0 0.601815 -0.798635 6141.dat
1 0 90 342.44 -1.16198 -1 0 0 0 0.798635 0.601815 0 0.601815 -0.798635 6019.dat
1 14 70 348.087 -21.9493 1 0 0 0 0.798635 -0.601815 0 0.601815 0.798635 15070.dat
1 14 90 348.087 -21.9493 1 0 0 0 0.798635 -0.601815 0 0.601815 0.798635 15070.dat
1 14 110 348.087 -21.9493 1 0 0 0 0.798635 -0.601815 0 0.601815 0.798635 15070.dat
1 14 90 336.051 -5.97658 1 0 0 0 0.798635 -0.601815 0 0.601815 0.798635 3623.dat
1 14 70 316.883 -20.4201 1 0 0 0 0.798635 -0.601815 0 0.601815 0.798635 50950.dat
1 14 90 316.883 -20.4201 1 0 0 0 0.798635 -0.601815 0 0.601815 0.798635 50950.dat
1 14 110 316.883 -20.4201 1 0 0 0 0.798635 -0.601815 0 0.601815 0.798635 50950.dat
1 14 70 292.002 142.011 0 -1 0 -0.800045 0 -0.599945 0.599945 0 -0.800045 32526.dat
1 1 90 268.004 110.01 1 0 0 0 0 1 0 -1 0 6558.dat
1 1 90 280.003 126.01 1 0 0 0 0 1 0 -1 0 6558.dat
1 1 90 292.002 142.011 1 0 0 0 0 1 0 -1 0 6558.dat
1 1 70 244.006 78.0077 1 0 0 0 0 1 0 -1 0 6558.dat
1 1 70 228.005 90.0066 1 0 0 0 0 1 0 -1 0 6558.dat
1 1 70 212.005 102.006 1 0 0 0 0 1 0 -1 0 6558.dat
1 72 50 212.005 102.006 0 -1 0 -0.599945 0 0.800045 -0.800045 0 -0.599945 32316.dat
1 1 70 180.003 126.003 1 0 0 0 0 1 0 -1 0 6558.dat
1 1 70 196.004 114.004 1 0 0 0 0 1 0 -1 0 6558.dat
1 72 70 132 162 0 -1 0 -1 0 0 0 0 -1 44224.dat
1 71 70 132 162 0 1 0 0.599943 0 0.800045 0.800042 0 -0.599945 44225.dat
1 0 90 206.005 94.005 0 0 1 0.800042 0.599944 0 -0.599944 0.800042 0 3894.dat
1 14 90 185.205 99.6035 0 0 -1 -0.800042 0.599944 0 0.599944 0.800042 0 2436a.dat
1 71 90 161.203 117.602 0 0 -1 -0.800042 0.599944 0 0.599944 0.800042 0 6141.dat
1 71 90 209.206 81.6052 0 0 -1 -0.800042 0.599944 0 0.599944 0.800042 0 6141.dat
1 14 112 183.204 113.603 0 -1 0 -0.800042 0 -0.599944 0.599944 0 -0.800042 63864.dat
1 14 90 194.807 62.4042 -1 0 0 0 0.599944 0.800042 0 0.800042 -0.599944 60477.dat
1 14 100 223.608 50.8063 0 0 -1 -0.800042 0.599944 0 0.599944 0.800042 0 50745.dat
1 72 90 218.809 44.4059 1 0 0 0 0.599944 -0.800042 0 0.800042 0.599944 92946.dat
1 72 90 202.808 56.4048 -1 0 0 0 0.599944 0.800042 0 0.800042 -0.599944 61409.dat
1 0 110 260.004 116.009 0 0 1 -0.599944 0.800042 0 -0.800042 -0.599944 0 3894.dat
1 14 110 265.602 136.809 0 0 -1 0.599944 0.800042 0 0.800042 -0.599944 0 2436a.dat
1 71 110 283.601 160.811 0 0 -1 0.599944 0.800042 0 0.800042 -0.599944 0 6141.dat
1 71 110 247.604 112.808 0 0 -1 0.599944 0.800042 0 0.800042 -0.599944 0 6141.dat
1 14 132 267.603 122.81 0 -1 0 0.599944 0 -0.800042 0.800042 0 0.599944 63864.dat
1 14 110 253.202 133.608 0 0 -1 0.599944 0.800042 0 0.800042 -0.599944 0 63864.dat
1 1 120 244.006 78.0078 1 0 0 0 0.800042 0.599944 0 -0.599944 0.800042 4274.dat
1 71 128 244.006 78.0078 0 -1 0 0.800042 0 0.599944 -0.599944 0 0.800042 4740.dat
1 1 50 132 122 -1 0 0 0 0 1 0 1 0 6558.dat
1 1 50 132 82 -1 0 0 0 0 1 0 1 0 6558.dat
1 72 -90 394.001 126.015 0 0 -1 0 1 0 1 0 0 3460.dat
1 0 -90 370.001 66.0147 0 0 -1 0 1 0 1 0 0 3894.dat
1 14 -90 370.001 136.015 0 0 -1 0 1 0 1 0 0 3005.dat
1 0 -90 370.001 156.015 -1 0 0 0 1 0 0 0 -1 4286.dat
1 72 -90 394.001 26.0147 -1 0 0 0 1 0 0 0 -1 3021.dat
1 71 -70 370.001 26.0147 0 0 -1 0 1 0 1 0 0 32000.dat
1 71 -110 370.001 26.0147 0 0 -1 0 1 0 1 0 0 32000.dat
1 71 -110 380.001 66.0147 0 1 0 -1 0 0 0 0 1 32348.dat
1 71 -70 380.001 66.0147 0 1 0 -1 0 0 0 0 1 32348.dat
1 72 -90 362.001 26.0147 -1 0 0 0 1 0 0 0 -1 3021.dat
1 72 -90 362.001 66.0147 -1 0 0 0 1 0 0 0 -1 3021.dat
1 72 -90 362.001 126.015 0 0 1 0 1 0 -1 0 0 3710.dat
1 0 -90 338.001 76.0147 -1 0 0 0 1 0 0 0 -1 4286.dat
1 71 -90 338.001 46.0147 0 0 -1 0 1 0 1 0 0 2877.dat
1 14 -90 362.001 16.0147 1 0 0 0 1 0 0 0 1 54200.dat
1 71 -70 338.001 56.0147 1 0 0 0 1 0 0 0 1 3040a.dat
1 71 -110 338.001 56.0147 1 0 0 0 1 0 0 0 1 3040a.dat
1 4 -70 338.001 76.0147 0 0 -1 0 1 0 1 0 0 6541.dat
1 4 -110 338.001 76.0147 0 0 -1 0 1 0 1 0 0 6541.dat
1 0 -110 330.001 66.0147 0 0 -1 0 1 0 1 0 0 3023.dat
1 0 -70 330.001 66.0147 0 0 -1 0 1 0 1 0 0 3023.dat
1 71 -90 330.001 76.0147 0 0 -1 0 1 0 1 0 0 6141.dat
1 72 -90 330.001 46.0147 0 0 1 0 1 0 -1 0 0 60478.dat
1 72 -90 322.001 66.0147 -1 0 0 0 1 0 0 0 -1 3021.dat
1 71 -90 322.001 36.0147 -1 0 0 0 1 0 0 0 -1 6141.dat
1 71 -90 332.001 162.015 -1 0 0 0 0.796916 -0.604088 0 -0.604088 -0.796916 4519.dat
1 14 -90 314.001 56.0147 0 0 -1 0 1 0 1 0 0 63864.dat
1 14 -90 268.005 110.01 0 -1 0 0.800042 0 0.599944 -0.599944 0 0.800042 32526.dat
1 1 -90 380.001 106.015 1 0 0 0 1 0 0 0 1 6558.dat
1 1 -90 380.001 86.0147 1 0 0 0 1 0 0 0 1 6558.dat
1 1 -90 348.002 150.016 -1 0 0 0 0 1 0 1 0 6558.dat
1 19 -50 380.001 16.0147 1 0 0 0 0 1 0 -1 0 32556.dat
1 19 -50 348.001 76.0147 1 0 0 0 1 0 0 0 1 32556.dat
1 19 -50 380.001 126.015 1 0 0 0 1 0 0 0 1 32556.dat
1 19 -130 380.001 126.015 -1 0 0 0 1 0 0 0 -1 32556.dat
1 19 -130 380.001 16.0147 -1 0 0 0 1 0 0 0 -1 32556.dat
1 19 -130 348.001 76.0147 -1 0 0 0 1 0 0 0 -1 32556.dat
1 14 -40 348.001 76.0147 0 0 1 0 1 0 -1 0 0 55981.dat
1 14 -40 380.001 16.0147 0 0 1 0 1 0 -1 0 0 55981.dat
1 14 -40 380.001 126.015 0 0 1 0 1 0 -1 0 0 55981.dat
1 14 -140 380.001 126.015 0 0 -1 0 1 0 1 0 0 55981.dat
1 14 -140 380.001 16.0147 0 0 -1 0 1 0 1 0 0 55981.dat
1 14 -140 348.001 76.0147 0 0 -1 0 1 0 1 0 0 55981.dat
1 256 -40 373.854 27.8753 0 0 -1 -0.477434 0.879359 0 0.879359 0.477434 0 70814 - 43903a.dat
1 256 -40 354.472 85.7265 0 0 -1 0.530227 0.848573 0 0.848573 -0.530227 0 70814 - 43903a.dat
1 256 -40 379.001 126.015 0 0 -1 -0.477434 0.87936 0 -0.87936 -0.477434 0 70814 - 43903b.dat
1 256 -40 380.001 126.015 0 0 -1 0.906866 -0.42286 0 -0.42286 -0.906866 0 70814 - 43903b.dat
1 256 -40 380.001 126.015 0 0 -1 -0.914246 -0.407033 0 0.407033 -0.914246 0 70814 - 43903b.dat
1 256 -40 380.001 126.015 0 0 -1 -0.382683 -0.923879 0 -0.923879 0.382683 0 70814 - 43903b.dat
1 256 -40 379.001 108.015 0 0 -1 0 -1 0 -1 0 0 70814 - 43903a.dat
1 256 -40 379.001 88.0148 0 0 -1 0 -1 0 -1 0 0 70814 - 43903a.dat
1 256 -40 379.001 69.0147 0 0 -1 0 -1 0 -1 0 0 70814 - 43903a.dat
1 256 -40 379.001 50.0148 0 0 -1 0 -1 0 -1 0 0 70814 - 43903a.dat
1 256 -40 379.001 31.0147 0 0 -1 0 -1 0 -1 0 0 70814 - 43903a.dat
1 256 -40 380.001 16.0147 0 0 -1 -0.258819 -0.965926 0 0.965926 -0.258819 0 70814 - 43903b.dat
1 256 -40 380.001 16.0147 0 0 -1 -0.963631 -0.267238 0 -0.267238 0.963631 0 70814 - 43903b.dat
1 256 -40 380.001 16.0147 0 0 -1 -0.300873 0.954302 0 0.954302 0.300873 0 70814 - 43903b.dat
1 256 -40 380.001 16.0147 0 0 -1 -0.870355 0.492424 0 0.492424 0.870355 0 70814 - 43903b.dat
1 256 -40 347.344 75.7034 0 0 -1 0.034904 1 0 1 -0.034904 0 70814 - 43903b.dat
1 256 -40 364.479 45.1354 0 0 -1 -0.477434 0.879359 0 0.879359 0.477434 0 70814 - 43903a.dat
1 256 -40 354.824 62.2963 0 0 -1 -0.477434 0.879359 0 0.879359 0.477434 0 70814 - 43903a.dat
1 256 -40 347.343 75.7029 0 0 -1 0.725803 0.688785 0 0.688785 -0.725803 0 70814 - 43903b.dat
1 256 -40 363.596 100.802 0 0 -1 0.530227 0.848573 0 0.848573 -0.530227 0 70814 - 43903a.dat
1 256 -40 373.325 117.437 0 0 -1 0.530227 0.848573 0 0.848573 -0.530227 0 70814 - 43903a.dat
1 256 -140 375.613 28.8302 0 0 -1 -0.477434 0.879359 0 0.879359 0.477434 0 70814 - 43903a.dat
1 256 -140 356.231 86.6813 0 0 -1 0.530227 0.848573 0 0.848573 -0.530227 0 70814 - 43903a.dat
1 256 -140 380.76 126.97 0 0 -1 -0.477434 0.87936 0 -0.87936 -0.477434 0 70814 - 43903b.dat
1 256 -140 381.76 126.97 0 0 -1 0.906866 -0.42286 0 -0.42286 -0.906866 0 70814 - 43903b.dat
1 256 -140 381.76 126.97 0 0 -1 -0.914246 -0.407033 0 0.407033 -0.914246 0 70814 - 43903b.dat
1 256 -140 381.76 126.97 0 0 -1 -0.382683 -0.923879 0 -0.923879 0.382683 0 70814 - 43903b.dat
1 256 -140 380.76 108.97 0 0 -1 0 -1 0 -1 0 0 70814 - 43903a.dat
1 256 -140 380.76 88.9696 0 0 -1 0 -1 0 -1 0 0 70814 - 43903a.dat
1 256 -140 380.76 69.9696 0 0 -1 0 -1 0 -1 0 0 70814 - 43903a.dat
1 256 -140 380.76 50.9696 0 0 -1 0 -1 0 -1 0 0 70814 - 43903a.dat
1 256 -140 380.76 31.9696 0 0 -1 0 -1 0 -1 0 0 70814 - 43903a.dat
1 256 -140 381.76 16.9697 0 0 -1 -0.258819 -0.965926 0 0.965926 -0.258819 0 70814 - 43903b.dat
1 256 -140 381.76 16.9697 0 0 -1 -0.963631 -0.267238 0 -0.267238 0.963631 0 70814 - 43903b.dat
1 256 -140 381.76 16.9697 0 0 -1 -0.300873 0.954302 0 0.954302 0.300873 0 70814 - 43903b.dat
1 256 -140 356.583 63.2512 0 0 -1 -0.477434 0.879359 0 0.879359 0.477434 0 70814 - 43903a.dat
1 256 -140 365.355 101.757 0 0 -1 0.530227 0.848573 0 0.848573 -0.530227 0 70814 - 43903a.dat
1 256 -140 381.76 16.9697 0 0 -1 -0.870355 0.492424 0 0.492424 0.870355 0 70814 - 43903b.dat
1 256 -140 366.237 46.0903 0 0 -1 -0.477434 0.879359 0 0.879359 0.477434 0 70814 - 43903a.dat
1 256 -140 349.103 76.6583 0 0 -1 0.034904 1 0 1 -0.034904 0 70814 - 43903b.dat
1 256 -140 375.084 118.392 0 0 -1 0.530227 0.848573 0 0.848573 -0.530227 0 70814 - 43903a.dat
1 256 -140 349.102 76.6578 0 0 -1 0.725803 0.688785 0 0.688785 -0.725803 0 70814 - 43903b.dat
1 256 -140 374.613 28.8302 0 0 -1 -0.477434 0.879359 0 0.879359 0.477434 0 70814 - 43903a.dat
1 256 -140 355.231 86.6813 0 0 -1 0.530227 0.848573 0 0.848573 -0.530227 0 70814 - 43903a.dat
1 256 -140 379.76 126.97 0 0 -1 -0.477434 0.87936 0 -0.87936 -0.477434 0 70814 - 43903b.dat
1 256 -140 380.76 126.97 0 0 -1 0.906866 -0.42286 0 -0.42286 -0.906866 0 70814 - 43903b.dat
1 256 -140 380.76 126.97 0 0 -1 -0.914246 -0.407033 0 0.407033 -0.914246 0 70814 - 43903b.dat
1 256 -140 380.76 126.97 0 0 -1 -0.382683 -0.923879 0 -0.923879 0.382683 0 70814 - 43903b.dat
1 256 -140 379.76 108.97 0 0 -1 0 -1 0 -1 0 0 70814 - 43903a.dat
1 256 -140 379.76 88.9696 0 0 -1 0 -1 0 -1 0 0 70814 - 43903a.dat
1 256 -140 379.76 69.9696 0 0 -1 0 -1 0 -1 0 0 70814 - 43903a.dat
1 256 -140 379.76 50.9696 0 0 -1 0 -1 0 -1 0 0 70814 - 43903a.dat
1 256 -140 379.76 31.9696 0 0 -1 0 -1 0 -1 0 0 70814 - 43903a.dat
1 256 -140 380.76 16.9696 0 0 -1 -0.258819 -0.965926 0 0.965926 -0.258819 0 70814 - 43903b.dat
1 256 -140 380.76 16.9696 0 0 -1 -0.963631 -0.267238 0 -0.267238 0.963631 0 70814 - 43903b.dat
1 256 -140 380.76 16.9696 0 0 -1 -0.300873 0.954302 0 0.954302 0.300873 0 70814 - 43903b.dat
1 256 -140 355.583 63.2512 0 0 -1 -0.477434 0.879359 0 0.879359 0.477434 0 70814 - 43903a.dat
1 256 -140 364.355 101.757 0 0 -1 0.530227 0.848573 0 0.848573 -0.530227 0 70814 - 43903a.dat
1 256 -140 380.76 16.9696 0 0 -1 -0.870355 0.492424 0 0.492424 0.870355 0 70814 - 43903b.dat
1 256 -140 365.237 46.0903 0 0 -1 -0.477434 0.879359 0 0.879359 0.477434 0 70814 - 43903a.dat
1 256 -140 348.103 76.6583 0 0 -1 0.034904 1 0 1 -0.034904 0 70814 - 43903b.dat
1 256 -140 374.084 118.392 0 0 -1 0.530227 0.848573 0 0.848573 -0.530227 0 70814 - 43903a.dat
1 256 -140 348.102 76.6578 0 0 -1 0.725803 0.688785 0 0.688785 -0.725803 0 70814 - 43903b.dat
1 72 -90 354.848 -4.33346 -1 0 0 0 0.798635 0.601815 0 0.601815 -0.798635 3021.dat
1 14 -90 354.476 -17.1344 -1 0 0 0 0.798635 0.601815 0 0.601815 -0.798635 3623.dat
1 71 -110 342.44 -1.16156 -1 0 0 0 0.798635 0.601815 0 0.601815 -0.798635 6141.dat
1 71 -70 342.44 -1.16156 -1 0 0 0 0.798635 0.601815 0 0.601815 -0.798635 6141.dat
1 0 -90 342.44 -1.16156 -1 0 0 0 0.798635 0.601815 0 0.601815 -0.798635 6019.dat
1 14 -110 348.087 -21.9488 1 0 0 0 0.798635 -0.601815 0 0.601815 0.798635 15070.dat
1 14 -90 348.087 -21.9488 1 0 0 0 0.798635 -0.601815 0 0.601815 0.798635 15070.dat
1 14 -70 348.087 -21.9488 1 0 0 0 0.798635 -0.601815 0 0.601815 0.798635 15070.dat
1 14 -90 336.051 -5.97616 1 0 0 0 0.798635 -0.601815 0 0.601815 0.798635 3623.dat
1 14 -110 316.884 -20.4197 1 0 0 0 0.798635 -0.601815 0 0.601815 0.798635 50950.dat
1 14 -90 316.884 -20.4197 1 0 0 0 0.798635 -0.601815 0 0.601815 0.798635 50950.dat
1 14 -70 316.884 -20.4197 1 0 0 0 0.798635 -0.601815 0 0.601815 0.798635 50950.dat
1 14 -70 292.002 142.011 0 -1 0 -0.800042 0 -0.599944 0.599944 0 -0.800042 32526.dat
1 1 -90 268.005 110.01 -1 0 0 0 0 1 0 1 0 6558.dat
1 1 -90 280.004 126.011 -1 0 0 0 0 1 0 1 0 6558.dat
1 1 -90 292.003 142.012 -1 0 0 0 0 1 0 1 0 6558.dat
1 1 -70 212.005 102.005 -1 0 0 0 0 1 0 1 0 6558.dat
1 1 -70 228.005 90.0063 -1 0 0 0 0 1 0 1 0 6558.dat
1 72 -50 212.005 102.005 0 -1 0 -0.599944 0 0.800042 -0.800042 0 -0.599944 32316.dat
1 1 -70 180.003 126.003 -1 0 0 0 0 1 0 1 0 6558.dat
1 1 -70 196.004 114.004 -1 0 0 0 0 1 0 1 0 6558.dat
1 72 -70 132 162 0 1 0 1 0 0 0 0 -1 44224.dat
1 71 -70 132 162 0 -1 0 -0.599944 0 0.800041 -0.800042 0 -0.599944 44225.dat
1 0 -90 206.005 94.0048 0 0 1 0.800042 0.599944 0 -0.599944 0.800042 0 3894.dat
1 14 -90 185.205 99.6033 0 0 1 0.800042 0.599944 0 -0.599944 0.800042 0 2436a.dat
1 71 -90 161.203 117.602 0 0 -1 -0.800042 0.599944 0 0.599944 0.800042 0 6141.dat
1 71 -90 209.206 81.605 0 0 -1 -0.800042 0.599944 0 0.599944 0.800042 0 6141.dat
1 14 -112 183.204 113.603 0 1 0 -0.800042 0 0.599944 0.599944 0 0.800042 63864.dat
1 14 -90 194.807 62.404 -1 0 0 0 0.599944 0.800042 0 0.800042 -0.599944 60477.dat
1 14 -100 223.608 50.806 0 0 1 0.800042 0.599944 0 -0.599944 0.800042 0 50745.dat
1 72 -90 218.809 44.4057 1 0 0 0 0.599944 -0.800042 0 0.800042 0.599944 92946.dat
1 72 -90 202.808 56.4046 -1 0 0 0 0.599944 0.800042 0 0.800042 -0.599944 61409.dat
1 0 -110 260.004 116.01 0 0 1 -0.599944 0.800042 0 -0.800042 -0.599944 0 3894.dat
1 14 -110 265.603 136.81 0 0 1 -0.599944 0.800042 0 -0.800042 -0.599944 0 2436a.dat
1 71 -110 283.601 160.811 0 0 -1 0.599944 0.800042 0 0.800042 -0.599944 0 6141.dat
1 71 -110 247.605 112.809 0 0 -1 0.599944 0.800042 0 0.800042 -0.599944 0 6141.dat
1 14 -132 267.604 122.81 0 1 0 0.599944 0 0.800042 0.800042 0 -0.599944 63864.dat
1 14 -110 253.203 133.609 0 0 -1 0.599944 0.800042 0 0.800042 -0.599944 0 63864.dat
1 1 -120 244.007 78.0086 -1 0 0 0 0.800042 -0.599944 0 -0.599944 -0.800042 4274.dat
1 71 -128 244.007 78.0086 0 1 0 0.800042 0 -0.599944 -0.599944 0 -0.800042 4740.dat
1 1 -50 132 82 1 0 0 0 0 1 0 -1 0 6558.dat
1 1 -70 244.006 78.0075 -1 0 0 0 0 1 0 1 0 6558.dat
1 1 -50 132 122 1 0 0 0 0 1 0 -1 0 6558.dat
1 4 -89 132 162 0 1 0 -1 0 0 0 0 1 4032a.dat
1 72 -70 132 162 -1 0 0 0 -1 0 0 0 1 11214.dat
1 71 -105 132 162 0 1 0 -1 0 0 0 0 1 3960.dat
1 72 70 132 162 1 0 0 0 -1 0 0 0 -1 11214.dat
1 4 89 132 162 0 -1 0 -1 0 0 0 0 -1 4032a.dat
1 71 105 132 162 0 -1 0 -1 0 0 0 0 -1 3960.dat
1 71 179.923 -9.69824 90 -0.529919 -0.848048 0 -0.848048 0.529919 0 0 0 -1 3020.dat
1 14 210.874 -5.45535 100 0.529919 -0.848048 0 0.848048 0.529919 0 0 0 1 30364.dat
1 71 210.874 -5.45535 80 -0.529919 -0.848048 0 -0.848048 0.529919 0 0 0 -1 2877.dat
1 72 189.677 -39.3773 90 -0.529919 -0.848048 0 -0.848048 0.529919 0 0 0 -1 48171.dat
1 1 181.197 -34.0781 70 0 -0.848048 0.529919 0 0.529919 0.848048 -1 0 0 4274.dat
1 0 160 -68 90 -1 0 0 0 0 -1 0 -1 0 47455.dat
1 14 216.173 3.02513 90 0 -0.848048 -0.529919 0 0.529919 -0.848048 1 0 0 85984.dat
1 14 219.144 -22.4145 90 0 -0.848048 0.529919 0 0.529919 0.848048 -1 0 0 47456.dat
1 71 243.513 92.0675 90 -0.529919 -0.848048 0 -0.848048 0.529919 0 0 0 -1 3020.dat
1 72 274.464 96.3104 100 -0.529919 -0.848048 0 -0.848048 0.529919 0 0 0 -1 3700.dat
1 14 258.567 70.869 100 0.529919 -0.848048 0 0.848048 0.529919 0 0 0 1 3005.dat
1 72 242.669 45.4275 100 -0.529919 -0.848048 0 -0.848048 0.529919 0 0 0 -1 30365.dat
1 72 274.464 96.3104 80 -0.529919 -0.848048 0 -0.848048 0.529919 0 0 0 -1 3700.dat
1 72 253.268 62.3885 80 -0.529919 -0.848048 0 -0.848048 0.529919 0 0 0 -1 3700.dat
1 71 270.65 75.1101 90 -0.529919 -0.848048 0 -0.848048 0.529919 0 0 0 -1 3020.dat
1 71 244.154 32.7077 100 -0.529919 -0.848048 0 -0.848048 0.529919 0 0 0 -1 6141.dat
1 1 244.787 67.6877 70 0 -0.848048 0.529919 0 0.529919 0.848048 -1 0 0 4274.dat
1 14 260.051 58.1497 90 0 -0.848048 0.529919 0 0.529919 0.848048 -1 0 0 30602.dat
1 0 288.033 87.8317 90 0 -0.848048 0.529919 0 0.529919 0.848048 -1 0 0 87580.dat
1 71 294.818 83.5924 90 0 -0.848048 0.529919 0 0.529919 0.848048 -1 0 0 4740.dat
1 14 181.197 -34.0781 54 0.848048 -0.529919 0 -0.529919 -0.848048 0 0 0 -1 87617.dat
1 71 244.787 67.6877 54 -0.848048 0.529919 0 0.529919 0.848048 0 0 0 -1 87618.dat
1 72 265.985 101.61 77 0 -0.139173 -0.990269 0 0.990269 -0.139173 1 0 0 32209.dat
1 71 265.985 101.61 29 0.990269 -0.139173 0 0.139173 0.990269 0 0 0 1 32039.dat
1 71 265.985 101.61 9 0.990269 -0.139173 0 0.139173 0.990269 0 0 0 1 44294.dat
1 4 265.985 101.61 60 -0.990269 -0.139173 0 -0.139173 0.990269 0 0 0 -1 3713.dat
1 14 186.763 90.4758 9 -0.139173 -0.990269 0 0.990269 -0.139173 0 0 0 1 32014.dat
1 14 345.206 112.743 9 0.139173 0.990269 0 -0.990269 0.139173 0 0 0 1 32014.dat
1 14 295.693 105.785 9 -0.990269 0.139173 0 -0.139173 -0.990269 0 0 0 1 62462.dat
1 14 236.277 97.4344 9 -0.990269 0.139173 0 -0.139173 -0.990269 0 0 0 1 62462.dat
1 4 345.206 112.743 -21 0 -0.139173 0.990269 0 0.990269 0.139173 -1 0 0 32062.dat
1 4 186.763 90.4758 -21 0 -0.139173 0.990269 0 0.990269 0.139173 -1 0 0 32062.dat
1 14 345.206 112.743 -51 -0.139173 0.990269 0 0.990269 0.139173 0 0 0 -1 32014.dat
1 14 186.763 90.4758 -51 0.139173 -0.990269 0 -0.990269 -0.139173 0 0 0 -1 32014.dat
1 71 265.985 101.61 -51 0.990269 -0.139173 0 0.139173 0.990269 0 0 0 1 44294.dat
1 71 226.374 96.0427 -51 0 0.139173 0.990269 0 -0.990269 0.139173 1 0 0 41531.dat
1 71 305.595 107.177 -51 0 0.139173 0.990269 0 -0.990269 0.139173 1 0 0 41531.dat
1 71 265.985 101.61 -51 0 0.139173 0.990269 0 -0.990269 0.139173 1 0 0 41531.dat
1 0 265.985 101.61 120 0.990269 -0.139173 0 0.139173 0.990269 0 0 0 1 32270.dat
1 14 -228.001 -30.161 90 0 0.819152 -0.573577 0 0.573577 0.819152 1 0 0 47456.dat
1 71 -209.159 -29.1753 90 -0.573577 0.819152 0 0.819152 0.573577 0 0 0 -1 3020.dat
1 14 -214.078 -8.20361 100 -0.573577 0.819152 0 0.819152 0.573577 0 0 0 -1 30364.dat
1 71 -214.078 -8.20361 80 -0.573577 0.819152 0 0.819152 0.573577 0 0 0 -1 2877.dat
1 72 -191.135 -40.9697 90 0.573577 0.819152 0 -0.819152 0.573577 0 0 0 1 48171.dat
1 1 -182.943 -35.2339 70 0 0.819152 0.573577 0 0.573577 -0.819152 -1 0 0 4274.dat
1 14 -226.367 -4.60071 90 0 0.819152 0.573577 0 0.573577 -0.819152 -1 0 0 85984.dat
1 14 -182.943 -35.2339 54 0.819152 0.573577 0 0.573577 -0.819152 0 0 0 -1 87617.dat
1 71 -251.776 87.4774 90 -0.573577 0.819152 0 0.819152 0.573577 0 0 0 -1 3020.dat
1 72 -259.964 57.3286 80 -0.573577 0.819152 0 0.819152 0.573577 0 0 0 -1 3700.dat
1 14 -265.7 65.52 100 0.573577 0.819152 0 -0.819152 0.573577 0 0 0 1 3005.dat
1 72 -248.492 40.9455 100 0.573577 0.819152 0 -0.819152 0.573577 0 0 0 1 30365.dat
1 71 -277.988 69.123 90 -0.573577 0.819152 0 0.819152 0.573577 0 0 0 -1 3020.dat
1 71 -249.31 28.1654 100 -0.573577 0.819152 0 0.819152 0.573577 0 0 0 -1 6141.dat
1 1 -251.772 63.0643 70 0 0.819152 0.573577 0 0.573577 -0.819152 -1 0 0 4274.dat
1 14 -266.516 52.7405 90 0 0.819152 -0.573577 0 0.573577 0.819152 1 0 0 30602.dat
1 0 -296.013 80.9174 90 0 0.819152 0.573577 0 0.573577 -0.819152 -1 0 0 87580.dat
1 71 -302.567 76.3288 90 0 0.819152 0.573577 0 0.573577 -0.819152 -1 0 0 4740.dat
1 71 -251.772 63.0643 54 -0.819152 -0.573577 0 -0.573577 0.819152 0 0 0 -1 87618.dat
1 0 -160 -68 90 1 0 0 0 0 -1 0 1 0 47455.dat
1 71 -182.946 -10.8208 90 -0.573577 0.819152 0 0.819152 0.573577 0 0 0 -1 3020.dat
1 14 -277.171 81.9031 90 0 0.819152 0.573577 0 0.573577 -0.819152 -1 0 0 32000.dat
1 71 -280.451 104.022 60 0.819152 0.573577 0 0.573577 -0.819152 0 0 0 -1 32316.dat
1 0 -274.715 95.8304 20 -0.573577 0.819152 0 0.819152 0.573577 0 0 0 -1 2780.dat
1 0 -274.715 95.8304 60 -0.573577 0.819152 0 0.819152 0.573577 0 0 0 -1 2780.dat
1 0 -274.715 95.8304 80 -0.573577 0.819152 0 0.819152 0.573577 0 0 0 -1 2780.dat
1 0 -274.715 95.8304 100 -0.573577 0.819152 0 0.819152 0.573577 0 0 0 -1 2780.dat
1 14 -271.847 91.7346 20 0.819152 -0.573577 0 0.573577 0.819152 0 0 0 1 99773.dat
