0 FILE 70816 - 70816.ldr
0 70816
0 Name: 70816 - 70816.ldr
0 Author: Christophe Mitillo [Christophe_Mitillo]
0 !LDRAW_ORG Model
0 !LICENSE Redistributable under CCAL version 2.0 : see CAreadme.txt

0 !HISTORY 2019-03-22 [technicbasics] Remove mirrored parts, OMRize file

0 ROTATION CENTER 0 0 0 1 "Custom"
0 ROTATION CONFIG 0 0
1 0 0 0 0 1 0 0 0 1 0 0 0 1 70816 - 70816-CC.ldr
1 0 480 16 -240 1 0 0 0 1 0 0 0 1 70816 - 70816-B-01.ldr








0 FILE 70816 - 70816-CC.ldr
0 70816-CC
0 Name: 70816 - 70816-CC.ldr
0 Author: Christophe Mitillo [Christophe_Mitillo]
0 !LDRAW_ORG MODEL
0 !LICENSE Redistributable under CCAL version 2.0 : see CAreadme.txt

0 ROTATION CENTER 0 0 0 1 "Custom" 
0 ROTATION CONFIG 0 0
1 0 0 0 0 1 0 0 0 1 0 0 0 1 70816 - 70816-CA.ldr
1 0 0 0 0 1 0 0 0 1 0 0 0 1 70816 - 70816-CB.ldr
1 0 0 0 0 1 0 0 0 1 0 0 0 1 70816 - 70816-C-02.ldr
1 0 0 0 320 1 0 0 0 1 0 0 0 1 70816 - 70816-C-01.ldr
1 71 0 -8 30 0 0 1 0 1 0 -1 0 0 3795.dat
1 72 0 -32 70 0 0 1 0 1 0 -1 0 0 30367b.dat
1 71 0 -40 70 0 0 1 0 1 0 -1 0 0 4740.dat
1 47 0 -80 40 -1 0 0 0 1 0 0 0 -1 4215b.dat
1 47 0 -80 40 -1 0 0 0 1 0 0 0 -1 6074343n.dat
1 0 -50 -32 20 -1 0 0 0 1 0 0 0 -1 2420.dat
1 0 50 -32 20 0 0 1 0 1 0 -1 0 0 2420.dat
0 STEP
1 0 0 -64 70 -0.707 0 0.707 0 1 0 -0.707 0 -0.707 70816 - 70816-C-09.ldr
0 STEP
1 0 -70 -80 60 0 0 1 0 1 0 -1 0 0 88292.dat
1 0 -70 -80 80 0 0 1 0 1 0 -1 0 0 88292.dat
1 0 70 -80 80 0 0 -1 0 1 0 1 0 0 88292.dat
1 0 70 -80 60 0 0 -1 0 1 0 1 0 0 88292.dat
1 71 0 -80 70 0 0 -1 0 1 0 1 0 0 3022.dat
0 STEP
1 72 70 -80 60 0 0 -1 0 1 0 1 0 0 4287a.dat
1 72 -70 -80 60 0 0 1 0 1 0 -1 0 0 4287a.dat
1 72 -70 -80 80 -1 0 0 0 1 0 0 0 -1 4287a.dat
1 72 70 -80 80 -1 0 0 0 1 0 0 0 -1 4287a.dat
0 STEP
1 71 0 -88 50 -1 0 0 0 1 0 0 0 -1 3022.dat
1 71 0 -96 50 -1 0 0 0 1 0 0 0 -1 3022.dat
1 72 -10 -104 50 0 0 1 0 1 0 -1 0 0 11458.dat
1 72 10 -104 50 0 0 1 0 1 0 -1 0 0 11458.dat
1 0 0 -104 80 -1 0 0 0 1 0 0 0 -1 6111.dat
0 STEP
1 71 40 -104 60 -1 0 0 0 1 0 0 0 -1 30136.dat
1 71 -40 -104 60 -1 0 0 0 1 0 0 0 -1 30136.dat
1 1 80 -104 60 1 0 0 0 1 0 0 0 1 3039.dat
1 1 -80 -104 60 1 0 0 0 1 0 0 0 1 3039.dat
0 STEP
1 1 -90 -128 80 1 0 0 0 1 0 0 0 1 3040b.dat
1 1 90 -128 80 1 0 0 0 1 0 0 0 1 3040b.dat
1 1 -40 -128 80 1 0 0 0 1 0 0 0 1 3037.dat
1 1 40 -128 80 1 0 0 0 1 0 0 0 1 3037.dat
1 1 0 -136 80 1 0 0 0 1 0 0 0 1 4162.dat
0 STEP
1 0 -120 -32 -110 1 0 0 0 1 0 0 0 1 70816 - 70816-C-10.ldr
0 STEP
1 0 120 -32 -110 1 0 0 0 1 0 0 0 1 70816 - 70816-C-11.ldr
0 STEP
1 71 -70 -56 20 1 0 0 0 1 0 0 0 1 2462.dat
1 71 -70 -80 20 1 0 0 0 1 0 0 0 1 2462.dat
1 71 70 -56 20 0 0 1 0 1 0 -1 0 0 2462.dat
1 71 70 -80 20 0 0 1 0 1 0 -1 0 0 2462.dat
0 STEP
1 72 90 -88 0 0 0 1 0 1 0 -1 0 0 2450.dat
1 72 -90 -88 0 1 0 0 0 1 0 0 0 1 2450.dat
1 14 -110 -88 -60 0 0 1 0 1 0 -1 0 0 3623.dat
1 14 110 -88 -60 0 0 1 0 1 0 -1 0 0 3623.dat
1 71 -50 -88 40 0 0 1 0 1 0 -1 0 0 14719.dat
1 71 50 -88 40 -1 0 0 0 1 0 0 0 -1 14719.dat
0 STEP
1 14 80 -40 -170 -1 0 0 0 1 0 0 0 -1 3068b.dat
1 14 -80 -40 -170 -1 0 0 0 1 0 0 0 -1 3068b.dat
1 72 -110 -40 -170 0 0 -1 0 1 0 1 0 0 2412b.dat
1 72 110 -40 -170 0 0 -1 0 1 0 1 0 0 2412b.dat
0 STEP
1 72 0 -56 -170 1 0 0 0 1 0 0 0 1 70816 - 70816-C-12.ldr
0 STEP
1 1 -80 -88 -130 0 0 -1 0 1 0 1 0 0 30503.dat
1 1 80 -88 -130 -1 0 0 0 1 0 0 0 -1 30503.dat
1 1 -110 -96 -50 0 0 -1 0 1 0 1 0 0 2431.dat
1 1 -110 -96 -50 0 0 1 0 1 0 -1 0 0 6074343l.dat
1 1 110 -96 -50 0 0 -1 0 1 0 1 0 0 2431.dat
1 1 110 -96 -50 0 0 -1 0 1 0 1 0 0 6074343l.dat
1 71 90 -96 20 0 0 -1 0 1 0 1 0 0 2555.dat
1 71 90 -96 0 0 0 -1 0 1 0 1 0 0 2555.dat
1 71 -90 -96 20 0 0 -1 0 1 0 1 0 0 2555.dat
1 71 -90 -96 0 0 0 -1 0 1 0 1 0 0 2555.dat
0 STEP
1 0 0 -96 -70 1 0 0 0 1 0 0 0 1 70816 - 70816-C-14.ldr
0 STEP
1 0 60 -40 -310 1 0 0 0 1 0 0 0 1 70816 - 70816-C-15.ldr
1 0 -60 -40 -310 1 0 0 0 1 0 0 0 1 70816 - 70816-C-16.ldr
0 STEP
1 1 -50 -88 -180 1 0 0 0 1 0 0 0 1 4286.dat
1 1 50 -88 -180 1 0 0 0 1 0 0 0 1 4286.dat
1 46 0 -94 -180 1 0 0 0 1 0 0 0 1 13252.dat
1 71 0 0 0 1 0 0 0 1 0 0 0 1 70816 - Flexible_Hose_12L-A.ldr
1 71 0 0 0 1 0 0 0 1 0 0 0 1 70816 - Flexible_Hose_12L-B.ldr
1 71 150 0 0 1 0 0 0 1 0 0 0 1 70816 - Flexible_Hose_12L-AA.ldr
1 71 150 0 0 1 0 0 0 1 0 0 0 1 70816 - Flexible_Hose_12L-BB.ldr
0 STEP
1 72 -70 -24 320 -1 0 0 0 1 0 0 0 -1 4287a.dat
1 72 70 -24 320 -1 0 0 0 1 0 0 0 -1 4287a.dat
0 STEP
1 0 -120 -32 310 -1 0 0 0 1 0 0 0 -1 70816 - 70816-C-17.ldr
1 0 120 -32 310 -1 0 0 0 1 0 0 0 -1 70816 - 70816-C-18.ldr
0 STEP
1 1 0 -56 310 -1 0 0 0 1 0 0 0 -1 3034.dat
0 STEP
1 71 70 -80 330 0 0 -1 0 1 0 1 0 0 30136.dat
1 71 -70 -80 330 0 0 -1 0 1 0 1 0 0 30136.dat
1 0 0 -80 300 1 0 0 0 1 0 0 0 1 6111.dat
0 STEP
1 0 110 -104 170 1 0 0 0 1 0 0 0 1 70816 - 70816-C-19.ldr
1 0 -110 -104 170 1 0 0 0 1 0 0 0 1 70816 - 70816-C-20.ldr
0 STEP
1 71 0 -104 360 1 0 0 0 1 0 0 0 1 3308.dat
1 0 0 -104 300 1 0 0 0 1 0 0 0 1 6111.dat
1 72 -70 -104 330 0 0 1 0 1 0 -1 0 0 3660.dat
1 72 70 -104 330 0 0 -1 0 1 0 1 0 0 3660.dat
0 STEP
1 72 0 -112 360 1 0 0 0 1 0 0 0 1 6636.dat
1 72 -80 -112 340 0 0 1 0 1 0 -1 0 0 3021.dat
1 72 80 -112 340 0 0 1 0 1 0 -1 0 0 3021.dat
1 71 0 -112 270 -1 0 0 0 1 0 0 0 -1 3029.dat
0 STEP
1 71 -80 -136 360 -1 0 0 0 1 0 0 0 -1 32064a.dat
1 71 -80 -136 340 -1 0 0 0 1 0 0 0 -1 32064a.dat
1 71 -80 -136 320 -1 0 0 0 1 0 0 0 -1 32064a.dat
1 71 80 -136 360 -1 0 0 0 1 0 0 0 -1 32064a.dat
1 71 80 -136 340 -1 0 0 0 1 0 0 0 -1 32064a.dat
1 71 80 -136 320 -1 0 0 0 1 0 0 0 -1 32064a.dat
0 STEP
1 1 -80 -136 300 -1 0 0 0 1 0 0 0 -1 3004.dat
1 1 80 -136 300 -1 0 0 0 1 0 0 0 -1 3004.dat
1 71 110 -136 300 -1 0 0 0 1 0 0 0 -1 4287a.dat
1 71 50 -136 300 -1 0 0 0 1 0 0 0 -1 4287a.dat
1 71 -50 -136 300 -1 0 0 0 1 0 0 0 -1 4287a.dat
1 71 -110 -136 300 -1 0 0 0 1 0 0 0 -1 4287a.dat
0 STEP
1 72 0 -128 220 -1 0 0 0 1 0 0 0 -1 6112.dat
1 71 -100 -136 260 1 0 0 0 1 0 0 0 1 6564.dat
1 71 -60 -136 260 1 0 0 0 1 0 0 0 1 6565.dat
1 71 60 -136 260 1 0 0 0 1 0 0 0 1 6564.dat
1 71 100 -136 260 1 0 0 0 1 0 0 0 1 6565.dat
0 STEP
1 1 90 -160 300 1 0 0 0 1 0 0 0 1 43710.dat
1 1 70 -160 300 1 0 0 0 1 0 0 0 1 43711.dat
1 1 -70 -160 300 1 0 0 0 1 0 0 0 1 43710.dat
1 1 -90 -160 300 1 0 0 0 1 0 0 0 1 43711.dat
0 STEP
1 1 -90 -160 330 0 0 1 0 1 0 -1 0 0 3039.dat
1 1 -70 -160 330 0 0 -1 0 1 0 1 0 0 3039.dat
1 1 70 -160 330 0 0 1 0 1 0 -1 0 0 3039.dat
1 1 90 -160 330 0 0 -1 0 1 0 1 0 0 3039.dat
1 72 90 -160 360 0 0 -1 0 1 0 1 0 0 4070.dat
1 71 104 -150 360 0 -1 0 0 0 -1 1 0 0 6141.dat
1 71 56 -150 360 0 1 0 0 0 -1 -1 0 0 6141.dat
1 72 70 -160 360 0 0 1 0 1 0 -1 0 0 4070.dat
1 72 -70 -160 360 0 0 -1 0 1 0 1 0 0 4070.dat
1 71 -56 -150 360 0 -1 0 0 0 -1 1 0 0 6141.dat
1 71 -104 -150 360 0 1 0 0 0 -1 -1 0 0 6141.dat
1 72 -90 -160 360 0 0 1 0 1 0 -1 0 0 4070.dat
0 STEP
1 0 0 -88 150 1 0 0 0 1 0 0 0 1 70816 - 70816-C-22.ldr
0 STEP
1 1 0 -136 240 -1 0 0 0 1 0 0 0 -1 3037.dat
0 STEP
1 1 110 -128 130 -1 0 0 0 1 0 0 0 -1 70816 - 70816-C-27.ldr
1 1 -110 -128 130 1 0 0 0 1 0 0 0 1 70816 - 70816-C-27.ldr
1 0 -194.301 -94.729 130 0.866 0.5 0 -0.5 0.866 0 0 0 1 70816 - 70816-C-24.ldr
1 0 194.301 -94.729 130 0.866 -0.5 0 0.5 0.866 0 0 0 1 70816 - 70816-C-25.ldr
0 STEP
1 1 100 -136 150 0 0 -1 0 1 0 1 0 0 3034.dat
1 1 -100 -136 150 0 0 -1 0 1 0 1 0 0 3034.dat
1 71 0 -136 220 1 0 0 0 1 0 0 0 1 3460.dat
1 71 110 -136 40 1 0 0 0 1 0 0 0 1 3963.dat
1 71 -110 -136 40 1 0 0 0 1 0 0 0 1 3963.dat
1 1 -110 -144 130 0 0 1 0 1 0 -1 0 0 4162.dat
1 1 110 -144 130 0 0 1 0 1 0 -1 0 0 4162.dat
1 1 -80 -144 220 -1 0 0 0 1 0 0 0 -1 2431.dat
1 1 80 -144 220 -1 0 0 0 1 0 0 0 -1 2431.dat
1 36 110 -144 40 -1 0 0 0 1 0 0 0 -1 6141.dat
1 34 -110 -144 40 -1 0 0 0 1 0 0 0 -1 6141.dat
1 1 -10 -152 230 0 0 1 0 1 0 -1 0 0 47457.dat
1 1 10 -152 230 0 0 -1 0 1 0 1 0 0 47457.dat
0 STEP
1 0 -80 -120 441 -1 0 0 0 1 0 0 0 -1 70816 - 70816-C-28.ldr
1 0 80 -120 441 -1 0 0 0 1 0 0 0 -1 70816 - 70816-C-28.ldr
0 STEP
1 72 70 -184 310 0 0 -1 0 1 0 1 0 0 3937.dat
1 72 70 -184 350 0 0 -1 0 1 0 1 0 0 3937.dat
1 72 90 -160 310 0 0 -1 0 1 0 1 0 0 85984.dat
1 72 90 -160 350 0 0 -1 0 1 0 1 0 0 85984.dat
1 72 -70 -184 350 0 0 1 0 1 0 -1 0 0 3937.dat
1 72 -70 -184 310 0 0 1 0 1 0 -1 0 0 3937.dat
1 72 -90 -160 350 0 0 1 0 1 0 -1 0 0 85984.dat
1 72 -90 -160 310 0 0 1 0 1 0 -1 0 0 85984.dat
0 STEP
1 71 0 -160 230 0 0 1 0 1 0 -1 0 0 70816 - 92582.dat
1 72 0 -168 240 -1 0 0 0 1 0 0 0 -1 2412b.dat
0 STEP
1 0 0 -152 150 1 0 0 0 1 0 0 0 1 70816 - 70816-C-31.ldr
1 0 75.442 -182.382 310 0.839 -0.545 0 0.545 0.839 0 0 0 1 70816 - 70816-C-29.ldr
1 0 -92.218 -171.494 310 0.839 0.545 0 -0.545 0.839 0 0 0 1 70816 - 70816-C-30.ldr
0 STEP





0

0 FILE 70816 - 70816-CA.ldr
0 70816-CA
0 Name: 70816 - 70816-CA.ldr
0 Author: Christophe Mitillo [Christophe_Mitillo]
0 !LDRAW_ORG MODEL
0 !LICENSE Redistributable under CCAL version 2.0 : see CAreadme.txt

0 ROTATION CENTER 0 0 0 1 "Custom" 
0 ROTATION CONFIG 0 0
1 0 0 -24 464 -1 0 0 0 1 0 0 0 -1 70816 - 70816-C-08-1.ldr
1 0 -160 -24 130 1 0 0 0 1 0 0 0 1 70816 - 70816-C-06.ldr
1 0 160 -24 130 -1 0 0 0 1 0 0 0 -1 70816 - 70816-C-07.ldr
1 14 44.93 -50 201.904 -0.898794 0 0.438371 0 1 0 -0.438371 0 -0.898794 40490.dat
1 14 -44.93 -50 201.904 -0.898794 0 -0.438371 0 1 0 0.438371 0 -0.898794 40490.dat
0 



0

0 FILE 70816 - 70816-CB.ldr
0 70816-CB
0 Name: 70816 - 70816-CB.ldr
0 Author: Christophe Mitillo [Christophe_Mitillo]
0 !LDRAW_ORG MODEL
0 !LICENSE Redistributable under CCAL version 2.0 : see CAreadme.txt

0 ROTATION CENTER 0 0 0 1 "Custom" 
0 ROTATION CONFIG 0 0
1 14 85.978 -50 154.948 0.313164 0 -0.949699 0 1 0 0.949699 0 0.313164 40490.dat
1 14 -85.976 -50 154.946 0.313164 0 0.949699 0 1 0 -0.949699 0 0.313164 40490.dat
1 0 0 -24 370 -1 0 0 0 1 0 0 0 -1 70816 - 70816-C-08-1.ldr
1 0 -242 -24 130 1 0 0 0 1 0 0 0 1 70816 - 70816-C-06.ldr
1 0 242 -24 130 -1 0 0 0 1 0 0 0 -1 70816 - 70816-C-07.ldr
0 
0 



0

0 FILE 70816 - 70816-C-01.ldr
0 70816-C-01
0 Name: 70816 - 70816-C-01.ldr
0 Author: Christophe Mitillo [Christophe_Mitillo]
0 !LDRAW_ORG MODEL
0 !LICENSE Redistributable under CCAL version 2.0 : see CAreadme.txt

0 ROTATION CENTER 0 0 0 1 "Custom" 
0 ROTATION CONFIG 0 0
1 0 -20 10 -10 0 0 1 0 1 0 -1 0 0 2780.dat
1 0 20 10 -10 0 0 1 0 1 0 -1 0 0 2780.dat
1 71 0 0 0 1 0 0 0 1 0 0 0 1 3702.dat
0 STEP
1 1 -20 10 -60 0 0 1 0 1 0 -1 0 0 6558.dat
1 1 20 10 -60 0 0 1 0 1 0 -1 0 0 6558.dat
1 72 0 -24 -30 1 0 0 0 1 0 0 0 1 70816 - 11301.dat
0 STEP
1 71 0 0 -60 1 0 0 0 1 0 0 0 1 3702.dat
1 0 -50 -24 -20 1 0 0 0 1 0 0 0 1 2357.dat
1 0 50 -24 -20 0 0 -1 0 1 0 1 0 0 2357.dat
0 STEP
1 1 -20 10 -120 0 0 1 0 1 0 -1 0 0 6558.dat
1 1 20 10 -120 0 0 1 0 1 0 -1 0 0 6558.dat
1 72 0 -24 -90 1 0 0 0 1 0 0 0 1 70816 - 11301.dat
0 STEP
1 72 0 0 -120 1 0 0 0 1 0 0 0 1 3894.dat
0 STEP
1 71 0 0 -190 1 0 0 0 1 0 0 0 1 32532.dat
0 STEP
1 71 -30 -8 -90 0 0 1 0 1 0 -1 0 0 3666.dat
1 71 30 -8 -90 0 0 1 0 1 0 -1 0 0 3666.dat
1 1 -10 -8 -70 0 0 1 0 1 0 -1 0 0 4162.dat
1 1 10 -8 -70 0 0 1 0 1 0 -1 0 0 4162.dat
0 STEP
1 72 60 -24 -60 0 0 -1 0 1 0 1 0 0 42023.dat
1 72 -60 -24 -60 0 0 1 0 1 0 -1 0 0 42023.dat
1 0 70 -24 -140 -1 0 0 0 1 0 0 0 -1 3665a.dat
1 0 -70 -24 -140 -1 0 0 0 1 0 0 0 -1 3665a.dat
1 14 50 -24 -110 0 0 -1 0 1 0 1 0 0 3010.dat
1 14 -50 -24 -110 0 0 -1 0 1 0 1 0 0 3010.dat
0 STEP
1 0 -50 -48 -20 1 0 0 0 1 0 0 0 1 2357.dat
1 0 50 -48 -20 0 0 -1 0 1 0 1 0 0 2357.dat
1 0 30 -32 -140 1 0 0 0 1 0 0 0 1 3665a.dat
1 0 -30 -32 -140 1 0 0 0 1 0 0 0 1 3665a.dat
1 14 30 -32 -70 0 0 -1 0 1 0 1 0 0 3010.dat
1 14 -30 -32 -70 0 0 -1 0 1 0 1 0 0 3010.dat
1 14 -30 -32 -120 0 0 -1 0 1 0 1 0 0 3062b.dat
1 14 30 -32 -120 0 0 -1 0 1 0 1 0 0 3062b.dat
0 STEP
1 0 50 -32 -80 1 0 0 0 1 0 0 0 1 2420.dat
1 0 -50 -32 -80 0 0 -1 0 1 0 1 0 0 2420.dat
1 72 -30 -40 -90 0 0 -1 0 1 0 1 0 0 6636.dat
1 72 30 -40 -90 0 0 -1 0 1 0 1 0 0 6636.dat
0 STEP
1 0 80 10 -170 -1 0 0 0 1 0 0 0 -1 2780.dat
1 0 80 10 -210 -1 0 0 0 1 0 0 0 -1 2780.dat
1 0 -80 10 -170 -1 0 0 0 1 0 0 0 -1 2780.dat
1 0 -80 10 -210 -1 0 0 0 1 0 0 0 -1 2780.dat
0 STEP
1 0 140 0 -190 1 0 0 0 1 0 0 0 1 32531.dat
1 0 -140 0 -190 1 0 0 0 1 0 0 0 1 32531.dat
0 STEP
1 0 -200 10 -170 -1 0 0 0 1 0 0 0 -1 2780.dat
1 0 -200 10 -210 -1 0 0 0 1 0 0 0 -1 2780.dat
1 0 200 10 -170 -1 0 0 0 1 0 0 0 -1 2780.dat
1 0 200 10 -210 -1 0 0 0 1 0 0 0 -1 2780.dat
0 STEP
1 71 240 0 -190 1 0 0 0 1 0 0 0 1 32324.dat
1 71 -240 0 -190 1 0 0 0 1 0 0 0 1 32324.dat
0 STEP
1 0 -100 -24 -160 1 0 0 0 1 0 0 0 1 2653.dat
1 0 -260 -24 -160 1 0 0 0 1 0 0 0 1 2653.dat
1 0 -260 -24 -220 -1 0 0 0 1 0 0 0 -1 2653.dat
1 0 -100 -24 -220 -1 0 0 0 1 0 0 0 -1 2653.dat
1 72 -180 -24 -220 -1 0 0 0 1 0 0 0 -1 30413.dat
1 72 -180 -24 -160 1 0 0 0 1 0 0 0 1 30413.dat
1 0 260 -24 -160 1 0 0 0 1 0 0 0 1 2653.dat
1 0 100 -24 -160 1 0 0 0 1 0 0 0 1 2653.dat
1 0 100 -24 -220 -1 0 0 0 1 0 0 0 -1 2653.dat
1 0 260 -24 -220 -1 0 0 0 1 0 0 0 -1 2653.dat
1 72 180 -24 -220 -1 0 0 0 1 0 0 0 -1 30413.dat
1 72 180 -24 -160 1 0 0 0 1 0 0 0 1 30413.dat
0 STEP
1 14 -280 -32 -160 1 0 0 0 1 0 0 0 1 3069b.dat
1 14 -280 -32 -220 1 0 0 0 1 0 0 0 1 3069b.dat
1 1 -180 -32 -160 1 0 0 0 1 0 0 0 1 4162.dat
1 1 -180 -32 -220 1 0 0 0 1 0 0 0 1 4162.dat
1 14 280 -32 -220 -1 0 0 0 1 0 0 0 -1 3069b.dat
1 14 280 -32 -160 -1 0 0 0 1 0 0 0 -1 3069b.dat
1 1 180 -32 -220 -1 0 0 0 1 0 0 0 -1 4162.dat
1 1 180 -32 -160 -1 0 0 0 1 0 0 0 -1 4162.dat
0 STEP
1 1 -20 10 -260 0 0 1 0 1 0 -1 0 0 6558.dat
1 1 20 10 -260 0 0 1 0 1 0 -1 0 0 6558.dat
1 72 0 0 -260 1 0 0 0 1 0 0 0 1 3894.dat
1 0 -70 -24 -240 1 0 0 0 1 0 0 0 1 3665a.dat
1 0 70 -24 -240 1 0 0 0 1 0 0 0 1 3665a.dat
0 STEP
1 72 0 -24 -290 1 0 0 0 1 0 0 0 1 70816 - 11301.dat
0 STEP
1 14 50 -24 -270 0 0 -1 0 1 0 1 0 0 3010.dat
1 14 -50 -24 -270 0 0 -1 0 1 0 1 0 0 3010.dat
0 STEP
1 0 -30 -8 -270 0 0 -1 0 1 0 1 0 0 3710.dat
1 0 30 -8 -270 0 0 -1 0 1 0 1 0 0 3710.dat
1 0 -30 -32 -240 -1 0 0 0 1 0 0 0 -1 3665a.dat
1 0 30 -32 -240 -1 0 0 0 1 0 0 0 -1 3665a.dat
1 14 30 -32 -260 0 0 1 0 1 0 -1 0 0 3062b.dat
1 14 -30 -32 -260 0 0 1 0 1 0 -1 0 0 3062b.dat
1 72 -30 -40 -250 0 0 1 0 1 0 -1 0 0 2412b.dat
1 72 30 -40 -250 0 0 1 0 1 0 -1 0 0 2412b.dat
0 STEP
1 14 -60 -32 -250 0 0 1 0 1 0 -1 0 0 3020.dat
1 14 -60 -32 -130 0 0 1 0 1 0 -1 0 0 3020.dat
1 14 60 -32 -250 0 0 1 0 1 0 -1 0 0 3020.dat
1 14 60 -32 -130 0 0 1 0 1 0 -1 0 0 3020.dat
0 STEP
1 1 0 -40 -220 -1 0 0 0 1 0 0 0 -1 4162.dat
1 1 0 -40 -160 -1 0 0 0 1 0 0 0 -1 4162.dat
1 72 -100 -24 -160 0 0 -1 0 1 0 1 0 0 11477.dat
1 72 -100 -24 -220 0 0 -1 0 1 0 1 0 0 11477.dat
1 72 100 -24 -220 0 0 1 0 1 0 -1 0 0 11477.dat
1 72 100 -24 -160 0 0 1 0 1 0 -1 0 0 11477.dat
0 STEP
0 



0

0 FILE 70816 - 70816-C-02.ldr
0 70816-C-02
0 Name: 70816 - 70816-C-02.ldr
0 Author: Christophe Mitillo [Christophe_Mitillo]
0 !LDRAW_ORG MODEL
0 !LICENSE Redistributable under CCAL version 2.0 : see CAreadme.txt

0 ROTATION CENTER 0 0 0 1 "Custom" 
0 ROTATION CONFIG 0 0
1 71 0 0 0 1 0 0 0 1 0 0 0 1 3702.dat
1 1 20 10 0 0 0 -1 0 1 0 1 0 0 6558.dat
1 1 -20 10 0 0 0 -1 0 1 0 1 0 0 6558.dat
0 STEP
1 72 0 -24 -90 1 0 0 0 1 0 0 0 1 54091.dat
0 STEP
1 0 30 -8 -20 1 0 0 0 1 0 0 0 1 2420.dat
1 0 -30 -8 -20 0 0 -1 0 1 0 1 0 0 2420.dat
0 STEP
1 1 -30 8 -50 0 0 -1 0 1 0 1 0 0 3023.dat
1 1 30 8 -50 0 0 -1 0 1 0 1 0 0 3023.dat
1 14 0 0 -50 1 0 0 0 1 0 0 0 1 3020.dat
1 71 10 -32 -50 0 0 -1 0 1 0 1 0 0 2432.dat
1 71 -10 -32 -50 0 0 1 0 1 0 -1 0 0 2432.dat
0 STEP
1 0 -30 -8 -80 0 0 1 0 1 0 -1 0 0 3665a.dat
1 0 30 -8 -80 0 0 -1 0 1 0 1 0 0 3665a.dat
1 72 -40 -8 -80 0 0 -1 0 1 0 1 0 0 61409.dat
1 72 40 -8 -80 0 0 1 0 1 0 -1 0 0 61409.dat
0 STEP
1 72 -40 -8 -20 0 0 -1 0 1 0 1 0 0 61409.dat
1 72 40 -8 -20 0 0 1 0 1 0 -1 0 0 61409.dat
1 1 0 -24 -160 -1 0 0 0 1 0 0 0 -1 3004.dat
1 0 40 -32 -140 0 0 1 0 1 0 -1 0 0 4522.dat
1 0 -40 -27 -140 0 0 -1 0 1 0 1 0 0 4006.dat
1 0 -40 -24 -160 -1 0 0 0 1 0 0 0 -1 30237.dat
1 0 40 -24 -160 -1 0 0 0 1 0 0 0 -1 30237.dat
0 STEP
1 0 -20 10 -170 0 0 -1 0 1 0 1 0 0 2780.dat
1 0 20 10 -170 0 0 -1 0 1 0 1 0 0 2780.dat
1 0 -20 10 -210 0 0 -1 0 1 0 1 0 0 2780.dat
1 0 20 10 -210 0 0 -1 0 1 0 1 0 0 2780.dat
1 0 0 10 -190 0 0 -1 0 1 0 1 0 0 2780.dat
1 0 -40 10 -190 0 0 -1 0 1 0 1 0 0 2780.dat
1 0 40 10 -190 0 0 -1 0 1 0 1 0 0 2780.dat
1 72 0 0 -200 -1 0 0 0 1 0 0 0 -1 3894.dat
1 72 0 0 -180 -1 0 0 0 1 0 0 0 -1 3894.dat
0 STEP
1 1 -20 10 -260 0 0 1 0 1 0 -1 0 0 6558.dat
1 1 20 10 -260 0 0 1 0 1 0 -1 0 0 6558.dat
1 72 0 -24 -230 1 0 0 0 1 0 0 0 1 70816 - 11301.dat
1 72 0 0 -260 -1 0 0 0 1 0 0 0 -1 3894.dat
0 STEP
1 72 0 -24 -350 1 0 0 0 1 0 0 0 1 54091.dat
1 71 50 -24 -190 0 0 -1 0 1 0 1 0 0 3747b.dat
1 71 -50 -24 -190 0 0 1 0 1 0 -1 0 0 3747b.dat
0 STEP
1 72 -30 -8 -230 0 0 1 0 1 0 -1 0 0 6636.dat
1 72 30 -8 -230 0 0 1 0 1 0 -1 0 0 6636.dat
1 72 30 -8 -230 0 0 1 0 1 0 -1 0 0 6074343m.dat
1 72 -30 -8 -230 0 0 -1 0 1 0 1 0 0 6074343m.dat
1 1 0 0 -320 -1 0 0 0 1 0 0 0 -1 47457.dat
0 STEP
1 72 -50 -24 -260 0 0 1 0 1 0 -1 0 0 4287a.dat
1 72 50 -24 -260 0 0 -1 0 1 0 1 0 0 4287a.dat
1 72 50 -24 -280 1 0 0 0 1 0 0 0 1 4287a.dat
1 72 -50 -24 -280 1 0 0 0 1 0 0 0 1 4287a.dat
0 STEP
1 71 -50 -32 -230 0 0 1 0 1 0 -1 0 0 3460.dat
1 71 50 -32 -230 0 0 1 0 1 0 -1 0 0 3460.dat
1 1 -50 -40 -170 0 0 1 0 1 0 -1 0 0 3023.dat
1 1 50 -40 -170 0 0 1 0 1 0 -1 0 0 3023.dat
1 71 0 -48 -160 -1 0 0 0 1 0 0 0 -1 30137.dat
0 STEP
1 1 0 -8 -210 1 0 0 0 1 0 0 0 1 4598.dat
1 1 0 -8 -300 1 0 0 0 1 0 0 0 1 4598.dat
1 1 0 8 -380 1 0 0 0 1 0 0 0 1 4598.dat
0 STEP
1 0 -20 10 -430 0 0 -1 0 1 0 1 0 0 2780.dat
1 0 20 10 -430 0 0 -1 0 1 0 1 0 0 2780.dat
1 72 0 24 -470 1 0 0 0 1 0 0 0 1 47406.dat
1 1 -30 0 -470 0 0 -1 0 1 0 1 0 0 47457.dat
1 1 30 0 -470 0 0 1 0 1 0 -1 0 0 47457.dat
1 4 0 -24 -470 -1 0 0 0 1 0 0 0 -1 3001.dat
1 0 -20 -24 -440 -1 0 0 0 1 0 0 0 -1 3039pcb.dat
1 0 20 -24 -440 -1 0 0 0 1 0 0 0 -1 70816 - 3039pb48.dat
0 STEP
1 72 -60 -24 -490 1 0 0 0 1 0 0 0 1 41764.dat
1 72 60 -24 -490 1 0 0 0 1 0 0 0 1 41765.dat
1 34 -10 -34 -418 1 0 0 0 0 1 0 -1 0 6141.dat
1 36 10 -34 -418 1 0 0 0 0 1 0 -1 0 6141.dat
1 71 0 -32 -440 -1 0 0 0 1 0 0 0 -1 99780.dat
0 STEP
1 71 -50 -32 -390 0 0 1 0 1 0 -1 0 0 3460.dat
1 71 50 -32 -390 0 0 1 0 1 0 -1 0 0 3460.dat
1 1 30 -32 -450 0 0 1 0 1 0 -1 0 0 3023.dat
1 1 -30 -32 -450 0 0 1 0 1 0 -1 0 0 3023.dat
0 STEP
1 71 90 -32 -350 1 0 0 0 1 0 0 0 1 47397.dat
1 71 -90 -32 -350 1 0 0 0 1 0 0 0 1 47398.dat
0 STEP

1 71 -160 -32 -430 1 0 0 0 1 0 0 0 1 70816 - 70816-C-03.ldr
1 71 160 -32 -430 1 0 0 0 1 0 0 0 1 70816 - 70816-C-04.ldr
1 1 0 -32 -530 0 0 1 0 1 0 -1 0 0 3034.dat
1 71 0 -40 -480 0 0 1 0 1 0 -1 0 0 3021.dat
1 72 0 -40 -520 -1 0 0 0 1 0 0 0 -1 2412b.dat
1 72 0 -40 -580 -1 0 0 0 1 0 0 0 -1 2412b.dat
1 72 0 -40 -550 -1 0 0 0 1 0 0 0 -1 87580.dat
1 71 0 -48 -550 -1 0 0 0 1 0 0 0 -1 4740.dat
1 72 0 -56 -550 -1 0 0 0 1 0 0 0 -1 6141.dat
0 STEP
1 72 0 -32 -630 0 0 1 0 1 0 -1 0 0 2444.dat
1 71 50 -32 -590 1 0 0 0 1 0 0 0 1 47397.dat
1 71 -50 -32 -590 1 0 0 0 1 0 0 0 1 47398.dat
0 STEP
1 1 50 -40 -510 1 0 0 0 1 0 0 0 1 54384.dat
1 1 -50 -40 -510 1 0 0 0 1 0 0 0 1 54383.dat
1 1 0 -40 -610 1 0 0 0 1 0 0 0 1 48183.dat
1 72 0 -40 -640 1 0 0 0 1 0 0 0 1 2412b.dat
0 STEP
1 1 -50 -64 -440 1 0 0 0 1 0 0 0 1 43711.dat
1 1 50 -64 -440 1 0 0 0 1 0 0 0 1 43710.dat
1 1 0 -64 -440 1 0 0 0 1 0 0 0 1 30363p90.dat
1 72 -30 -64 -450 1 0 0 0 1 0 0 0 1 42022.dat
1 72 30 -64 -450 1 0 0 0 1 0 0 0 1 42022.dat
0 STEP
1 72 0 -22 -658 1 0 0 0 0 -1 0 1 0 70816 - 70816-C-05.ldr
0 STEP
1 72 -60 -24 0 0 0 1 0 1 0 -1 0 0 42023.dat
1 72 60 -24 0 0 0 -1 0 1 0 1 0 0 42023.dat
0 STEP
1 72 0 -45 -380 1 0 0 0 1 0 0 0 1 70816 - Benny.ldr
1 72 0 -61 -300 1 0 0 0 1 0 0 0 1 70816 - Wyldstyle.ldr





0

0 FILE 70816 - 70816-C-03.ldr
0 70816-C-03
0 Name: 70816 - 70816-C-03.ldr
0 Author: Christophe Mitillo [Christophe_Mitillo]
0 !LDRAW_ORG MODEL
0 !LICENSE Redistributable under CCAL version 2.0 : see CAreadme.txt

0 ROTATION CENTER 0 0 0 1 "Custom" 
0 ROTATION CONFIG 0 0
1 0 0 0 0 0 0 1 0 1 0 -1 0 0 2817.dat
1 72 -10 -8 0 0 0 1 0 1 0 -1 0 0 2540.dat
0 STEP
1 71 40 -8 20 0 0 1 0 1 0 -1 0 0 41769.dat
0 STEP
1 0 40 0 0 0 0 1 0 1 0 -1 0 0 2817.dat
0 STEP
1 71 80 -8 -10 -1 0 0 0 1 0 0 0 -1 3460.dat
0 STEP
1 1 -30 -6 20 -0.34202 0 -0.939693 0.939693 0 -0.34202 0 -1 0 44676.dat
1 72 70 -16 0 0 0 -1 0 1 0 1 0 0 2412b.dat
1 1 20 -16 0 1 0 0 0 1 0 0 0 1 87079.dat
1 1 20 -16 0 1 0 0 0 1 0 0 0 1 6074343i.dat
0 STEP
1 71 0 10 -20 0 0 1 0 1 0 -1 0 0 61184.dat
1 36 0 10 -44 0 0 1 1 0 0 0 1 0 4589.dat
1 71 40 10 -20 0 0 1 0 1 0 -1 0 0 61184.dat
1 36 40 10 -44 0 0 1 1 0 0 0 1 0 4589.dat





0

0 FILE 70816 - 70816-C-04.ldr
0 70816-C-04
0 Name: 70816 - 70816-C-04.ldr
0 Author: Christophe Mitillo [Christophe_Mitillo]
0 !LDRAW_ORG MODEL
0 !LICENSE Redistributable under CCAL version 2.0 : see CAreadme.txt

0 ROTATION CENTER 0 0 0 1 "Custom" 
0 ROTATION CONFIG 0 0
1 0 0 0 0 0 0 1 0 1 0 -1 0 0 2817.dat
1 72 10 -8 0 0 0 -1 0 1 0 1 0 0 2540.dat
0 STEP
1 71 -40 -8 20 0 0 -1 0 1 0 1 0 0 41770.dat
0 STEP
1 0 -40 0 0 0 0 1 0 1 0 -1 0 0 2817.dat
0 STEP
1 71 -80 -8 -10 -1 0 0 0 1 0 0 0 -1 3460.dat
0 STEP
1 1 30 -6 20 -0.34202 0 0.939693 -0.939693 0 -0.34202 0 -1 0 44676.dat
1 72 -70 -16 0 0 0 -1 0 1 0 1 0 0 2412b.dat
1 1 -20 -16 0 1 0 0 0 1 0 0 0 1 87079.dat
1 1 -20 -16 0 1 0 0 0 1 0 0 0 1 6074343i.dat
0 STEP
1 71 -40 10 -20 0 0 1 0 1 0 -1 0 0 61184.dat
1 36 -40 10 -44 0 0 1 1 0 0 0 1 0 4589.dat
1 71 0 10 -20 0 0 1 0 1 0 -1 0 0 61184.dat
1 36 0 10 -44 0 0 1 1 0 0 0 1 0 4589.dat







0

0 FILE 70816 - 70816-C-05.ldr
0 70816-C-05
0 Name: 70816 - 70816-C-05.ldr
0 Author: Christophe Mitillo [Christophe_Mitillo]
0 !LDRAW_ORG MODEL
0 !LICENSE Redistributable under CCAL version 2.0 : see CAreadme.txt

0 ROTATION CENTER 0 0 0 1 "Custom" 
0 ROTATION CONFIG 0 0
1 72 0 0 0 1 0 0 0 1 0 0 0 1 4032a.dat
1 1 0 -24 0 1 0 0 0 1 0 0 0 1 3941.dat
1 1 0 -48 0 1 0 0 0 1 0 0 0 1 3941.dat
1 1 0 -96 0 1 0 0 0 1 0 0 0 1 3942b.dat
1 72 0 -120 0 1 0 0 0 1 0 0 0 1 4589.dat
1 70 0 0 0 1 0 0 0 1 0 0 0 1 63965.dat
1 1 0 8 0 0 1 0 -1 0 0 0 0 1 4274.dat
0 



0

0 FILE 70816 - 70816-C-06.ldr
0 70816-C-06
0 Name: 70816 - 70816-C-06.ldr
0 Author: Christophe Mitillo [Christophe_Mitillo]
0 !LDRAW_ORG MODEL
0 !LICENSE Redistributable under CCAL version 2.0 : see CAreadme.txt

0 ROTATION CENTER 0 0 0 1 "Custom" 
0 ROTATION CONFIG 0 0
1 0 -240 0 -40 1 0 0 0 1 0 0 0 1 70816 - 70816-AB.ldr
1 71 0 0 0 1 0 0 0 1 0 0 0 1 4282.dat
0 STEP
1 72 -80 8 -10 1 0 0 0 1 0 0 0 1 4510.dat
1 72 80 8 -10 1 0 0 0 1 0 0 0 1 4510.dat
1 72 80 8 10 -1 0 0 0 1 0 0 0 -1 4510.dat
1 72 -80 8 10 -1 0 0 0 1 0 0 0 -1 4510.dat
0 STEP
1 0 -40 -8 0 -1 0 0 0 1 0 0 0 -1 91988.dat
0 STEP
1 72 110 0 0 0 0 -1 0 1 0 1 0 0 85984.dat
1 1 140 -8 0 0 0 -1 0 1 0 1 0 0 3068b.dat
0 STEP
1 15 80 -16 0 0 0 -1 0 1 0 1 0 0 2460.dat
1 46 50 -16 0 0 0 -1 0 1 0 1 0 0 3023.dat
1 71 -80 -16 60 0 0 1 0 1 0 -1 0 0 30356.dat
1 71 -80 -16 -60 0 0 1 0 1 0 -1 0 0 30355.dat
0 STEP
1 71 50 -24 0 0 0 -1 0 1 0 1 0 0 32028.dat
1 72 30 -24 0 0 0 1 0 1 0 -1 0 0 4623.dat
1 72 30 -24 40 0 0 1 0 1 0 -1 0 0 4623.dat
1 72 30 -24 80 0 0 1 0 1 0 -1 0 0 4623.dat
0 STEP
1 72 -10 -24 40 0 0 1 0 1 0 -1 0 0 6636.dat
1 1 30 -32 60 0 0 1 0 1 0 -1 0 0 2431.dat
1 1 40 -32 0 0 0 1 0 1 0 -1 0 0 3068b.dat
0 STEP
1 0 -190 -24 -40 0 0 1 0 1 0 -1 0 0 60471.dat
1 0 -190 -24 20 0 0 1 0 1 0 -1 0 0 3710.dat
1 0 -170 -24 0 0 0 1 0 1 0 -1 0 0 3710.dat
0 STEP
1 1 -180 -32 0 0 0 1 0 1 0 -1 0 0 87079.dat
1 1 -180 -32 0 0 0 1 0 1 0 -1 0 0 6074343g.dat
1 72 -180 -16 -50 0 0 -1 0 1 0 1 0 0 11477.dat
1 72 -180 -16 50 0 0 -1 0 1 0 1 0 0 11477.dat
0 STEP
1 72 8 -44 40 0 1 0 -1 0 0 0 0 1 70816 - 70816-C-23.ldr





0

0 FILE 70816 - 70816-C-07.ldr
0 70816-C-07
0 Name: 70816 - 70816-C-07.ldr
0 Author: Christophe Mitillo [Christophe_Mitillo]
0 !LDRAW_ORG MODEL
0 !LICENSE Redistributable under CCAL version 2.0 : see CAreadme.txt

0 ROTATION CENTER 0 0 0 1 "Custom" 
0 ROTATION CONFIG 0 0
1 0 -240 0 40 -1 0 0 0 1 0 0 0 -1 70816 - 70816-AA.ldr
1 71 0 0 0 1 0 0 0 1 0 0 0 1 4282.dat
0 STEP
1 72 -80 8 -10 1 0 0 0 1 0 0 0 1 4510.dat
1 72 80 8 -10 1 0 0 0 1 0 0 0 1 4510.dat
1 72 80 8 10 -1 0 0 0 1 0 0 0 -1 4510.dat
1 72 -80 8 10 -1 0 0 0 1 0 0 0 -1 4510.dat
0 STEP
1 0 -40 -8 0 -1 0 0 0 1 0 0 0 -1 91988.dat
0 STEP
1 72 110 0 0 0 0 -1 0 1 0 1 0 0 85984.dat
1 1 140 -8 0 0 0 -1 0 1 0 1 0 0 3068b.dat
0 STEP
1 15 80 -16 0 0 0 -1 0 1 0 1 0 0 2460.dat
1 46 50 -16 0 0 0 -1 0 1 0 1 0 0 3023.dat
1 71 -80 -16 60 0 0 1 0 1 0 -1 0 0 30356.dat
1 71 -80 -16 -60 0 0 1 0 1 0 -1 0 0 30355.dat
0 STEP
1 71 50 -24 0 0 0 -1 0 1 0 1 0 0 32028.dat
1 72 30 -24 0 0 0 1 0 1 0 -1 0 0 4623.dat
1 72 30 -24 -80 0 0 1 0 1 0 -1 0 0 4623.dat
1 72 30 -24 -40 0 0 1 0 1 0 -1 0 0 4623.dat
0 STEP
1 72 -10 -24 -40 0 0 1 0 1 0 -1 0 0 6636.dat
1 1 30 -32 -60 0 0 1 0 1 0 -1 0 0 2431.dat
1 1 40 -32 0 0 0 1 0 1 0 -1 0 0 3068b.dat
0 STEP
1 0 -190 -24 40 0 0 1 0 1 0 -1 0 0 60471.dat
1 0 -190 -24 -20 0 0 1 0 1 0 -1 0 0 3710.dat
1 0 -170 -24 0 0 0 1 0 1 0 -1 0 0 3710.dat
0 STEP
1 1 -180 -32 0 0 0 1 0 1 0 -1 0 0 87079.dat
1 1 -180 -32 0 0 0 1 0 1 0 -1 0 0 6074343h.dat
1 72 -180 -16 -50 0 0 -1 0 1 0 1 0 0 11477.dat
1 72 -180 -16 50 0 0 -1 0 1 0 1 0 0 11477.dat
1 72 8 -44 -40 0 1 0 1 0 0 0 0 -1 70816 - 70816-C-23.ldr





0

0 FILE 70816 - 70816-C-08-1.ldr
0 70816-C-08-1
0 Name: 70816 - 70816-C-08-1.ldr
0 Author: Christophe Mitillo [Christophe_Mitillo]
0 !LDRAW_ORG MODEL
0 !LICENSE Redistributable under CCAL version 2.0 : see CAreadme.txt

0 ROTATION CENTER 0 0 0 1 "Custom" 
0 ROTATION CONFIG 0 0
1 71 0 -6 0 0 1 0 1 0 0 0 0 -1 56908.dat
1 72 0 -6 50 0 1 0 0 0 -1 -1 0 0 55013.dat
1 14 0 -6 26 0 1 0 1 0 0 0 0 -1 32123a.dat
1 19 0 -6 -20 0 1 0 1 0 0 0 0 -1 6589.dat
1 71 -10 -13 7 0 0 1 1 0 0 0 1 0 70816 - 70816-C-08-2.ldr
1 71 10 -13 7 0 0 1 1 0 0 0 1 0 70816 - 70816-C-08-2.ldr
1 71 -10 21 7 0 0 1 1 0 0 0 1 0 70816 - 70816-C-08-2.ldr
1 71 10 21 7 0 0 1 1 0 0 0 1 0 70816 - 70816-C-08-2.ldr
0 STEP
1 1 -20 -6 20 0 0 1 0 -1 0 1 0 0 6558.dat
1 1 20 -6 20 0 0 1 0 -1 0 1 0 0 6558.dat
0 STEP
1 72 0 -16 40 1 0 0 0 1 0 0 0 1 3701.dat
1 71 0 -16 60 1 0 0 0 1 0 0 0 1 32064a.dat
1 71 0 -16 80 1 0 0 0 1 0 0 0 1 32064a.dat
1 71 0 -16 100 1 0 0 0 1 0 0 0 1 32064a.dat
1 71 0 -16 120 1 0 0 0 1 0 0 0 1 32064a.dat
0 STEP
1 1 0 8 110 0 0 1 0 1 0 -1 0 0 3034.dat
0 STEP
1 72 0 -16 140 -1 0 0 0 1 0 0 0 -1 85943.dat
0 STEP
1 4 0 -6 170 -1 0 0 0 0 1 0 1 0 32291.dat
1 4 0 -6 170 -1 0 0 0 0 1 0 1 0 32062.dat
1 71 -10 -16 190 0 0 1 1 0 0 0 1 0 3673.dat
1 71 10 -16 190 0 0 1 1 0 0 0 1 0 3673.dat
0 



0

0 FILE 70816 - 70816-C-08-2.ldr
0 70816-C-08-2
0 Name: 70816 - 70816-C-08-2.ldr
0 Author: Christophe Mitillo [Christophe_Mitillo]
0 !LDRAW_ORG MODEL
0 !LICENSE Redistributable under CCAL version 2.0 : see CAreadme.txt

0 ROTATION CENTER 0 0 0 1 "Custom" 
0 ROTATION CONFIG 0 0
1 1 -10 -16 0 0 1 0 -1 0 0 0 0 1 4274.dat
1 57 -10 -24 0 1 0 0 0 1 0 0 0 1 98138.dat
0 
0 



0

0 FILE 70816 - 70816-C-09.ldr
0 70816-C-09
0 Name: 70816 - 70816-C-09.ldr
0 Author: Christophe Mitillo [Christophe_Mitillo]
0 !LDRAW_ORG MODEL
0 !LICENSE Redistributable under CCAL version 2.0 : see CAreadme.txt

0 ROTATION CENTER 0 0 0 1 "Custom" 
0 ROTATION CONFIG 0 0
1 71 0 0 0 1 0 0 0 1 0 0 0 1 4733.dat
1 72 0 -8 0 1 0 0 0 1 0 0 0 1 6141.dat
1 46 -16 10 0 0 1 0 -1 0 0 0 0 1 30153.dat
1 46 0 10 16 0 0 1 -1 0 0 0 -1 0 30153.dat
1 46 16 10 0 0 -1 0 -1 0 0 0 0 -1 30153.dat
1 46 0 10 -16 0 0 -1 -1 0 0 0 1 0 30153.dat
0 
0 
0 



0

0 FILE 70816 - 70816-C-10.ldr
0 70816-C-10
0 Name: 70816 - 70816-C-10.ldr
0 Author: Christophe Mitillo [Christophe_Mitillo]
0 !LDRAW_ORG MODEL
0 !LICENSE Redistributable under CCAL version 2.0 : see CAreadme.txt

0 ROTATION CENTER 0 0 0 1 "Custom" 
0 ROTATION CONFIG 0 0
1 71 0 0 0 1 0 0 0 1 0 0 0 1 30356.dat
0 STEP
1 1 -10 -24 80 0 0 1 0 1 0 -1 0 0 3037.dat
1 72 -10 -24 0 0 0 1 0 1 0 -1 0 0 30414.dat
0 STEP
1 0 10 -48 110 1 0 0 0 1 0 0 0 1 88292.dat
1 0 10 -24 60 0 0 -1 0 1 0 1 0 0 70816 - 3039pb48.dat
1 14 10 -24 30 0 0 -1 0 1 0 1 0 0 3062b.dat
1 14 10 -24 -30 0 0 -1 0 1 0 1 0 0 3062b.dat
0 STEP
1 1 10 -48 80 0 0 1 0 1 0 -1 0 0 3037.dat
1 1 10 -48 0 0 0 1 0 1 0 -1 0 0 3037.dat
1 72 -20 -14 -20 0 1 0 -1 0 0 0 0 1 61409.dat
0 



0

0 FILE 70816 - 70816-C-11.ldr
0 70816-C-11
0 Name: 70816 - 70816-C-11.ldr
0 Author: Christophe Mitillo [Christophe_Mitillo]
0 !LDRAW_ORG MODEL
0 !LICENSE Redistributable under CCAL version 2.0 : see CAreadme.txt

0 ROTATION CENTER 0 0 0 1 "Custom" 
0 ROTATION CONFIG 0 0
1 71 0 0 0 1 0 0 0 1 0 0 0 1 30355.dat
0 STEP
1 1 10 -24 80 0 0 -1 0 1 0 1 0 0 3037.dat
1 72 10 -24 0 0 0 -1 0 1 0 1 0 0 30414.dat
0 STEP
1 0 -10 -48 110 1 0 0 0 1 0 0 0 1 88292.dat
1 0 -10 -24 60 0 0 1 0 1 0 -1 0 0 3039pcb.dat
1 14 -10 -24 30 0 0 -1 0 1 0 1 0 0 3062b.dat
1 14 -10 -24 -30 0 0 -1 0 1 0 1 0 0 3062b.dat
0 STEP
1 1 -10 -48 0 0 0 -1 0 1 0 1 0 0 3037.dat
1 1 -10 -48 80 0 0 -1 0 1 0 1 0 0 3037.dat
1 72 20 -14 -20 0 -1 0 1 0 0 0 0 1 61409.dat
0 



0

0 FILE 70816 - 70816-C-12.ldr
0 70816-C-12
0 Name: 70816 - 70816-C-12.ldr
0 Author: Christophe Mitillo [Christophe_Mitillo]
0 !LDRAW_ORG MODEL
0 !LICENSE Redistributable under CCAL version 2.0 : see CAreadme.txt

0 ROTATION CENTER 0 0 0 1 "Custom" 
0 ROTATION CONFIG 0 0
1 71 0 0 0 1 0 0 0 1 0 0 0 1 3795.dat
0 STEP
1 0 0 -24 0 1 0 0 0 1 0 0 0 1 3003.dat
1 0 -30 -24 10 -1 0 0 0 1 0 0 0 -1 2357.dat
1 0 30 -24 10 0 0 1 0 1 0 -1 0 0 2357.dat
0 STEP
1 36 -50 -8 -10 0 0 1 0 1 0 -1 0 0 6141.dat
1 36 50 -8 -10 0 0 1 0 1 0 -1 0 0 6141.dat
1 72 0 -32 -10 -1 0 0 0 1 0 0 0 -1 44822.dat
1 71 0 -32 10 -1 0 0 0 1 0 0 0 -1 2431.dat
1 71 50 8 0 0 0 -1 0 1 0 1 0 0 99207.dat
1 71 -50 8 0 0 0 1 0 1 0 -1 0 0 99207.dat
1 71 -72 -4 0 0 1 0 -1 0 0 0 0 1 70816 - 70816-C-13.ldr
1 71 72 -4 0 0 -1 0 1 0 0 0 0 1 70816 - 70816-C-13.ldr
0 



0

0 FILE 70816 - 70816-C-13.ldr
0 70816-C-13
0 Name: 70816 - 70816-C-13.ldr
0 Author: Christophe Mitillo [Christophe_Mitillo]
0 !LDRAW_ORG MODEL
0 !LICENSE Redistributable under CCAL version 2.0 : see CAreadme.txt

0 ROTATION CENTER 0 0 0 1 "Custom" 
0 ROTATION CONFIG 0 0
1 71 0 0 0 1 0 0 0 1 0 0 0 1 3022.dat
1 71 0 -64 10 1 0 0 0 1 0 0 0 1 30044.dat
1 71 0 -64 -10 1 0 0 0 1 0 0 0 1 30044.dat
1 0 0 -40 3 1 0 0 0 1 0 0 0 1 30046.dat
0 



0

0 FILE 70816 - 70816-C-14.ldr
0 70816-C-14
0 Name: 70816 - 70816-C-14.ldr
0 Author: Christophe Mitillo [Christophe_Mitillo]
0 !LDRAW_ORG MODEL
0 !LICENSE Redistributable under CCAL version 2.0 : see CAreadme.txt

0 ROTATION CENTER 0 0 0 1 "Custom" 
0 ROTATION CONFIG 0 0
1 72 0 0 0 1 0 0 0 1 0 0 0 1 6063.dat
0 STEP
1 1 -40 -8 0 0 0 1 0 1 0 -1 0 0 3034.dat
1 1 40 -8 0 0 0 1 0 1 0 -1 0 0 3034.dat
0 STEP
1 0 -70 -8 -20 0 0 1 0 1 0 -1 0 0 3710.dat
1 0 70 -8 -20 0 0 1 0 1 0 -1 0 0 3710.dat
1 72 -30 -8 100 0 0 -1 0 1 0 1 0 0 11458.dat
1 72 30 -8 100 0 0 -1 0 1 0 1 0 0 11458.dat
1 71 -70 -32 -20 1 0 0 0 1 0 0 0 1 15400.dat
1 71 70 -32 -20 1 0 0 0 1 0 0 0 1 15400.dat
1 36 70 -21 80 1 0 0 0 1 0 0 0 1 15303.dat
1 36 -70 -21 80 1 0 0 0 1 0 0 0 1 15303.dat
1 1 -50 -32 0 0 0 -1 0 1 0 1 0 0 3004.dat
1 1 50 -32 0 0 0 -1 0 1 0 1 0 0 3004.dat
1 71 90 -32 0 0 0 -1 0 1 0 1 0 0 2432.dat
1 71 -90 -32 0 0 0 1 0 1 0 -1 0 0 2432.dat
0 STEP
1 72 -70 -40 -40 0 0 1 0 1 0 -1 0 0 2412b.dat
1 72 70 -40 -40 0 0 1 0 1 0 -1 0 0 2412b.dat
1 72 -60 -40 0 0 0 1 0 1 0 -1 0 0 15535.dat
1 71 -60 -40 0 0 0 -1 0 -1 0 -1 0 0 6141.dat
1 71 60 -40 0 0 0 -1 0 -1 0 -1 0 0 6141.dat
1 72 60 -40 0 0 0 1 0 1 0 -1 0 0 15535.dat
0 STEP
1 14 0 32 0 0 0 1 0 1 0 -1 0 0 3020.dat
1 1 0 -8 -50 -1 0 0 0 1 0 0 0 -1 6087.dat
1 1 0 -8 50 1 0 0 0 1 0 0 0 1 6087.dat
1 1 0 24 20 1 0 0 0 1 0 0 0 1 3068b.dat
1 72 0 24 -30 1 0 0 0 1 0 0 0 1 2412b.dat
1 71 0 24 -10 1 0 0 0 1 0 0 0 1 3794b.dat
1 14 0 0 -10 1 0 0 0 1 0 0 0 1 3062b.dat
1 71 0 -16 -50 -1 0 0 0 1 0 0 0 -1 3069bpc3.dat
0 STEP
1 72 -30 -16 0 0 0 -1 0 1 0 1 0 0 93274.dat
1 72 30 -16 0 0 0 1 0 1 0 -1 0 0 93274.dat
0 STEP
1 1 -10 -32 80 0 0 1 0 1 0 -1 0 0 3039.dat
1 1 10 -32 80 0 0 -1 0 1 0 1 0 0 3039.dat
1 1 0 0 -90 0 0 -1 0 1 0 1 0 0 93273.dat
1 46 0 -32 -70 1 0 0 0 1 0 0 0 1 30413.dat
1 72 0 -69 50 -1 0 0 0 -1 0 0 0 1 30375.dat
1 71 0 -40 70 1 0 0 0 1 0 0 0 1 11476.dat
1 72 -10 -32 80 -1 0 0 0 1 0 0 0 -1 11477.dat
1 72 10 -32 80 -1 0 0 0 1 0 0 0 -1 11477.dat
0 STEP
1 0 30 -14 110 -1 0 0 0 1 0 0 0 -1 32054.dat
1 0 -30 -14 110 1 0 0 0 1 0 0 0 1 32054.dat
1 0 0 -22 0 1 0 0 0 1 0 0 0 1 70816 - Kitty.ldr
0 



0

0 FILE 70816 - 70816-C-15.ldr
0 70816-C-15
0 Name: 70816 - 70816-C-15.ldr
0 Author: Christophe Mitillo [Christophe_Mitillo]
0 !LDRAW_ORG MODEL
0 !LICENSE Redistributable under CCAL version 2.0 : see CAreadme.txt

0 ROTATION CENTER 0 0 0 1 "Custom" 
0 ROTATION CONFIG 0 0
1 1 0 0 0 0 0 1 0 1 0 -1 0 0 2445.dat
1 1 -10 -24 -80 0 0 -1 0 1 0 1 0 0 3037.dat
1 1 -10 -24 -80 0 0 -1 0 1 0 1 0 0 6074343a.dat
1 1 -10 -24 80 0 0 -1 0 1 0 1 0 0 6074343c.dat
1 1 -10 -24 80 0 0 -1 0 1 0 1 0 0 3037.dat
1 46 -10 -24 0 0 0 1 0 1 0 -1 0 0 30413.dat
1 71 10 -8 20 0 0 1 0 1 0 -1 0 0 3794b.dat
1 71 10 -8 -20 0 0 1 0 1 0 -1 0 0 3794b.dat
1 72 10 -8 20 0 0 -1 0 1 0 1 0 0 54200.dat
1 72 10 -8 -20 0 0 -1 0 1 0 1 0 0 54200.dat





0

0 FILE 70816 - 70816-C-16.ldr
0 70816-C-16
0 Name: 70816 - 70816-C-16.ldr
0 Author: Christophe Mitillo [Christophe_Mitillo]
0 !LDRAW_ORG MODEL
0 !LICENSE Redistributable under CCAL version 2.0 : see CAreadme.txt

0 ROTATION CENTER 0 0 0 1 "Custom" 
0 ROTATION CONFIG 0 0
1 1 0 0 0 0 0 -1 0 1 0 1 0 0 2445.dat
1 1 10 -24 80 0 0 1 0 1 0 -1 0 0 3037.dat
1 1 10 -24 -80 0 0 1 0 1 0 -1 0 0 3037.dat
1 1 10 -24 -80 0 0 1 0 1 0 -1 0 0 6074343b.dat
1 1 10 -24 80 0 0 1 0 1 0 -1 0 0 6074343d.dat
1 46 10 -24 0 0 0 -1 0 1 0 1 0 0 30413.dat
1 71 -10 -8 -20 0 0 -1 0 1 0 1 0 0 3794b.dat
1 71 -10 -8 20 0 0 -1 0 1 0 1 0 0 3794b.dat
1 72 -10 -8 -20 0 0 1 0 1 0 -1 0 0 54200.dat
1 72 -10 -8 20 0 0 1 0 1 0 -1 0 0 54200.dat





0

0 FILE 70816 - Flexible_Hose_12L-A.ldr
0 Flexible_Hose_12L-A
0 Name: 70816 - Flexible_Hose_12L-A.ldr
0 Author: Christophe Mitillo [Christophe_Mitillo]
0 !LDRAW_ORG MODEL
0 !LICENSE Redistributable under CCAL version 2.0 : see CAreadme.txt

0 ROTATION CENTER 0 0 0 1 "Custom" 
0 ROTATION CONFIG 0 0
0 MLCAD HIDE 1 2 -74 -102 20 0 1 0 0 0 1 1 0 0 LS101.dat
0 MLCAD HIDE 1 2 -99 -102 20 0 1 0 0 0 1 1 0 0 LS02.dat
0 MLCAD HIDE 1 2 -153 -46 -80 0 -1 0 0 0 1 -1 0 0 LS02.dat
0 MLCAD HIDE 1 2 -144 -46 -80 0 -1 0 0 0 1 -1 0 0 LS101.dat
0 STEP
0 MLCAD HIDE 1 2 -74 -102 20 0 1 0 0 0 1 1 0 0 LS101.dat
0 MLCAD HIDE 1 2 -99 -102 20 0 1 0 0 0 1 1 0 0 LS02.dat
0 MLCAD HIDE 1 2 -156.592 -43.336 -80 0 -0.984808 0.173648 0 0.173648 0.984808 -1 0 0 LS02.dat
0 MLCAD HIDE 1 2 -144 -46 -80 0 -1 0 0 0 1 -1 0 0 LS101.dat
0 STEP
1 16 -75 -102 20 0 -1 0 0 0 1 1 0 0 70816 - 759b.dat
1 16 -91.955 -102 20 0 -1 0 -0.0615 0 0.9981 0.9981 0 0.0615 758.dat
1 16 -97.878 -101.998 19.997 -0.0012 -1 0.0007 -0.0876 0.0008 0.9962 0.9962 -0.0011 0.0876 758.dat
1 16 -103.847 -101.854 19.788 -0.0734 -0.9965 0.0391 -0.1121 0.0472 0.9926 0.991 -0.0685 0.1151 758.dat
1 16 -109.647 -101.373 19.089 -0.1819 -0.9791 0.0907 -0.1289 0.1152 0.9849 0.9748 -0.1674 0.1472 758.dat
1 16 -115.363 -100.511 17.833 -0.2807 -0.9509 0.1305 -0.1401 0.1751 0.9745 0.9495 -0.2553 0.1823 758.dat
1 16 -120.936 -99.313 16.084 -0.3675 -0.9164 0.1586 -0.1478 0.2259 0.9629 0.9182 -0.3304 0.2184 758.dat
1 16 -126.221 -97.854 13.948 -0.4427 -0.879 0.1769 -0.1531 0.2685 0.951 0.8835 -0.394 0.2535 758.dat
1 16 -131.32 -96.154 11.449 -0.5083 -0.8406 0.1871 -0.1576 0.3044 0.9394 0.8467 -0.448 0.2872 758.dat
1 16 -136.179 -94.263 8.661 -0.5653 -0.8026 0.1907 -0.1617 0.3345 0.9284 0.8089 -0.494 0.3188 758.dat
1 16 -140.808 -92.21 5.622 -0.6155 -0.7651 0.189 -0.1657 0.3601 0.9181 0.7705 -0.5338 0.3484 758.dat
1 16 -145.267 -89.995 2.331 -0.6601 -0.7286 0.1828 -0.17 0.382 0.9084 0.7317 -0.5686 0.376 758.dat
1 16 -149.479 -87.675 -1.13 -0.6997 -0.6932 0.1731 -0.1744 0.4007 0.8994 0.6928 -0.5991 0.4013 758.dat
1 16 -153.461 -85.263 -4.745 -0.7353 -0.6584 0.1607 -0.1788 0.4171 0.8911 0.6537 -0.6265 0.4244 758.dat
1 16 -157.271 -82.74 -8.544 -0.7679 -0.6238 0.1456 -0.1831 0.4316 0.8833 0.6138 -0.6516 0.4457 758.dat
1 16 -160.875 -80.135 -12.487 -0.7977 -0.5893 0.1284 -0.1873 0.4445 0.876 0.5733 -0.6747 0.4649 758.dat
1 16 -164.247 -77.478 -16.533 -0.8251 -0.5543 0.1096 -0.1908 0.4559 0.8693 0.5318 -0.6964 0.482 758.dat
1 16 -167.426 -74.743 -20.725 -0.8507 -0.5181 0.0889 -0.1937 0.4663 0.8632 0.4887 -0.717 0.497 758.dat
1 16 -170.374 -71.96 -25.023 -0.8747 -0.48 0.0669 -0.1954 0.4756 0.8577 0.4435 -0.7371 0.5098 758.dat
1 16 -173.114 -69.098 -29.478 -0.8973 -0.4392 0.0432 -0.1958 0.484 0.8529 0.3955 -0.7569 0.5203 758.dat
1 16 -175.565 -66.227 -33.992 -0.9187 -0.3945 0.0186 -0.1938 0.4914 0.8491 0.3441 -0.7765 0.5279 758.dat
1 16 -177.757 -63.288 -38.665 -0.939 -0.3438 -0.0076 -0.189 0.4977 0.8465 0.2873 -0.7963 0.5324 758.dat
1 16 -179.615 -60.328 -43.437 -0.958 -0.2847 -0.0348 -0.18 0.5026 0.8456 0.2232 -0.8163 0.5327 758.dat
1 16 -181.091 -57.334 -48.348 -0.975 -0.213 -0.0631 -0.1652 0.5051 0.8471 0.1486 -0.8363 0.5277 758.dat
1 16 -182.082 -54.346 -53.359 -0.9882 -0.1226 -0.0918 -0.1416 0.5037 0.8522 0.0583 -0.8551 0.5151 758.dat
1 16 -182.447 -51.395 -58.459 -0.9928 -0.0026 -0.1194 -0.105 0.4944 0.8629 -0.0568 -0.8692 0.4911 758.dat
1 16 -181.965 -48.533 -63.625 -0.9764 0.1629 -0.1416 -0.0498 0.4685 0.8821 -0.2101 -0.8683 0.4493 758.dat
1 16 -180.327 -45.947 -68.628 -0.9097 0.3883 -0.1469 0.0269 0.4081 0.9125 -0.4143 -0.8262 0.3817 758.dat
1 16 -177.252 -43.907 -73.09 -0.7477 0.6541 -0.114 0.1091 0.2903 0.9507 -0.655 -0.6984 0.2884 758.dat
1 16 -172.758 -42.684 -76.55 -0.4958 0.8677 -0.0358 0.1526 0.1277 0.98 -0.8549 -0.4804 0.1957 758.dat
1 16 -167.323 -42.37 -78.725 -0.2516 0.9663 0.0551 0.1413 -0.0196 0.9898 -0.9575 -0.2568 0.1316 758.dat
1 16 -161.536 -42.796 -79.736 -0.0749 0.9886 0.1308 0.1024 -0.1229 0.9871 -0.9919 -0.0873 0.0921 758.dat
1 16 -155.763 -43.849 -79.994 0.0124 0.9725 0.2324 0.0603 -0.2327 0.9707 -0.9981 -0.0019 0.0616 758.dat
1 16 -149.979 -45.075 -80 0.0065 0.9832 0.1825 0.035 -0.1826 0.9826 -0.9994 0 0.0356 758.dat
1 16 -125 -46 -80 0 -1 0 0 0 1 -1 0 0 70816 - 759b.dat
0 



0

0 FILE 70816 - Flexible_Hose_12L-AA.ldr
0 Flexible_Hose_12L-AA
0 Name: 70816 - Flexible_Hose_12L-AA.ldr
0 Author: Johann Eisner [technicbasics]
0 !LDRAW_ORG MODEL
0 !LICENSE Redistributable under CCAL version 2.0 : see CAreadme.txt
0 ROTATION CENTER 0 0 0 1 "Custom" 
0 ROTATION CONFIG 0 0
0 MLCAD HIDE 1 2 -74 -102 20 0 1 0 0 0 1 1 0 0 LS101.dat
0 MLCAD HIDE 1 2 -99 -102 20 0 1 0 0 0 1 1 0 0 LS02.dat
0 MLCAD HIDE 1 2 -153 -46 -80 0 -1 0 0 0 1 -1 0 0 LS02.dat
0 MLCAD HIDE 1 2 -144 -46 -80 0 -1 0 0 0 1 -1 0 0 LS101.dat
0 STEP
0 MLCAD HIDE 1 2 -74 -102 20 0 1 0 0 0 1 1 0 0 LS101.dat
0 MLCAD HIDE 1 2 -99 -102 20 0 1 0 0 0 1 1 0 0 LS02.dat
0 MLCAD HIDE 1 2 -156.592 -43.336 -80 0 -0.984808 0.173648 0 0.173648 0.984808 -1 0 0 LS02.dat
0 MLCAD HIDE 1 2 -144 -46 -80 0 -1 0 0 0 1 -1 0 0 LS101.dat
0 STEP
1 16 -75 -102 20 0 1 0 0 0 1 1 0 0 70816 - 759b.dat
1 16 -58.045 -102 20 0 1 0 -0.0615 0 0.9981 0.9981 0 0.0615 758.dat
1 16 -52.122 -101.998 19.997 0.0012 1 -0.0007 -0.0876 0.0008 0.9962 0.9962 -0.0011 0.0876 758.dat
1 16 -46.153 -101.854 19.788 0.0734 0.9965 -0.0391 -0.1121 0.0472 0.9926 0.991 -0.0685 0.1151 758.dat
1 16 -40.353 -101.373 19.089 0.1819 0.9791 -0.0907 -0.1289 0.1152 0.9849 0.9748 -0.1674 0.1472 758.dat
1 16 -34.637 -100.511 17.833 0.2807 0.9509 -0.1305 -0.1401 0.1751 0.9745 0.9495 -0.2553 0.1823 758.dat
1 16 -29.064 -99.313 16.084 0.3675 0.9164 -0.1586 -0.1478 0.2259 0.9629 0.9182 -0.3304 0.2184 758.dat
1 16 -23.779 -97.854 13.948 0.4427 0.879 -0.1769 -0.1531 0.2685 0.951 0.8835 -0.394 0.2535 758.dat
1 16 -18.68 -96.154 11.449 0.5083 0.8406 -0.1871 -0.1576 0.3044 0.9394 0.8467 -0.448 0.2872 758.dat
1 16 -13.821 -94.263 8.661 0.5653 0.8026 -0.1907 -0.1617 0.3345 0.9284 0.8089 -0.494 0.3188 758.dat
1 16 -9.192 -92.21 5.622 0.6155 0.7651 -0.189 -0.1657 0.3601 0.9181 0.7705 -0.5338 0.3484 758.dat
1 16 -4.733 -89.995 2.331 0.6601 0.7286 -0.1828 -0.17 0.382 0.9084 0.7317 -0.5686 0.376 758.dat
1 16 -0.521 -87.675 -1.13 0.6997 0.6932 -0.1731 -0.1744 0.4007 0.8994 0.6928 -0.5991 0.4013 758.dat
1 16 3.461 -85.263 -4.745 0.7353 0.6584 -0.1607 -0.1788 0.4171 0.8911 0.6537 -0.6265 0.4244 758.dat
1 16 7.271 -82.74 -8.544 0.7679 0.6238 -0.1456 -0.1831 0.4316 0.8833 0.6138 -0.6516 0.4457 758.dat
1 16 10.875 -80.135 -12.487 0.7977 0.5893 -0.1284 -0.1873 0.4445 0.876 0.5733 -0.6747 0.4649 758.dat
