0 FILE 928 - Main Model.ldr
0 Main Model
0 Name: 928 - Main Model.ldr
0 Author: Willy Tschager [Holly-Wood]
0 !LDRAW_ORG Model
0 !LICENSE Redistributable under CCAL version 2.0 : see CAreadme.txt

0 !THEME Space / Classic Space
0 !KEYWORDS moon, astronaut, 1979
0 !HISTORY 2012-03-01 [Holly-Wood] Creation

1 16 0 0 0 1 0 0 0 1 0 0 0 1 928 - Base.ldr
1 16 -45 0 285 -0.866025 0 0.5 0 1 0 -0.5 0 -0.866025 928 - Space Ship.ldr
1 16 220 -4 -220 -0.945519 0 0.325568 0 1 0 -0.325568 0 -0.945519 928 - Space Buggy.ldr
1 16 280 -72 -30 1 0 0 0 1 0 0 0 1 928 - White Minifig1.ldr
1 16 150 -72 -440 0 0 -1 0 1 0 1 0 0 928 - Red Minifig2.ldr

0 FILE 928 - Space Ship.ldr
0 Space Ship
0 Name: 928 - Space Ship.ldr
0 Author: Willy Tschager [Holly-Wood]
0 !LDRAW_ORG Model
0 !LICENSE Redistributable under CCAL version 2.0 : see CAreadme.txt

0 !THEME Space / Classic Space
0 !KEYWORDS moon, astronaut, 1979
0 !HISTORY 2012-03-01 [Holly-Wood] Creation

1 7 0 -56 -300 0 0 -1 0 1 0 1 0 0 3795.dat
1 7 0 -56 -120 0 0 -1 0 1 0 1 0 0 3028.dat
0 STEP
1 7 0 -64 -200 0 0 -1 0 1 0 1 0 0 3030.dat
0 STEP
1 7 0 -64 -360 0 0 -1 0 1 0 1 0 0 3795.dat
1 7 100 -56 20 0 0 -1 0 1 0 1 0 0 3029.dat
1 7 -100 -56 20 0 0 -1 0 1 0 1 0 0 3029.dat
1 7 0 -56 120 0 0 -1 0 1 0 1 0 0 3028.dat
0 STEP
1 7 60 -64 -160 0 0 -1 0 1 0 1 0 0 3832.dat
1 7 -60 -64 -160 0 0 -1 0 1 0 1 0 0 3832.dat
1 7 -60 -64 20 0 0 -1 0 1 0 1 0 0 3034.dat
1 7 60 -64 20 0 0 -1 0 1 0 1 0 0 3034.dat
1 7 0 -64 110 1 0 0 0 1 0 0 0 1 3460.dat
1 7 0 -64 90 1 0 0 0 1 0 0 0 1 3710.dat
1 7 160 -56 40 0 0 1 0 1 0 -1 0 0 3034.dat
1 7 -160 -56 40 0 0 1 0 1 0 -1 0 0 3034.dat
1 7 200 -56 20 0 0 1 0 1 0 -1 0 0 3020.dat
1 7 -200 -56 20 0 0 1 0 1 0 -1 0 0 3020.dat
0 STEP
1 7 90 -64 60 0 0 1 0 1 0 -1 0 0 3666.dat
1 7 -90 -64 60 0 0 1 0 1 0 -1 0 0 3666.dat
1 7 -160 -64 -10 -1 0 0 0 1 0 0 0 -1 3460.dat
1 7 160 -64 -10 -1 0 0 0 1 0 0 0 -1 3460.dat
1 7 180 -64 40 -1 0 0 0 1 0 0 0 -1 3035.dat
1 7 -180 -64 40 -1 0 0 0 1 0 0 0 -1 3035.dat
1 7 80 -56 220 0 0 -1 0 1 0 1 0 0 3034.dat
1 7 -80 -56 220 0 0 -1 0 1 0 1 0 0 3034.dat
0 STEP
1 7 -160 -64 90 1 0 0 0 1 0 0 0 1 3666.dat
1 7 160 -64 90 1 0 0 0 1 0 0 0 1 3666.dat
1 7 140 -64 -40 1 0 0 0 1 0 0 0 1 3795.dat
1 7 -140 -64 -40 1 0 0 0 1 0 0 0 1 3795.dat
1 7 110 -64 -100 1 0 0 0 1 0 0 0 1 3021.dat
1 7 -110 -64 -100 1 0 0 0 1 0 0 0 1 3021.dat
1 7 120 -64 -70 1 0 0 0 1 0 0 0 1 3710.dat
1 7 -140 -64 110 1 0 0 0 1 0 0 0 1 3710.dat
1 7 140 -64 110 1 0 0 0 1 0 0 0 1 3710.dat
1 7 -120 -64 -70 1 0 0 0 1 0 0 0 1 3710.dat
1 7 -80 -64 180 0 0 -1 0 1 0 1 0 0 3958.dat
1 7 80 -64 180 0 0 -1 0 1 0 1 0 0 3958.dat
0 STEP
1 7 0 -64 140 0 0 -1 0 1 0 1 0 0 3022.dat
1 7 100 -64 260 0 0 -1 0 1 0 1 0 0 3022.dat
1 7 -100 -64 260 0 0 -1 0 1 0 1 0 0 3022.dat
1 7 70 -64 300 0 0 -1 0 1 0 1 0 0 3666.dat
1 7 -70 -64 300 0 0 -1 0 1 0 1 0 0 3666.dat
1 7 -90 -64 300 0 0 -1 0 1 0 1 0 0 3023.dat
1 7 90 -64 300 0 0 -1 0 1 0 1 0 0 3023.dat
1 7 0 -72 -410 1 0 0 0 1 0 0 0 1 3839a.dat
1 7 0 -62 250 1 0 0 0 1 0 0 0 1 3149e.dat
0 STEP
1 4 0 -62 250 1 0 0 0 1 0 0 0 1 313.dat
1 16 0 -62 250 -1 0 0 0 -0.913545 0.406737 0 0.406737 0.913545 928 - Space Ship - Cargo Hatchway.ldr
1 7 40 -72 -320 1 0 0 0 1 0 0 0 1 3933.dat
1 7 100 -72 -180 1 0 0 0 1 0 0 0 1 3933.dat
1 7 0 -72 -200 1 0 0 0 1 0 0 0 1 3032.dat
1 7 0 -72 -150 1 0 0 0 1 0 0 0 1 3666.dat
1 7 50 -72 -60 0 0 1 0 1 0 -1 0 0 3460.dat
1 7 -50 -72 -60 0 0 1 0 1 0 -1 0 0 3460.dat
1 7 -40 -72 -320 1 0 0 0 1 0 0 0 1 3934.dat
1 7 -100 -72 -180 1 0 0 0 1 0 0 0 1 3934.dat
0 STEP
1 14 110 -72 -70 0 0 1 0 1 0 -1 0 0 3623.dat
1 14 70 -72 -70 0 0 1 0 1 0 -1 0 0 3623.dat
1 14 -70 -72 -70 0 0 1 0 1 0 -1 0 0 3623.dat
1 14 -110 -72 -70 0 0 1 0 1 0 -1 0 0 3623.dat
1 0 90 -72 -70 0 0 1 0 1 0 -1 0 0 3623.dat
1 0 -90 -72 -70 0 0 1 0 1 0 -1 0 0 3623.dat
1 7 160 -72 -80 1 0 0 0 1 0 0 0 1 3936.dat
1 7 -160 -72 -80 1 0 0 0 1 0 0 0 1 3935.dat
1 7 -160 -88 10 1 0 0 0 1 0 0 0 1 3298.dat
1 7 160 -88 10 1 0 0 0 1 0 0 0 1 3298.dat
1 7 -100 -88 10 1 0 0 0 1 0 0 0 1 3297.dat
1 7 100 -88 10 1 0 0 0 1 0 0 0 1 3297.dat
0 STEP
1 7 -220 -72 -20 1 0 0 0 1 0 0 0 1 3935.dat
1 7 220 -72 -20 1 0 0 0 1 0 0 0 1 3936.dat
1 7 220 -72 60 1 0 0 0 1 0 0 0 1 3031.dat
1 7 -220 -72 60 1 0 0 0 1 0 0 0 1 3031.dat
1 36 -250 -72 10 1 0 0 0 1 0 0 0 1 3024.dat
1 36 250 -72 10 1 0 0 0 1 0 0 0 1 3024.dat
1 7 80 -72 120 0 0 1 0 1 0 -1 0 0 3030.dat
1 7 -80 -72 120 0 0 1 0 1 0 -1 0 0 3030.dat
1 14 170 -72 50 0 0 1 0 1 0 -1 0 0 3623.dat
1 14 130 -72 50 0 0 1 0 1 0 -1 0 0 3623.dat
1 14 -130 -72 50 0 0 1 0 1 0 -1 0 0 3623.dat
1 14 -170 -72 50 0 0 1 0 1 0 -1 0 0 3623.dat
1 0 -150 -72 50 0 0 1 0 1 0 -1 0 0 3623.dat
1 0 150 -72 50 0 0 1 0 1 0 -1 0 0 3623.dat
0 STEP
1 7 160 -72 160 -1 0 0 0 1 0 0 0 -1 3934.dat
1 7 100 -72 300 -1 0 0 0 1 0 0 0 -1 3934.dat
1 7 -160 -72 160 -1 0 0 0 1 0 0 0 -1 3933.dat
1 7 -100 -72 300 -1 0 0 0 1 0 0 0 -1 3933.dat
1 7 0 -64 -70 1 0 0 0 1 0 0 0 1 3829c01.dat
1 7 0 -72 150 0 0 1 0 1 0 -1 0 0 3021.dat
1 7 0 -72 100 -1 0 0 0 1 0 0 0 -1 3020.dat
0 STEP
1 1 0 -96 -150 1 0 0 0 1 0 0 0 1 3939p91.dat
1 7 20 -88 -130 -1 0 0 0 1 0 0 0 -1 3039p34.dat
1 7 -20 -88 -130 -1 0 0 0 1 0 0 0 -1 3039p23.dat
1 1 70 -80 250 -1 0 0 0 1 0 0 0 -1 3070b.dat
1 1 -70 -80 250 -1 0 0 0 1 0 0 0 -1 3070b.dat
1 1 70 -80 280 0 0 -1 0 1 0 1 0 0 3069b.dat
1 1 70 -80 320 0 0 -1 0 1 0 1 0 0 3069b.dat
1 1 70 -80 360 0 0 -1 0 1 0 1 0 0 3069b.dat
1 1 -70 -80 360 0 0 -1 0 1 0 1 0 0 3069b.dat
1 1 -70 -80 320 0 0 -1 0 1 0 1 0 0 3069b.dat
1 1 -70 -80 280 0 0 -1 0 1 0 1 0 0 3069b.dat
1 7 180 -120 100 1 0 0 0 1 0 0 0 1 3479.dat
1 7 140 -120 100 1 0 0 0 1 0 0 0 1 3479.dat
1 7 100 -120 100 1 0 0 0 1 0 0 0 1 3479.dat
1 7 -100 -120 100 1 0 0 0 1 0 0 0 1 3479.dat
1 7 -140 -120 100 1 0 0 0 1 0 0 0 1 3479.dat
1 7 -180 -120 100 1 0 0 0 1 0 0 0 1 3479.dat
0 STEP
1 1 50 -96 -100 0 0 -1 0 1 0 1 0 0 3010p928.dat
1 1 -50 -96 -100 0 0 1 0 1 0 -1 0 0 3010p928.dat
1 1 50 -96 20 0 0 1 0 1 0 -1 0 0 3008.dat
1 1 -50 -96 20 0 0 1 0 1 0 -1 0 0 3008.dat
1 1 0 -96 100 -1 0 0 0 1 0 0 0 -1 3001.dat
1 1 -70 -96 160 0 0 -1 0 1 0 1 0 0 3008.dat
1 1 70 -96 160 0 0 -1 0 1 0 1 0 0 3008.dat
1 7 190 -128 100 0 0 -1 0 1 0 1 0 0 3839a.dat
1 7 -190 -128 100 0 0 1 0 1 0 -1 0 0 3839a.dat
1 7 110 -128 100 -1 0 0 0 1 0 0 0 -1 3021.dat
1 7 -110 -128 100 -1 0 0 0 1 0 0 0 -1 3021.dat
0 STEP
1 7 70 -120 150 1 0 0 0 1 0 0 0 1 3822.dat
1 7 -70 -120 150 1 0 0 0 1 0 0 0 1 3821.dat
1 1 -70 -120 120 0 0 1 0 1 0 -1 0 0 3004.dat
1 1 70 -120 120 0 0 1 0 1 0 -1 0 0 3004.dat
1 1 0 -120 90 -1 0 0 0 1 0 0 0 -1 3008.dat
1 1 -50 -120 50 0 0 -1 0 1 0 1 0 0 3622.dat
1 1 50 -120 50 0 0 -1 0 1 0 1 0 0 3622.dat
1 46 50 -120 -40 0 0 -1 0 1 0 1 0 0 3067a.dat
1 46 -50 -120 -40 0 0 -1 0 1 0 1 0 0 3067a.dat
1 46 0 -120 -110 1 0 0 0 1 0 0 0 1 3939.dat
1 7 160 -128 100 1 0 0 0 1 0 0 0 1 3956.dat
1 7 -160 -128 100 1 0 0 0 1 0 0 0 1 3956.dat
0 STEP
1 46 0 -144 -70 1 0 0 0 1 0 0 0 1 3939.dat
1 46 50 -144 -20 0 0 1 0 1 0 -1 0 0 3066.dat
1 46 -50 -144 -20 0 0 1 0 1 0 -1 0 0 3066.dat
1 1 50 -144 40 0 0 -1 0 1 0 1 0 0 3004p90.dat
1 1 -50 -144 40 0 0 1 0 1 0 -1 0 0 3004p90.dat
1 1 50 -144 80 0 0 1 0 1 0 -1 0 0 3004.dat
1 1 -50 -144 80 0 0 1 0 1 0 -1 0 0 3004.dat
1 1 20 -144 90 -1 0 0 0 1 0 0 0 -1 3937.dat
1 1 -20 -144 90 -1 0 0 0 1 0 0 0 -1 3937.dat
1 7 -160 -148 80 -1 0 0 0 0 1 0 1 0 3941.dat
1 7 -160 -148 104 -1 0 0 0 0 1 0 1 0 3941.dat
1 7 160 -148 80 -1 0 0 0 0 1 0 1 0 3941.dat
1 7 160 -148 104 -1 0 0 0 0 1 0 1 0 3941.dat
0 STEP
1 1 80 -120 240 0 0 -1 0 1 0 1 0 0 3831.dat
1 1 -80 -120 240 0 0 1 0 1 0 -1 0 0 3830.dat
1 1 70 -144 160 0 0 1 0 1 0 -1 0 0 3008.dat
1 1 -70 -144 160 0 0 1 0 1 0 -1 0 0 3008.dat
1 1 50 -152 0 0 0 1 0 1 0 -1 0 0 3460.dat
1 1 -50 -152 0 0 0 1 0 1 0 -1 0 0 3460.dat
1 16 80 -132 240 -0.866025 0 -0.5 0 1 0 0.5 0 -0.866025 928 - Space Ship - Hatch Left.ldr
1 16 -80 -132 240 -0.707107 0 0.707107 0 1 0 -0.707107 0 -0.707107 928 - Space Ship - Hatch Right.ldr
1 16 0 -134 90 -1 0 0 0 0.707107 -0.707107 0 -0.707107 -0.707107 928 - Space Ship - Cockpit hatch.ldr
1 7 -160 -148 24 -1 0 0 0 0 1 0 1 0 3942a.dat
1 7 160 -148 24 -1 0 0 0 0 1 0 1 0 3942a.dat
0 STEP
1 1 60 -152 110 0 0 -1 0 1 0 1 0 0 3021.dat
1 1 -60 -152 110 0 0 -1 0 1 0 1 0 0 3021.dat
1 1 50 -160 110 0 0 -1 0 1 0 1 0 0 3024.dat
1 1 -50 -160 110 0 0 -1 0 1 0 1 0 0 3024.dat
1 1 -70 -168 160 0 0 -1 0 1 0 1 0 0 3660.dat
1 1 -80 -168 240 0 0 1 0 1 0 -1 0 0 3830.dat
1 1 -70 -168 190 0 0 1 0 1 0 -1 0 0 3005.dat
1 1 0 -168 110 -1 0 0 0 1 0 0 0 -1 3666.dat
1 1 0 -160 130 -1 0 0 0 1 0 0 0 -1 3460.dat
0 STEP
1 36 -70 -176 90 -1 0 0 0 1 0 0 0 -1 3062b.dat
1 36 70 -176 90 -1 0 0 0 1 0 0 0 -1 3062b.dat
1 1 70 -168 190 -1 0 0 0 1 0 0 0 -1 3005.dat
1 1 80 -168 240 0 0 -1 0 1 0 1 0 0 3831.dat
1 1 70 -168 160 0 0 1 0 1 0 -1 0 0 3660.dat
1 1 0 -168 130 -1 0 0 0 1 0 0 0 -1 3460.dat
0 STEP
1 46 0 -192 150 1 0 0 0 1 0 0 0 1 3939.dat
1 46 70 -192 200 0 0 1 0 1 0 -1 0 0 3066.dat
1 46 -70 -192 200 0 0 1 0 1 0 -1 0 0 3066.dat
1 7 160 -148 128 0 0 1 1 0 0 0 1 0 3943b.dat
1 7 -160 -148 128 0 0 1 1 0 0 0 1 0 3943b.dat
0 STEP
1 1 0 -200 200 -1 0 0 0 1 0 0 0 -1 3035.dat
0 STEP
1 7 0 -48 -240 -1 0 0 0 1 0 0 0 -1 3940.dat
1 7 -180 -48 20 -1 0 0 0 1 0 0 0 -1 3940.dat
1 7 190 -48 20 -1 0 0 0 1 0 0 0 -1 3940.dat
1 7 60 -48 220 -1 0 0 0 1 0 0 0 -1 3940.dat
1 7 -60 -48 220 -1 0 0 0 1 0 0 0 -1 3940.dat
1 7 0 -48 120 -1 0 0 0 1 0 0 0 -1 3943b.dat
1 7 0 -48 0 -1 0 0 0 1 0 0 0 -1 3943b.dat
1 7 0 -48 -160 -1 0 0 0 1 0 0 0 -1 3943b.dat
0 ROTSTEP 0 0 180 REL
1 7 -70 -176 150 -1 0 0 0 1 0 0 0 -1 3957a.dat
1 7 70 -176 150 -1 0 0 0 1 0 0 0 -1 3957a.dat
1 16 0 -109 -32 1 0 0 0 1 0 0 0 1 928 - Red Minifig1.ldr
0 ROTSTEP END

0 FILE 928 - Space Ship - Cargo Hatchway.ldr
0 Space Ship - Cargo Hatchway
0 Name: 928 - Space Ship - Cargo Hatchway.ldr
0 Author: Willy Tschager [Holly-Wood]
0 !LDRAW_ORG Model
0 !LICENSE Redistributable under CCAL version 2.0 : see CAreadme.txt

0 !THEME Space / Classic Space
0 !KEYWORDS moon, astronaut, 1979
0 !HISTORY 2012-03-01 [Holly-Wood] Creation

1 7 0 0 0 -1 0 0 0 1 0 0 0 -1 314e.dat
0 STEP
1 7 0 -2 70 -1 0 0 0 1 0 0 0 -1 3958.dat


0 FILE 928 - Space Ship - Hatch Left.ldr
0 Space Ship - Hatch Left
0 Name: 928 - Space Ship - Hatch Left.ldr
0 Author: Willy Tschager [Holly-Wood]
0 !LDRAW_ORG Model
0 !LICENSE Redistributable under CCAL version 2.0 : see CAreadme.txt

0 !THEME Space / Classic Space
0 !KEYWORDS moon, astronaut, 1979
0 !HISTORY 2012-03-01 [Holly-Wood] Creation

1 1 10 44 -20 0 0 1 0 1 0 -1 0 0 3023.dat
1 1 10 44 -70 0 0 1 0 1 0 -1 0 0 3623.dat
1 1 40 44 -110 -1 0 0 0 1 0 0 0 -1 3710.dat
0 STEP
1 1 50 36 -110 -1 0 0 0 1 0 0 0 -1 3623.dat
1 1 10 36 -60 0 0 -1 0 1 0 1 0 0 3666.dat
0 STEP
1 1 20 12 -110 1 0 0 0 1 0 0 0 1 3660.dat
1 1 60 12 -110 1 0 0 0 1 0 0 0 1 3660.dat
1 1 10 12 -70 0 0 1 0 1 0 -1 0 0 3622.dat
1 1 0 12 0 0 0 1 0 1 0 -1 0 0 3830.dat
0 STEP
1 1 50 -12 -110 1 0 0 0 1 0 0 0 1 3622.dat
1 1 40 -12 -130 1 0 0 0 1 0 0 0 1 3010.dat
1 1 10 -12 -40 0 0 1 0 1 0 -1 0 0 3010p04.dat
1 1 10 -12 -100 0 0 1 0 1 0 -1 0 0 3004p20.dat
0 STEP
1 1 10 -36 -70 0 0 1 0 1 0 -1 0 0 3622.dat
1 1 40 -36 -120 -1 0 0 0 1 0 0 0 -1 3001.dat
1 1 0 -36 0 0 0 1 0 1 0 -1 0 0 3830.dat
0 STEP
1 1 40 -44 -130 -1 0 0 0 1 0 0 0 -1 3710.dat
1 1 40 -44 -60 0 0 -1 0 1 0 1 0 0 3032.dat
0 STEP
1 1 40 -68 -10 1 0 0 0 1 0 0 0 1 3010.dat
1 7 -10 -52 -50 0 0 1 0 1 0 -1 0 0 3963.dat
1 34 10 -60 -50 0 0 1 0 1 0 -1 0 0 3024.dat
1 1 40 -52 -90 -1 0 0 0 1 0 0 0 -1 3710.dat
1 1 60 -52 -120 -1 0 0 0 1 0 0 0 -1 3022.dat
1 1 20 -24 -140 1 0 0 0 0 1 0 -1 0 3956.dat
0 STEP
1 1 20 -100 -140 -1 0 0 0 1 0 0 0 -1 3479.dat
1 1 60 -100 -140 -1 0 0 0 1 0 0 0 -1 3479.dat
1 7 20 -24 -148 -1 0 0 0 0 -1 0 -1 0 3943b.dat
0 STEP
1 1 20 -108 -140 -1 0 0 0 1 0 0 0 -1 3795.dat
1 1 80 -116 -150 -1 0 0 0 1 0 0 0 -1 3069b.dat


0 FILE 928 - Space Ship - Hatch Right.ldr
0 Space Ship - Hatch Right
0 Name: 928 - Space Ship - Hatch Right.ldr
0 Author: Willy Tschager [Holly-Wood]
0 !LDRAW_ORG Model
0 !LICENSE Redistributable under CCAL version 2.0 : see CAreadme.txt

0 !THEME Space / Classic Space
0 !KEYWORDS moon, astronaut, 1979
0 !HISTORY 2012-03-01 [Holly-Wood] Creation

1 1 -10 44 -20 0 0 1 0 1 0 -1 0 0 3023.dat
1 1 -10 44 -70 0 0 1 0 1 0 -1 0 0 3623.dat
1 1 -40 44 -110 -1 0 0 0 1 0 0 0 -1 3710.dat
0 STEP
1 1 -50 36 -110 -1 0 0 0 1 0 0 0 -1 3623.dat
1 1 -10 36 -60 0 0 -1 0 1 0 1 0 0 3666.dat
0 STEP
1 1 -60 12 -110 1 0 0 0 1 0 0 0 1 3660.dat
1 1 -20 12 -110 1 0 0 0 1 0 0 0 1 3660.dat
1 1 -10 12 -70 0 0 1 0 1 0 -1 0 0 3622.dat
1 1 0 12 0 0 0 -1 0 1 0 1 0 0 3831.dat
0 STEP
1 1 -50 -12 -110 1 0 0 0 1 0 0 0 1 3622.dat
1 1 -40 -12 -130 1 0 0 0 1 0 0 0 1 3010.dat
1 1 -10 -12 -40 0 0 -1 0 1 0 1 0 0 3010p04.dat
1 1 -10 -12 -100 0 0 -1 0 1 0 1 0 0 3004p20.dat
0 STEP
1 1 0 -36 0 0 0 -1 0 1 0 1 0 0 3831.dat
0 STEP
1 1 -10 -36 -70 0 0 -1 0 1 0 1 0 0 3622.dat
1 1 -40 -36 -120 1 0 0 0 1 0 0 0 1 3001.dat
0 STEP
1 1 -40 -44 -60 0 0 1 0 1 0 -1 0 0 3032.dat
1 1 -40 -44 -130 -1 0 0 0 1 0 0 0 -1 3710.dat
0 STEP
1 1 -40 -68 -10 1 0 0 0 1 0 0 0 1 3010.dat
1 7 10 -52 -50 0 0 -1 0 1 0 1 0 0 3963.dat
1 34 -10 -60 -50 0 0 1 0 1 0 -1 0 0 3024.dat
1 1 -40 -52 -90 -1 0 0 0 1 0 0 0 -1 3710.dat
1 1 -60 -52 -120 -1 0 0 0 1 0 0 0 -1 3022.dat
1 1 -20 -24 -140 1 0 0 0 0 1 0 -1 0 3956.dat
0 STEP
1 1 -60 -100 -140 -1 0 0 0 1 0 0 0 -1 3479.dat
1 1 -20 -100 -140 -1 0 0 0 1 0 0 0 -1 3479.dat
1 7 -20 -24 -148 -1 0 0 0 0 -1 0 -1 0 3943b.dat
0 STEP
1 1 -20 -108 -140 -1 0 0 0 1 0 0 0 -1 3795.dat


0 FILE 928 - Space Ship - Cockpit hatch.ldr
0 Space Ship - Cockpit hatch
0 Name: 928 - Space Ship - Cockpit hatch.ldr
0 Author: Willy Tschager [Holly-Wood]
0 !LDRAW_ORG Model
0 !LICENSE Redistributable under CCAL version 2.0 : see CAreadme.txt

0 !THEME Space / Classic Space
0 !KEYWORDS moon, astronaut, 1979
0 !HISTORY 2012-03-01 [Holly-Wood] Creation

1 1 -20 -10 0 1 0 0 0 1 0 0 0 1 3938.dat
1 1 20 -10 0 1 0 0 0 1 0 0 0 1 3938.dat
0 STEP
1 46 0 -18 70 0 0 1 0 1 0 -1 0 0 3030.dat


0 FILE 928 - Base.ldr
0 Base
0 Name: 928 - Base.ldr
0 Author: Willy Tschager [Holly-Wood]
0 !LDRAW_ORG Model
0 !LICENSE Redistributable under CCAL version 2.0 : see CAreadme.txt

0 !THEME Space / Classic Space
0 !KEYWORDS moon, astronaut, 1979
0 !HISTORY 2012-03-01 [Holly-Wood] Creation

1 7 0 0 -320 -1 0 0 0 1 0 0 0 -1 3947.dat
1 1 70 -24 -270 0 0 -1 0 1 0 1 0 0 3040b.dat
1 1 70 -24 -330 0 0 -1 0 1 0 1 0 0 3040b.dat
1 1 50 -48 -330 0 0 -1 0 1 0 1 0 0 3040b.dat
1 1 50 -24 -280 0 0 1 0 1 0 -1 0 0 3660.dat
1 1 50 -24 -320 0 0 1 0 1 0 -1 0 0 3660.dat
1 1 60 -48 -360 1 0 0 0 1 0 0 0 1 3479.dat
0 STEP
1 1 -60 -48 -360 1 0 0 0 1 0 0 0 1 3479.dat
1 7 0 -56 -360 1 0 0 0 1 0 0 0 1 3034.dat
1 1 50 -48 -270 0 0 -1 0 1 0 1 0 0 3040b.dat
1 1 30 -48 -330 0 0 1 0 1 0 -1 0 0 3665.dat
1 1 30 -48 -270 0 0 1 0 1 0 -1 0 0 3665.dat
1 1 30 -48 -300 0 0 1 0 1 0 -1 0 0 3660.dat
0 STEP
1 1 60 -48 -240 -1 0 0 0 1 0 0 0 -1 3479.dat
1 1 -60 -48 -240 -1 0 0 0 1 0 0 0 -1 3479.dat
1 1 20 -56 -300 0 0 -1 0 1 0 1 0 0 3020.dat
1 7 0 -56 -240 1 0 0 0 1 0 0 0 1 3034.dat
0 STEP
1 1 0 -64 -300 0 0 1 0 1 0 -1 0 0 3032.dat
1 1 10 -88 -250 -1 0 0 0 1 0 0 0 -1 3622.dat
1 1 10 -88 -350 -1 0 0 0 1 0 0 0 -1 3622.dat
1 1 -10 -88 -300 0 0 -1 0 1 0 1 0 0 3010p04.dat
1 1 -30 -88 -300 0 0 -1 0 1 0 1 0 0 3009.dat
0 STEP
1 1 0 -112 -350 1 0 0 0 1 0 0 0 1 3010.dat
1 1 0 -136 -350 1 0 0 0 1 0 0 0 1 3010.dat
1 1 -30 -112 -320 0 0 -1 0 1 0 1 0 0 3039p34.dat
1 1 -30 -112 -280 0 0 -1 0 1 0 1 0 0 3039p23.dat
1 46 -30 -136 -300 0 0 -1 0 1 0 1 0 0 3066.dat
0 STEP
1 46 -30 -160 -300 0 0 -1 0 1 0 1 0 0 3066.dat
1 1 0 -112 -250 1 0 0 0 1 0 0 0 1 3010.dat
1 1 0 -136 -250 1 0 0 0 1 0 0 0 1 3010.dat
1 1 30 -160 -350 1 0 0 0 1 0 0 0 1 3005.dat
1 1 -30 -160 -350 1 0 0 0 1 0 0 0 1 3005.dat
1 1 30 -160 -250 1 0 0 0 1 0 0 0 1 3005.dat
1 1 -30 -160 -250 1 0 0 0 1 0 0 0 1 3005.dat
1 1 0 -160 -350 1 0 0 0 1 0 0 0 1 3004p90.dat
1 1 0 -160 -250 -1 0 0 0 1 0 0 0 -1 3004p90.dat
0 STEP
1 1 0 -184 -350 -1 0 0 0 1 0 0 0 -1 3010.dat
1 1 0 -184 -250 -1 0 0 0 1 0 0 0 -1 3010.dat
1 46 -30 -184 -300 0 0 -1 0 1 0 1 0 0 3066.dat
0 STEP
1 1 0 -192 -300 0 0 -1 0 1 0 1 0 0 3032.dat
1 7 30 -216 -330 -0.5 0 -0.866025 0 1 0 0.866025 0 -0.5 3144.dat
1 36 20 -216 -260 0 0 -1 0 1 0 1 0 0 3062b.dat
1 7 -60 -64 -240 -1 0 0 0 1 0 0 0 -1 3956.dat
1 7 -60 -144 -220 0 0 -1 1 0 0 0 -1 0 3034.dat
0 STEP
1 7 -60 -204 -212 0 0 -1 1 0 0 0 -1 0 3832.dat
0 STEP
1 7 -60 -304 -220 0 0 -1 1 0 0 0 -1 0 3034.dat
1 7 -60 -314 -212 1 0 0 0 0 1 0 -1 0 3460.dat
0 STEP
1 7 -60 -344 -212 1 0 0 0 0 1 0 -1 0 3022.dat
1 7 -60 -374 -212 1 0 0 0 0 1 0 -1 0 3839a.dat
0 STEP
1 7 -60 -364 -228 1 0 0 0 0 1 0 -1 0 3961.dat
1 34 -60 -364 -236 1 0 0 0 0 1 0 -1 0 3062b.dat
0 STEP
1 7 0 0 320 -1 0 0 0 1 0 0 0 -1 6099p05.dat
1 7 300 -8 0 -1 0 0 0 1 0 0 0 -1 3022.dat
1 7 -300 -8 0 -1 0 0 0 1 0 0 0 -1 3022.dat
1 36 150 -24 50 -1 0 0 0 1 0 0 0 -1 3062b.dat
1 36 210 -24 110 -1 0 0 0 1 0 0 0 -1 3062b.dat
1 36 270 -24 170 -1 0 0 0 1 0 0 0 -1 3062b.dat
1 36 270 -24 470 -1 0 0 0 1 0 0 0 -1 3062b.dat
1 36 210 -24 530 -1 0 0 0 1 0 0 0 -1 3062b.dat
1 36 150 -24 590 -1 0 0 0 1 0 0 0 -1 3062b.dat
1 36 -150 -24 590 -1 0 0 0 1 0 0 0 -1 3062b.dat
1 36 -210 -24 530 -1 0 0 0 1 0 0 0 -1 3062b.dat
1 36 -270 -24 470 -1 0 0 0 1 0 0 0 -1 3062b.dat
1 36 -270 -24 170 -1 0 0 0 1 0 0 0 -1 3062b.dat
1 36 -210 -24 110 -1 0 0 0 1 0 0 0 -1 3062b.dat
1 36 -150 -24 50 -1 0 0 0 1 0 0 0 -1 3062b.dat


0 FILE 928 - Space Buggy.ldr
0 Space Buggy
0 Name: 928 - Space Buggy.ldr
0 Author: Willy Tschager [Holly-Wood]
0 !LDRAW_ORG Model
0 !LICENSE Redistributable under CCAL version 2.0 : see CAreadme.txt

0 !THEME Space / Classic Space
0 !KEYWORDS moon, astronaut, 1979
0 !HISTORY 2012-03-01 [Holly-Wood] Creation

1 7 0 -32 0 0 0 1 0 1 0 -1 0 0 3795.dat
0 STEP
1 7 0 -24 40 -1 0 0 0 1 0 0 0 -1 122c01.dat
1 7 0 -24 -40 -1 0 0 0 1 0 0 0 -1 122c01.dat
1 256 30 -18 -40 0 0 -1 0 1 0 1 0 0 3641.dat
1 256 -30 -18 -40 0 0 -1 0 1 0 1 0 0 3641.dat
1 256 -30 -18 40 0 0 -1 0 1 0 1 0 0 3641.dat
1 256 30 -18 40 0 0 -1 0 1 0 1 0 0 3641.dat
1 7 0 -24 0 -1 0 0 0 1 0 0 0 -1 3020.dat
0 ROTSTEP 0 0 180 REL
1 7 0 -56 50 1 0 0 0 1 0 0 0 1 3039.dat
1 7 0 -40 -30 1 0 0 0 1 0 0 0 1 3829c01.dat
1 7 0 -40 -50 1 0 0 0 1 0 0 0 1 3794a.dat
0 ROTSTEP END
1 7 0 -40 -50 -1 0 0 0 1 0 0 0 -1 3838.dat
1 7 0 -85 8 1 0 0 0 1 0 0 0 1 928 - White Minifig2.ldr

0 FILE 928 - Red Minifig1.ldr
0 Red Minifig1
0 Name: 928 - Red Minifig1.ldr
0 Author: Willy Tschager [Holly-Wood]
0 !LDRAW_ORG Model
0 !LICENSE Redistributable under CCAL version 2.0 : see CAreadme.txt

0 !THEME Space / Classic Space
0 !KEYWORDS moon, astronaut, 1979
0 !HISTORY 2012-03-01 [Holly-Wood] Creation

1 4 0 -27 0 1 0 0 0 1 0 0 0 1 3842a.dat
1 14 0 -27 0 1 0 0 0 1 0 0 0 1 3626bp01.dat
1 4 0 0 0 1 0 0 0 1 0 0 0 1 3838.dat
1 4 0 0 0 1 0 0 0 1 0 0 0 1 973p90.dat
1 4 0 32 0 1 0 0 0 1 0 0 0 1 3815.dat
1 4 -15.552 9 0 0.985 -0.120208 -0.120208 0.17 0.6965 0.6965 0 -0.707107 0.707107 3818.dat
1 4 15.552 9 0 0.985 0.120208 0.120208 -0.17 0.6965 0.6965 0 -0.707107 0.707107 3819.dat
1 4 -21.6886 13.9945 -20.5641 0.985 -0.169974 0 0.17 0.984851 0 0 0 0.999849 3820.dat
1 4 21.6886 13.9945 -20.5641 0.985 0.169974 0 -0.17 0.984851 0 0 0 0.999849 3820.dat
1 4 0 44 0 1 0 0 0 0 1 0 -1 0 3816.dat
1 4 0 44 0 1 0 0 0 0 1 0 -1 0 3817.dat

0 FILE 928 - White Minifig1.ldr
0 White Minifig1
0 Name: 928 - White Minifig1.ldr
0 Author: Willy Tschager [Holly-Wood]
0 !LDRAW_ORG Model
0 !LICENSE Redistributable under CCAL version 2.0 : see CAreadme.txt

0 !THEME Space / Classic Space
0 !KEYWORDS moon, astronaut, 1979
0 !HISTORY 2012-03-01 [Holly-Wood] Creation

1 15 0 -27 0 1 0 0 0 1 0 0 0 1 3842a.dat
1 14 0 -27 0 1 0 0 0 1 0 0 0 1 3626bp01.dat
1 15 0 0 0 1 0 0 0 1 0 0 0 1 3838.dat
1 15 0 0 0 1 0 0 0 1 0 0 0 1 973p90.dat
1 15 0 32 0 1 0 0 0 1 0 0 0 1 3815.dat
1 15 -15.552 9 0 0.985 -0.17 0 0.17 0.985 0 0 0 1 3818.dat
1 15 15.552 9 0 0.985 0.120208 0.120208 -0.17 0.6965 0.6965 0 -0.707107 0.707107 3819.dat
1 15 -23.8634 26.5956 -10.321 0.985 -0.12019 0.12019 0.17 0.696395 -0.696395 0 0.707 0.707 3820.dat
1 15 21.6886 13.9945 -20.5641 0.985 0.169974 0 -0.17 0.984851 0 0 0 0.999849 3820.dat
1 0 -24.8576 32.3562 -17.5409 0.14567 -0.0874983 -0.985 -0.844031 0.506976 -0.17 0.514696 0.856884 0 3962a.dat
1 15 0 44 0 1 0 0 0 1 0 0 0 1 3816.dat
1 15 0 44 0 1 0 0 0 1 0 0 0 1 3817.dat

0 FILE 928 - Red Minifig2.ldr
0 Red Minifig2
0 Name: 928 - Red Minifig2.ldr
0 Author: Willy Tschager [Holly-Wood]
0 !LDRAW_ORG Model
0 !LICENSE Redistributable under CCAL version 2.0 : see CAreadme.txt

0 !THEME Space / Classic Space
0 !KEYWORDS moon, astronaut, 1979
0 !HISTORY 2012-03-01 [Holly-Wood] Creation

1 4 0 -27 0 1 0 0 0 1 0 0 0 1 3842a.dat
1 14 0 -27 0 1 0 0 0 1 0 0 0 1 3626bp01.dat
1 4 0 0 0 1 0 0 0 1 0 0 0 1 3838.dat
1 4 0 0 0 1 0 0 0 1 0 0 0 1 973p90.dat
1 4 0 32 0 1 0 0 0 1 0 0 0 1 3815.dat
1 4 -15.552 9 0 0.985 -0.0439992 -0.164207 0.17 0.254937 0.951437 0 -0.965926 0.258819 3818.dat
1 4 15.552 9 0 0.985 0.120208 0.120208 -0.17 0.6965 0.6965 0 -0.707107 0.707107 3819.dat
1 4 -19.8047 3.07909 -20.793 0.985 -0.147202 -0.0849872 0.17 0.852906 0.492426 0 -0.499924 0.865895 3820.dat
1 4 21.6886 13.9945 -20.5641 0.985 0.169974 0 -0.17 0.984851 0 0 0 0.999849 3820.dat
1 0 -18.8764 -2.29923 -28.3107 -0.0468146 -0.163353 -0.985 0.27125 0.946486 -0.17 0.9609 -0.27538 0 3962a.dat
1 4 0 44 0 1 0 0 0 1 0 0 0 1 3816.dat
1 4 0 44 0 1 0 0 0 1 0 0 0 1 3817.dat

1 0 19.821 3.173 -33.087 0.985 0.165 -0.043 -0.17 0.953 -0.247 0 0.25 0.968 4006.dat
0 FILE 928 - White Minifig2.ldr
0 White Minifig2
0 Name: 928 - White Minifig2.ldr
0 Author: Willy Tschager [Holly-Wood]
0 !LDRAW_ORG Model
0 !LICENSE Redistributable under CCAL version 2.0 : see CAreadme.txt

0 !THEME Space / Classic Space
0 !KEYWORDS moon, astronaut, 1979
0 !HISTORY 2012-03-01 [Holly-Wood] Creation

1 15 0 -27 0 1 0 0 0 1 0 0 0 1 3842a.dat
1 14 0 -27 0 1 0 0 0 1 0 0 0 1 3626bp01.dat
1 15 0 0 0 1 0 0 0 1 0 0 0 1 3838.dat
1 15 0 0 0 1 0 0 0 1 0 0 0 1 973p90.dat
1 15 0 32 0 1 0 0 0 1 0 0 0 1 3815.dat
1 15 -15.552 9 0 0.985 -0.085 -0.147224 0.17 0.4925 0.853035 0 -0.866025 0.5 3818.dat
1 15 15.552 9 0 0.985 0.120208 0.120208 -0.17 0.6965 0.6965 0 -0.707107 0.707107 3819.dat
1 15 -20.7492 8.55162 -21.408 0.935126 0.350314 -0.0439926 -0.328422 0.908844 0.254898 0.12939 -0.22411 0.96578 3820.dat
1 15 21.6886 13.9945 -20.5641 0.985 0.169974 0 -0.17 0.984851 0 0 0 0.999849 3820.dat
1 7 -24.6323 -6.0049 -30.3123 0.943051 0.329158 0.0368705 -0.328175 0.943264 -0.0301338 -0.0446682 0.016332 0.998453 3959.dat
1 15 0 44 0 1 0 0 0 0 1 0 -1 0 3816.dat
1 15 0 44 0 1 0 0 0 0 1 0 -1 0 3817.dat

